30
taxon_1    0.0000000 2.5214822 1.0854884 3.4844941 2.7807916 1.0361289 2.5691176 1.1815189 9.0000000 9.0000000 1.2566833 9.0000000 1.2212108 1.1586745 9.0000000 1.1643207 9.0000000 1.1932075 1.1991208 9.0000000 1.1971445 1.2717917 9.0000000 1.2439711 1.1662123 5.1324010 1.1365054 9.0000000 9.0000000 9.0000000 
taxon_2    2.5214822 0.0000000 1.5901977 0.8659109 0.9349862 1.9249130 0.8787098 9.0000000 1.2131026 1.2110891 9.0000000 1.1873405 9.0000000 9.0000000 1.1310641 9.0000000 1.1530705 9.0000000 9.0000000 1.1365054 9.0000000 9.0000000 1.2460749 9.0000000 9.0000000 1.1220819 9.0000000 1.1873405 1.1853949 1.1419866 
taxon_3    1.0854884 1.5901977 0.0000000 1.5449253 1.6104692 0.7991733 1.4506837 1.2110891 9.0000000 9.0000000 1.1776629 3.2381161 1.1568019 1.1079306 5.6522725 1.2566833 9.0000000 1.1586745 1.1738266 9.0000000 1.2110891 1.1624339 9.0000000 1.1681086 1.2524219 3.7885924 1.1512118 9.0000000 9.0000000 9.0000000 
taxon_4    3.4844941 0.8659109 1.5449253 0.0000000 0.8287746 1.6104692 0.7596012 9.0000000 1.1815189 1.2110891 9.0000000 1.1549339 9.0000000 9.0000000 1.1310641 9.0000000 1.1132061 9.0000000 9.0000000 1.1912467 9.0000000 9.0000000 1.1568019 9.0000000 9.0000000 1.1568019 9.0000000 1.1873405 1.1549339 1.1853949 
taxon_5    2.7807916 0.9349862 1.6104692 0.8287746 0.0000000 0.2609634 0.1068639 9.0000000 1.1568019 1.2151214 9.0000000 1.1292590 9.0000000 5.6522725 1.1991208 9.0000000 1.0489771 9.0000000 9.0000000 1.1873405 9.0000000 9.0000000 1.1493577 4.0926915 9.0000000 1.1238698 9.0000000 1.2070784 1.1892910 1.1605519 
taxon_6    1.0361289 1.9249130 0.7991733 1.6104692 0.2609634 0.0000000 0.2910136 1.2070784 9.0000000 9.0000000 1.2011023 3.5728314 1.1346873 1.1167438 9.0000000 1.2460749 2.8856134 1.1757423 1.1912467 9.0000000 1.1681086 1.1719157 9.0000000 1.1512118 1.1853949 5.6522725 1.1605519 9.0000000 9.0000000 9.0000000 
taxon_7    2.5691176 0.8787098 1.4506837 0.7596012 0.1068639 0.2910136 0.0000000 9.0000000 1.1605519 1.2171457 9.0000000 1.1202983 4.8283096 3.9253341 1.1853949 9.0000000 1.0457444 9.0000000 9.0000000 1.1681086 9.0000000 9.0000000 1.1512118 9.0000000 9.0000000 1.1114434 9.0000000 1.1951734 1.1815189 1.1493577 
taxon_8    1.1815189 9.0000000 1.2110891 9.0000000 9.0000000 1.2070784 9.0000000 0.0000000 9.0000000 9.0000000 1.1681086 9.0000000 1.1738266 1.1256619 4.0926915 1.1549339 3.4439431 1.1493577 1.1719157 9.0000000 1.2151214 1.1624339 9.0000000 1.1681086 1.1167438 9.0000000 1.2696146 9.0000000 9.0000000 9.0000000 
taxon_9    9.0000000 1.2131026 9.0000000 1.1815189 1.1568019 9.0000000 1.1605519 9.0000000 0.0000000 0.9808895 1.9788931 0.8299833 2.2368653 2.2691283 1.0473590 9.0000000 1.0604027 3.2381161 9.0000000 1.1951734 9.0000000 9.0000000 1.1873405 9.0000000 9.0000000 1.0736773 9.0000000 1.1853949 1.1310641 1.1365054 
taxon_10   9.0000000 1.2110891 9.0000000 1.2110891 1.2151214 9.0000000 1.2171457 9.0000000 0.9808895 0.0000000 1.0571205 0.7933907 2.1909326 2.7972755 1.0034136 3.6212353 1.0854884 9.0000000 9.0000000 1.1274583 9.0000000 3.5728314 1.1167438 4.0926915 9.0000000 1.0095361 9.0000000 1.1202983 1.0837896 1.0313671 
taxon_11   1.2566833 9.0000000 1.1776629 9.0000000 9.0000000 1.2011023 9.0000000 1.1681086 1.9788931 1.0571205 0.0000000 1.3052296 0.9103490 0.9575867 2.0679303 1.1738266 3.6212353 1.1132061 1.1605519 9.0000000 1.1586745 1.1096849 3.4439431 1.1438226 1.1815189 2.4242241 1.2131026 3.6729799 2.6888402 2.8856134 
taxon_12   9.0000000 1.1873405 3.2381161 1.1549339 1.1292590 3.5728314 1.1202983 9.0000000 0.8299833 0.7933907 1.3052296 0.0000000 1.1438226 1.2294076 0.8336212 9.0000000 0.9476151 3.5273629 3.5728314 1.1643207 9.0000000 2.9046017 1.0620492 3.5273629 4.6125508 0.8851922 3.2687326 1.0282092 0.9913167 0.9335960 
taxon_13   1.2212108 9.0000000 1.1568019 9.0000000 9.0000000 1.1346873 4.8283096 1.1738266 2.2368653 2.1909326 0.9103490 1.1438226 0.0000000 0.8684533 2.4876421 1.2252980 3.1268011 1.1438226 1.1419866 9.0000000 1.1932075 1.1310641 5.1324010 1.1873405 1.1700098 2.7972755 1.1512118 9.0000000 3.7285608 3.3006523 
taxon_14   1.1586745 9.0000000 1.1079306 9.0000000 5.6522725 1.1167438 3.9253341 1.1256619 2.2691283 2.7972755 0.9575867 1.2294076 0.8684533 0.0000000 2.6605349 1.2151214 3.0075025 1.1202983 1.1568019 9.0000000 1.1971445 1.1757423 9.0000000 1.1549339 1.2397812 2.9240833 1.1568019 3.4054735 3.2087006 3.7285608 
taxon_15   9.0000000 1.1310641 5.6522725 1.1310641 1.1991208 9.0000000 1.1853949 4.0926915 1.0473590 1.0034136 2.0679303 0.8336212 2.4876421 2.6605349 0.0000000 3.2087006 0.7283242 2.2059331 2.4042229 0.9838539 3.4439431 2.2857957 0.9419760 3.4054735 2.7334077 0.6635940 2.8141298 0.8520798 0.8595924 0.7574018 
taxon_16   1.1643207 9.0000000 1.2566833 9.0000000 9.0000000 1.2460749 9.0000000 1.1549339 9.0000000 3.6212353 1.1738266 9.0000000 1.2252980 1.2151214 3.2087006 0.0000000 1.6898698 1.1220819 1.1202983 9.0000000 1.1643207 1.0736773 3.4054735 1.1932075 1.1346873 2.0492572 1.1256619 2.8670939 2.5691176 2.1067321 
taxon_17   9.0000000 1.1530705 9.0000000 1.1132061 1.0489771 2.8856134 1.0457444 3.4439431 1.0604027 1.0854884 3.6212353 0.9476151 3.1268011 3.0075025 0.7283242 1.6898698 0.0000000 1.9514175 2.0250615 0.9171118 2.4766930 2.0016221 0.9198342 2.6467731 2.4042229 0.5828315 2.7646621 0.8348377 0.8203678 0.6635940 
taxon_18   1.1932075 9.0000000 1.1586745 9.0000000 9.0000000 1.1757423 9.0000000 1.1493577 3.2381161 9.0000000 1.1132061 3.5273629 1.1438226 1.1202983 2.2059331 1.1220819 1.9514175 0.0000000 1.0425255 2.8490207 1.1328735 0.9883226 2.3028419 1.1026919 1.0957634 1.5543991 1.0703365 2.1762262 1.9407030 1.7701606 
taxon_19   1.1991208 9.0000000 1.1738266 9.0000000 9.0000000 1.1912467 9.0000000 1.1719157 9.0000000 9.0000000 1.1605519 3.5728314 1.1419866 1.1568019 2.4042229 1.1202983 2.0250615 1.0425255 0.0000000 1.2011023 0.9973408 0.9266835 1.8228138 1.0653532 1.0034136 1.6277909 1.1328735 2.2290118 2.0935739 1.7744099 
taxon_20   9.0000000 1.1365054 9.0000000 1.1912467 1.1873405 9.0000000 1.1681086 9.0000000 1.1951734 1.1274583 9.0000000 1.1643207 9.0000000 9.0000000 0.9838539 9.0000000 0.9171118 2.8490207 1.2011023 0.0000000 2.3472326 1.9354027 0.8471129 2.3028419 2.3751869 0.8108740 2.9440845 0.9823703 0.9076608 0.8838912 
taxon_21   1.1971445 9.0000000 1.2110891 9.0000000 9.0000000 1.1681086 9.0000000 1.2151214 9.0000000 9.0000000 1.1586745 9.0000000 1.1932075 1.1971445 3.4439431 1.1643207 2.4766930 1.1328735 0.9973408 2.3472326 0.0000000 0.8120542 1.4102791 1.1026919 0.9405728 2.0616541 1.2090811 2.7646621 2.4876421 2.2448019 
taxon_22   1.2717917 9.0000000 1.1624339 9.0000000 9.0000000 1.1719157 9.0000000 1.1624339 9.0000000 3.5728314 1.1096849 2.9046017 1.1310641 1.1757423 2.2857957 1.0736773 2.0016221 0.9883226 0.9266835 1.9354027 0.8120542 0.0000000 0.3952163 0.9823703 0.9294409 1.6455222 1.0571205 2.0370618 1.9788931 1.8048489 
taxon_23   9.0000000 1.2460749 9.0000000 1.1568019 1.1493577 9.0000000 1.1512118 9.0000000 1.1873405 1.1167438 3.4439431 1.0620492 5.1324010 9.0000000 0.9419760 3.4054735 0.9198342 2.3028419 1.8228138 0.8471129 1.4102791 0.3952163 0.0000000 2.0492572 1.7170049 0.7910901 2.9240833 0.9211990 0.8930456 0.8533267 
taxon_24   1.2439711 9.0000000 1.1681086 9.0000000 4.0926915 1.1512118 9.0000000 1.1681086 9.0000000 4.0926915 1.1438226 3.5273629 1.1873405 1.1549339 3.4054735 1.1932075 2.6467731 1.1026919 1.0653532 2.3028419 1.1026919 0.9823703 2.0492572 0.0000000 0.9676927 2.2059331 1.0957634 2.9046017 2.8490207 2.9646337 
taxon_25   1.1662123 9.0000000 1.2524219 9.0000000 9.0000000 1.1853949 9.0000000 1.1167438 9.0000000 9.0000000 1.1815189 4.6125508 1.1700098 1.2397812 2.7334077 1.1346873 2.4042229 1.0957634 1.0034136 2.3751869 0.9405728 0.9294409 1.7170049 0.9676927 0.0000000 1.9622873 1.1079306 2.5449211 2.1983953 2.1689798 
taxon_26   5.1324010 1.1220819 3.7885924 1.1568019 1.1238698 5.6522725 1.1114434 9.0000000 1.0736773 1.0095361 2.4242241 0.8851922 2.7972755 2.9240833 0.6635940 2.0492572 0.5828315 1.5543991 1.6277909 0.8108740 2.0616541 1.6455222 0.7910901 2.2059331 1.9622873 0.0000000 1.5737135 0.4981769 0.4327241 0.3247814 
taxon_27   1.1365054 9.0000000 1.1512118 9.0000000 9.0000000 1.1605519 9.0000000 1.2696146 9.0000000 9.0000000 1.2131026 3.2687326 1.1512118 1.1568019 2.8141298 1.1256619 2.7646621 1.0703365 1.1328735 2.9440845 1.2090811 1.0571205 2.9240833 1.0957634 1.1079306 1.5737135 0.0000000 0.9735293 1.6898698 1.5672199 
taxon_28   9.0000000 1.1873405 9.0000000 1.1873405 1.2070784 9.0000000 1.1951734 9.0000000 1.1853949 1.1202983 3.6729799 1.0282092 9.0000000 3.4054735 0.8520798 2.8670939 0.8348377 2.1762262 2.2290118 0.9823703 2.7646621 2.0370618 0.9211990 2.9046017 2.5449211 0.4981769 0.9735293 0.0000000 0.5915831 0.5122986 
taxon_29   9.0000000 1.1853949 9.0000000 1.1549339 1.1892910 9.0000000 1.1815189 9.0000000 1.1310641 1.0837896 2.6888402 0.9913167 3.7285608 3.2087006 0.8595924 2.5691176 0.8203678 1.9407030 2.0935739 0.9076608 2.4876421 1.9788931 0.8930456 2.8490207 2.1983953 0.4327241 1.6898698 0.5915831 0.0000000 0.3168059 
taxon_30   9.0000000 1.1419866 9.0000000 1.1853949 1.1605519 9.0000000 1.1493577 9.0000000 1.1365054 1.0313671 2.8856134 0.9335960 3.3006523 3.7285608 0.7574018 2.1067321 0.6635940 1.7701606 1.7744099 0.8838912 2.2448019 1.8048489 0.8533267 2.9646337 2.1689798 0.3247814 1.5672199 0.5122986 0.3168059 0.0000000 
