30
taxon_1    0.0000000 1.0045581 2.1890784 2.0088685 2.9857619 2.2774157 2.8401449 9.0000000 9.0000000 3.0707584 4.0254827 3.2765861 9.0000000 3.3171365 9.0000000 9.0000000 9.0000000 9.0000000 4.1410957 9.0000000 3.5056223 9.0000000 9.0000000 3.1332946 2.9340173 3.8369969 3.3600053 2.3895645 9.0000000 9.0000000 
taxon_2    1.0045581 0.0000000 1.8342645 1.8577039 3.1666335 1.9527676 2.5973046 9.0000000 9.0000000 9.0000000 3.9253341 2.9857619 9.0000000 9.0000000 9.0000000 9.0000000 9.0000000 9.0000000 9.0000000 9.0000000 9.0000000 9.0000000 9.0000000 2.7182557 3.0707584 2.8856134 2.4794154 2.4794154 3.2765861 9.0000000 
taxon_3    2.1890784 1.8342645 0.0000000 1.8115354 9.0000000 2.5815145 2.8856134 5.4849153 9.0000000 5.4849153 3.7579765 9.0000000 2.7567257 9.0000000 9.0000000 3.8369969 3.3600053 9.0000000 9.0000000 9.0000000 3.2381161 4.0254827 3.2381161 2.2985439 2.4931773 2.6467731 2.3775642 2.2173837 3.0707584 4.1410957 
taxon_4    2.0088685 1.8577039 1.8115354 0.0000000 3.8369969 2.8184042 3.2015235 9.0000000 9.0000000 3.3600053 3.3171365 9.0000000 9.0000000 9.0000000 9.0000000 9.0000000 9.0000000 3.6864938 3.1332946 3.2381161 9.0000000 4.6609561 9.0000000 2.7567257 3.2015235 2.8184042 3.6864938 2.7182557 2.8401449 3.4054737 
taxon_5    2.9857619 3.1666335 9.0000000 3.8369969 0.0000000 1.7319556 4.0254827 9.0000000 5.4849153 4.6609561 9.0000000 3.5056223 9.0000000 9.0000000 3.0130376 3.2381161 3.2765861 3.7579765 9.0000000 9.0000000 9.0000000 9.0000000 9.0000000 3.2765861 3.1013749 9.0000000 3.4538776 2.8184042 2.8856134 2.8401449 
taxon_6    2.2774157 1.9527676 2.5815145 2.8184042 1.7319556 0.0000000 1.9527676 2.9594434 9.0000000 3.4054737 2.8856134 5.4849153 9.0000000 4.4451945 9.0000000 9.0000000 3.9253341 2.9340173 3.4054737 2.9594434 3.4538776 9.0000000 9.0000000 2.0310377 1.9262162 1.8115354 1.5417938 1.2972931 1.8880724 2.5071964 
taxon_7    2.8401449 2.5973046 2.8856134 3.2015235 4.0254827 1.9527676 0.0000000 2.4267622 2.2078294 2.3657530 2.6467731 2.5660501 2.4931773 9.0000000 3.6212353 2.7372441 2.6816631 3.1666335 2.6997362 2.5071964 2.4794154 2.2078294 2.5214825 1.3231082 1.1378720 1.1681086 0.9079963 0.6686986 1.9132848 2.9857619 
taxon_8    9.0000000 9.0000000 5.4849153 9.0000000 9.0000000 2.9594434 2.4267622 0.0000000 3.3600053 2.1269127 2.4931773 3.5056223 3.2015235 3.5056223 3.9253341 9.0000000 4.9650549 9.0000000 2.7972761 3.3600053 3.6864938 2.6997362 2.3093354 2.0310377 1.7523650 2.8625346 2.5071964 2.1707848 3.4538776 3.3171365 
taxon_9    9.0000000 9.0000000 9.0000000 9.0000000 5.4849153 9.0000000 2.2078294 3.3600053 0.0000000 2.9340173 2.5071964 3.2015235 2.5973046 9.0000000 9.0000000 3.8369969 4.2778369 2.5214825 2.6816631 2.3093354 3.1013749 2.3895645 2.4267622 2.1707848 2.1269127 2.7972761 2.1983953 2.1983953 9.0000000 9.0000000 
taxon_10   3.0707584 9.0000000 5.4849153 3.3600053 4.6609561 3.4054737 2.3657530 2.1269127 2.9340173 0.0000000 1.2481846 1.1776629 1.6330665 2.2774157 2.7972761 1.9802937 1.7120868 2.0088685 1.8577039 1.6975233 2.1100580 1.8818995 1.8228138 1.6975233 1.4963253 2.0695076 1.9802937 1.8059592 4.9650549 3.3600053 
taxon_11   4.0254827 3.9253341 3.7579765 3.3171365 9.0000000 2.8856134 2.6467731 2.4931773 2.5071964 1.2481846 0.0000000 1.5149367 2.4526268 2.8625346 2.5815145 2.7182557 2.7182557 2.2985439 2.1890784 3.1666335 2.7182557 3.3171365 2.9094249 2.1798759 2.2568665 2.4526268 2.4141569 2.4141569 9.0000000 3.7579765 
taxon_12   3.2765861 2.9857619 9.0000000 9.0000000 3.5056223 5.4849153 2.5660501 3.5056223 3.2015235 1.1776629 1.5149367 0.0000000 2.2879054 9.0000000 9.0000000 2.7182557 2.8625346 2.3895645 2.2670707 2.4267622 2.8184042 3.1013749 2.6997362 2.0935739 2.0310377 2.5660501 2.4931773 2.3657530 9.0000000 9.0000000 
taxon_13   9.0000000 9.0000000 2.7567257 9.0000000 9.0000000 9.0000000 2.4931773 3.2015235 2.5973046 1.6330665 2.4526268 2.2879054 0.0000000 1.3468256 1.2860988 0.7887965 0.5802258 1.5656053 1.4890082 1.1447423 1.7472103 1.1946815 1.1728706 1.7786835 1.5037145 2.2270612 1.9327665 1.7733454 4.1410957 3.4538776 
taxon_14   3.3171365 9.0000000 9.0000000 9.0000000 9.0000000 4.4451945 9.0000000 3.5056223 9.0000000 2.2774157 2.8625346 9.0000000 1.3468256 0.0000000 2.2270612 1.4781646 1.3115250 2.8401449 3.4538776 2.0385754 2.7972761 2.0461897 2.3541248 2.9094249 2.5360461 2.8856134 3.9253341 3.2765861 4.9650549 9.0000000 
taxon_15   9.0000000 9.0000000 9.0000000 9.0000000 3.0130376 9.0000000 3.6212353 3.9253341 9.0000000 2.7972761 2.5815145 9.0000000 1.2860988 2.2270612 0.0000000 0.5944494 0.6748211 2.1983953 2.1890784 1.9132848 2.1441548 2.0385754 1.9664044 3.1666335 3.0413429 4.9650549 9.0000000 5.4849153 3.7579765 2.8856134 
taxon_16   9.0000000 9.0000000 3.8369969 9.0000000 3.2381161 9.0000000 2.7372441 9.0000000 3.8369969 1.9802937 2.7182557 2.7182557 0.7887965 1.4781646 0.5944494 0.0000000 0.2271814 1.8942965 1.6879690 1.3775676 1.8517750 1.5615838 1.5536050 2.0616541 2.0161857 2.9340173 2.9594434 2.4794154 9.0000000 3.4054737 
taxon_17   9.0000000 9.0000000 3.3600053 9.0000000 3.2765861 3.9253341 2.6816631 4.9650549 4.2778369 1.7120868 2.7182557 2.8625346 0.5802258 1.3115250 0.6748211 0.2271814 0.0000000 1.7072008 1.5737135 1.2805637 1.6156238 1.3468256 1.3528740 1.9132848 1.7319556 2.4267622 2.4267622 2.2368653 9.0000000 4.0254827 
taxon_18   9.0000000 9.0000000 9.0000000 3.6864938 3.7579765 2.9340173 3.1666335 9.0000000 2.5214825 2.0088685 2.2985439 2.3895645 1.5656053 2.8401449 2.1983953 1.8942965 1.7072008 0.0000000 0.6078228 1.6464199 2.0616541 1.8228138 1.7170049 2.3657530 2.1890784 3.1332946 2.5508980 2.3895645 3.3600053 3.5056223 
taxon_19   4.1410957 9.0000000 9.0000000 3.1332946 9.0000000 3.4054737 2.6997362 2.7972761 2.6816631 1.8577039 2.1890784 2.2670707 1.4890082 3.4538776 2.1890784 1.6879690 1.5737135 0.6078228 0.0000000 1.5263293 2.1017707 1.5074366 1.4604333 2.0616541 1.9664044 2.6467731 2.2368653 2.1354842 3.2381161 9.0000000 
taxon_20   9.0000000 9.0000000 9.0000000 3.2381161 9.0000000 2.9594434 2.5071964 3.3600053 2.3093354 1.6975233 3.1666335 2.4267622 1.1447423 2.0385754 1.9132848 1.3775676 1.2805637 1.6464199 1.5263293 0.0000000 1.6113258 1.0850642 1.0219334 1.6975233 1.5696484 2.1983953 2.1529268 1.8577039 4.6609561 9.0000000 
taxon_21   3.5056223 9.0000000 3.2381161 9.0000000 9.0000000 3.4538776 2.4794154 3.6864938 3.1013749 2.1100580 2.7182557 2.8184042 1.7472103 2.7972761 2.1441548 1.8517750 1.6156238 2.0616541 2.1017707 1.6113258 0.0000000 1.5656053 1.6554562 2.2774157 2.1890784 2.2467992 2.0385754 2.0088685 4.6609561 3.4538776 
taxon_22   9.0000000 9.0000000 4.0254827 4.6609561 9.0000000 9.0000000 2.2078294 2.6997362 2.3895645 1.8818995 3.3171365 3.1013749 1.1946815 2.0461897 2.0385754 1.5615838 1.3468256 1.8228138 1.5074366 1.0850642 1.5656053 0.0000000 0.3707222 1.7575553 1.5737135 2.0235749 1.9664044 1.8636800 3.2015235 9.0000000 
taxon_23   9.0000000 9.0000000 3.2381161 9.0000000 9.0000000 9.0000000 2.5214825 2.3093354 2.4267622 1.8228138 2.9094249 2.6997362 1.1728706 2.3541248 1.9664044 1.5536050 1.3528740 1.7170049 1.4604333 1.0219334 1.6554562 0.3707222 0.0000000 1.9527676 1.7219554 2.3093354 2.0935739 1.9132848 3.0130376 9.0000000 
taxon_24   3.1332946 2.7182557 2.2985439 2.7567257 3.2765861 2.0310377 1.3231082 2.0310377 2.1707848 1.6975233 2.1798759 2.0935739 1.7786835 2.9094249 3.1666335 2.0616541 1.9132848 2.3657530 2.0616541 1.6975233 2.2774157 1.7575553 1.9527676 0.0000000 0.3797933 1.0745156 0.8391112 0.6735926 2.2670707 2.7372441 
taxon_25   2.9340173 3.0707584 2.4931773 3.2015235 3.1013749 1.9262162 1.1378720 1.7523650 2.1269127 1.4963253 2.2568665 2.0310377 1.5037145 2.5360461 3.0413429 2.0161857 1.7319556 2.1890784 1.9664044 1.5696484 2.1890784 1.5737135 1.7219554 0.3797933 0.0000000 0.9013148 0.6638363 0.5119028 2.0235749 2.2985439 
taxon_26   3.8369969 2.8856134 2.6467731 2.8184042 9.0000000 1.8115354 1.1681086 2.8625346 2.7972761 2.0695076 2.4526268 2.5660501 2.2270612 2.8856134 4.9650549 2.9340173 2.4267622 3.1332946 2.6467731 2.1983953 2.2467992 2.0235749 2.3093354 1.0745156 0.9013148 0.0000000 0.3906570 0.5138843 1.7894750 2.4267622 
taxon_27   3.3600053 2.4794154 2.3775642 3.6864938 3.4538776 1.5417938 0.9079963 2.5071964 2.1983953 1.9802937 2.4141569 2.4931773 1.9327665 3.9253341 9.0000000 2.9594434 2.4267622 2.5508980 2.2368653 2.1529268 2.0385754 1.9664044 2.0935739 0.8391112 0.6638363 0.3906570 0.0000000 0.2739625 1.5417938 2.1017707 
taxon_28   2.3895645 2.4794154 2.2173837 2.7182557 2.8184042 1.2972931 0.6686986 2.1707848 2.1983953 1.8059592 2.4141569 2.3657530 1.7733454 3.2765861 5.4849153 2.4794154 2.2368653 2.3895645 2.1354842 1.8577039 2.0088685 1.8636800 1.9132848 0.6735926 0.5119028 0.5138843 0.2739625 0.0000000 1.3934245 1.9733169 
taxon_29   9.0000000 3.2765861 3.0707584 2.8401449 2.8856134 1.8880724 1.9132848 3.4538776 9.0000000 4.9650549 9.0000000 9.0000000 4.1410957 4.9650549 3.7579765 9.0000000 9.0000000 3.3600053 3.2381161 4.6609561 4.6609561 3.2015235 3.0130376 2.2670707 2.0235749 1.7894750 1.5417938 1.3934245 0.0000000 1.5536050 
taxon_30   9.0000000 9.0000000 4.1410957 3.4054737 2.8401449 2.5071964 2.9857619 3.3171365 9.0000000 3.3600053 3.7579765 9.0000000 3.4538776 9.0000000 2.8856134 3.4054737 4.0254827 3.5056223 9.0000000 9.0000000 3.4538776 9.0000000 9.0000000 2.7372441 2.2985439 2.4267622 2.1017707 1.9733169 1.5536050 0.0000000 
