30
taxon_1    0.0000000 0.3530629 0.8659109 0.9590222 1.1061800 1.0992194 0.9988545 1.1643203 9.0000000 9.0000000 9.0000000 9.0000000 9.0000000 9.0000000 1.1681082 9.0000000 9.0000000 1.2849876 1.2418725 1.0957632 9.0000000 1.2212101 1.2011018 9.0000000 1.1757418 9.0000000 9.0000000 1.2376942 9.0000000 9.0000000 
taxon_2    0.3530629 0.0000000 0.5898245 0.9225664 1.1605515 1.0871917 0.9391722 1.1568015 9.0000000 9.0000000 9.0000000 9.0000000 9.0000000 9.0000000 1.2070779 9.0000000 9.0000000 1.2252973 1.2151208 1.0604031 9.0000000 1.2294069 1.1834540 9.0000000 1.1493573 9.0000000 9.0000000 1.2335391 9.0000000 9.0000000 
taxon_3    0.8659109 0.5898245 0.0000000 1.7960253 9.0000000 3.7285609 1.9460411 9.0000000 1.1096847 0.9988545 1.1167435 1.0489775 1.0049397 1.1009535 9.0000000 1.0957632 1.1643203 9.0000000 9.0000000 9.0000000 1.2460742 9.0000000 9.0000000 1.1401547 9.0000000 1.2070779 1.2696138 9.0000000 1.1932070 1.1568015 
taxon_4    0.9590222 0.9225664 1.7960253 0.0000000 0.8360562 0.8287746 0.6175558 1.0703370 9.0000000 3.1013747 9.0000000 3.1803946 2.1618025 9.0000000 1.1365051 9.0000000 9.0000000 1.1096847 1.1114431 0.8878008 9.0000000 1.2376942 1.2356138 9.0000000 1.1932070 9.0000000 9.0000000 1.1912462 9.0000000 9.0000000 
taxon_5    1.1061800 1.1605515 9.0000000 0.8360562 0.0000000 1.0703370 0.8722831 1.1493573 9.0000000 9.0000000 9.0000000 9.0000000 9.0000000 9.0000000 1.1530701 9.0000000 9.0000000 1.1167435 1.1238694 1.0620497 9.0000000 1.2588223 1.1719153 9.0000000 1.1475077 9.0000000 9.0000000 1.1757418 9.0000000 9.0000000 
taxon_6    1.0992194 1.0871917 3.7285609 0.8287746 1.0703370 0.0000000 0.4427625 1.1438222 9.0000000 9.0000000 9.0000000 9.0000000 9.0000000 9.0000000 1.1951729 9.0000000 9.0000000 1.1991203 1.1991203 1.0234973 9.0000000 1.2761640 1.1971440 9.0000000 1.1853944 9.0000000 9.0000000 1.2252973 9.0000000 9.0000000 
taxon_7    0.9988545 0.9391722 1.9460411 0.6175558 0.8722831 0.4427625 0.0000000 1.0787170 9.0000000 3.4054737 9.0000000 9.0000000 3.3006523 9.0000000 1.1456627 9.0000000 9.0000000 1.1951729 1.1624335 0.9561541 9.0000000 1.2481839 1.2070779 9.0000000 1.2110886 9.0000000 9.0000000 1.1853944 9.0000000 9.0000000 
taxon_8    1.1643203 1.1568015 9.0000000 1.0703370 1.1493573 1.1438222 1.0787170 0.0000000 0.4759700 0.8838912 9.0000000 3.3006523 2.2609310 9.0000000 1.2070779 9.0000000 9.0000000 1.1719153 1.1419862 1.0522242 9.0000000 1.1853944 1.1853944 9.0000000 1.2171451 9.0000000 9.0000000 1.2356138 9.0000000 9.0000000 
taxon_9    9.0000000 9.0000000 1.1096847 9.0000000 9.0000000 9.0000000 9.0000000 0.4759700 0.0000000 0.3524227 1.0409215 0.9405728 0.8508350 1.0906085 9.0000000 1.1026916 1.1873400 9.0000000 9.0000000 9.0000000 1.1892905 9.0000000 9.0000000 1.2524212 9.0000000 1.2273493 1.2030885 9.0000000 1.2191749 1.1795880 
taxon_10   9.0000000 9.0000000 0.9988545 3.1013747 9.0000000 9.0000000 3.4054737 0.8838912 0.3524227 0.0000000 0.9239363 0.8864954 0.7314999 1.1096847 9.0000000 1.0974893 1.1530701 9.0000000 9.0000000 2.4141569 1.1401547 9.0000000 9.0000000 1.2439704 9.0000000 1.2439704 1.1951729 9.0000000 1.2090805 1.2090805 
taxon_11   9.0000000 9.0000000 1.1167435 9.0000000 9.0000000 9.0000000 9.0000000 9.0000000 1.0409215 0.9239363 0.0000000 0.9662407 0.7830930 1.2050805 9.0000000 1.1738261 1.1185187 9.0000000 9.0000000 9.0000000 1.1951729 9.0000000 9.0000000 1.2191749 9.0000000 1.1438222 1.2171451 9.0000000 1.2212101 1.1951729 
taxon_12   9.0000000 9.0000000 1.0489775 3.1803946 9.0000000 9.0000000 9.0000000 3.3006523 0.9405728 0.8864954 0.9662407 0.0000000 0.5750415 1.1834540 9.0000000 1.1185187 1.1365051 9.0000000 9.0000000 9.0000000 1.2090805 9.0000000 9.0000000 1.1951729 9.0000000 1.1951729 1.2030885 9.0000000 1.2110886 1.1681082 
taxon_13   9.0000000 9.0000000 1.0049397 2.1618025 9.0000000 9.0000000 3.3006523 2.2609310 0.8508350 0.7314999 0.7830930 0.5750415 0.0000000 1.1438222 9.0000000 1.1079303 1.0871917 9.0000000 9.0000000 2.2774150 1.2314702 9.0000000 9.0000000 1.1719153 9.0000000 1.1624335 1.2070779 9.0000000 1.1853944 1.1346869 
taxon_14   9.0000000 9.0000000 1.1009535 9.0000000 9.0000000 9.0000000 9.0000000 9.0000000 1.0906085 1.1096847 1.2050805 1.1834540 1.1438222 0.0000000 9.0000000 0.9883227 0.9706054 9.0000000 9.0000000 4.0926915 1.1991203 9.0000000 9.0000000 1.2696138 9.0000000 1.2252973 1.2151208 9.0000000 1.2212101 1.2502995 
taxon_15   1.1681082 1.2070779 9.0000000 1.1365051 1.1530701 1.1951729 1.1456627 1.2070779 9.0000000 9.0000000 9.0000000 9.0000000 9.0000000 9.0000000 0.0000000 0.6932422 2.2528229 1.1873400 1.1643203 1.0587602 9.0000000 1.2739743 1.1401547 9.0000000 1.1681082 9.0000000 9.0000000 1.1493573 9.0000000 9.0000000 
taxon_16   9.0000000 9.0000000 1.0957632 9.0000000 9.0000000 9.0000000 9.0000000 9.0000000 1.1026916 1.0974893 1.1738261 1.1185187 1.1079303 0.9883227 0.6932422 0.0000000 0.7706961 9.0000000 9.0000000 3.2087005 1.1310637 9.0000000 9.0000000 1.2030885 9.0000000 1.1643203 1.1912462 9.0000000 1.1991203 1.1815185 
taxon_17   9.0000000 9.0000000 1.1643203 9.0000000 9.0000000 9.0000000 9.0000000 9.0000000 1.1873400 1.1530701 1.1185187 1.1365051 1.0871917 0.9706054 2.2528229 0.7706961 0.0000000 9.0000000 9.0000000 3.0298923 1.2439704 9.0000000 9.0000000 1.2171451 9.0000000 1.1624335 1.2439704 9.0000000 1.1912462 1.1834540 
taxon_18   1.2849876 1.2252973 9.0000000 1.1096847 1.1167435 1.1991203 1.1951729 1.1719153 9.0000000 9.0000000 9.0000000 9.0000000 9.0000000 9.0000000 1.1873400 9.0000000 9.0000000 0.0000000 1.1185187 0.9532969 9.0000000 1.2460742 1.2011018 9.0000000 1.1549335 9.0000000 9.0000000 1.2481839 9.0000000 9.0000000 
taxon_19   1.2418725 1.2151208 9.0000000 1.1114431 1.1238694 1.1991203 1.1624335 1.1419862 9.0000000 9.0000000 9.0000000 9.0000000 9.0000000 9.0000000 1.1643203 9.0000000 9.0000000 1.1185187 0.0000000 0.8227601 9.0000000 1.2439704 1.2151208 9.0000000 1.2131020 9.0000000 9.0000000 1.2524212 9.0000000 9.0000000 
taxon_20   1.0957632 1.0604031 9.0000000 0.8878008 1.0620497 1.0234973 0.9561541 1.0522242 9.0000000 2.4141569 9.0000000 9.0000000 2.2774150 4.0926915 1.0587602 3.2087005 3.0298923 0.9532969 0.8227601 0.0000000 9.0000000 1.2314702 1.1834540 9.0000000 1.2314702 9.0000000 9.0000000 1.2481839 9.0000000 9.0000000 
taxon_21   9.0000000 9.0000000 1.2460742 9.0000000 9.0000000 9.0000000 9.0000000 9.0000000 1.1892905 1.1401547 1.1951729 1.2090805 1.2314702 1.1991203 9.0000000 1.1310637 1.2439704 9.0000000 9.0000000 9.0000000 0.0000000 1.9145680 1.5480699 1.1383277 9.0000000 1.1238694 1.1586741 9.0000000 1.2070779 1.1167435 
taxon_22   1.2212101 1.2294069 9.0000000 1.2376942 1.2588223 1.2761640 1.2481839 1.1853944 9.0000000 9.0000000 9.0000000 9.0000000 9.0000000 9.0000000 1.2739743 9.0000000 9.0000000 1.2460742 1.2439704 1.2314702 1.9145680 0.0000000 0.9604603 9.0000000 1.1738261 9.0000000 9.0000000 1.1256616 9.0000000 9.0000000 
taxon_23   1.2011018 1.1834540 9.0000000 1.2356138 1.1719153 1.1971440 1.2070779 1.1853944 9.0000000 9.0000000 9.0000000 9.0000000 9.0000000 9.0000000 1.1401547 9.0000000 9.0000000 1.2011018 1.2151208 1.1834540 1.5480699 0.9604603 0.0000000 9.0000000 1.1493573 9.0000000 9.0000000 1.1624335 9.0000000 9.0000000 
taxon_24   9.0000000 9.0000000 1.1401547 9.0000000 9.0000000 9.0000000 9.0000000 9.0000000 1.2524212 1.2439704 1.2191749 1.1951729 1.1719153 1.2696138 9.0000000 1.2030885 1.2171451 9.0000000 9.0000000 9.0000000 1.1383277 9.0000000 9.0000000 0.0000000 1.9788931 0.7887965 0.8851921 1.7329629 1.0653536 0.5673315 
taxon_25   1.1757418 1.1493573 9.0000000 1.1932070 1.1475077 1.1853944 1.2110886 1.2171451 9.0000000 9.0000000 9.0000000 9.0000000 9.0000000 9.0000000 1.1681082 9.0000000 9.0000000 1.1549335 1.2131020 1.2314702 9.0000000 1.1738261 1.1493573 1.9788931 0.0000000 1.0095363 2.7488718 0.7876523 5.1324010 1.2030885 
taxon_26   9.0000000 9.0000000 1.2070779 9.0000000 9.0000000 9.0000000 9.0000000 9.0000000 1.2273493 1.2439704 1.1438222 1.1951729 1.1624335 1.2252973 9.0000000 1.1643203 1.1624335 9.0000000 9.0000000 9.0000000 1.1238694 9.0000000 9.0000000 0.7887965 1.0095363 0.0000000 0.9391722 1.8137776 1.0234973 0.5588568 
taxon_27   9.0000000 9.0000000 1.2696138 9.0000000 9.0000000 9.0000000 9.0000000 9.0000000 1.2030885 1.1951729 1.2171451 1.2030885 1.2070779 1.2151208 9.0000000 1.1912462 1.2439704 9.0000000 9.0000000 9.0000000 1.1586741 9.0000000 9.0000000 0.8851921 2.7488718 0.9391722 0.0000000 1.8182821 1.0871917 0.7167936 
taxon_28   1.2376942 1.2335391 9.0000000 1.1912462 1.1757418 1.2252973 1.1853944 1.2356138 9.0000000 9.0000000 9.0000000 9.0000000 9.0000000 9.0000000 1.1493573 9.0000000 9.0000000 1.2481839 1.2524212 1.2481839 9.0000000 1.1256616 1.1624335 1.7329629 0.7876523 1.8137776 1.8182821 0.0000000 3.4844941 1.0203723 
taxon_29   9.0000000 9.0000000 1.1932070 9.0000000 9.0000000 9.0000000 9.0000000 9.0000000 1.2191749 1.2090805 1.2212101 1.2110886 1.1853944 1.2212101 9.0000000 1.1991203 1.1912462 9.0000000 9.0000000 9.0000000 1.2070779 9.0000000 9.0000000 1.0653536 5.1324010 1.0234973 1.0871917 3.4844941 0.0000000 0.8108740 
taxon_30   9.0000000 9.0000000 1.1568015 9.0000000 9.0000000 9.0000000 9.0000000 9.0000000 1.1795880 1.2090805 1.1951729 1.1681082 1.1346869 1.2502995 9.0000000 1.1815185 1.1834540 9.0000000 9.0000000 9.0000000 1.1167435 9.0000000 9.0000000 0.5673315 1.2030885 0.5588568 0.7167936 1.0203723 0.8108740 0.0000000 
