30
taxon_1    0.0000000 9.0000000 3.2381161 9.0000000 2.3555328 2.5922619 2.8925047 2.8925047 2.6913067 4.0995807 2.5619547 3.1356844 2.3333090 3.1356844 2.1411827 3.4978229 2.3668966 2.5047842 2.9159441 2.9159441 3.3151067 9.0000000 9.0000000 4.2248737 2.6738640 3.6091383 9.0000000 6.0226461 2.5047842 3.4978229 
taxon_2    9.0000000 0.0000000 1.6582329 9.0000000 2.5047842 2.3224392 9.0000000 5.1992826 3.0455762 3.7399033 2.3443386 3.6716745 2.2311105 3.1356844 2.9159441 2.9159441 2.5769552 2.5047842 2.9159441 2.4264514 2.7091647 9.0000000 9.0000000 9.0000000 2.8477153 9.0000000 9.0000000 4.3753767 2.0165444 3.2381161 
taxon_3    3.2381161 1.6582329 0.0000000 9.0000000 2.3784352 2.4141561 9.0000000 3.6091383 2.5472484 2.6738640 2.0840900 3.0744259 2.2603350 3.1044299 2.1080281 2.8697757 2.8477153 2.5619547 2.5769552 2.6238455 2.6238455 3.1356844 3.3567840 3.3151067 2.9651421 3.4978229 9.0000000 9.0000000 2.1497055 3.6716745 
taxon_4    9.0000000 9.0000000 9.0000000 0.0000000 2.1670473 2.2122416 1.8441796 1.6994018 2.8925047 2.1327556 3.6091383 2.5922619 3.8149659 2.4516638 2.0685454 2.3784352 3.5514167 9.0000000 9.0000000 9.0000000 9.0000000 2.4141561 2.5769552 2.5922619 9.0000000 2.6238455 4.0995807 2.8054506 3.2023950 2.8477153 
taxon_5    2.3555328 2.5047842 2.3784352 2.1670473 0.0000000 0.1676624 1.1878157 0.9358012 2.5328249 4.5638625 2.3668966 4.3753767 2.3555328 3.0177952 2.8262852 3.3567840 2.5922619 2.6568179 2.4645960 2.8262852 2.7851790 4.8161872 9.0000000 9.0000000 9.0000000 9.0000000 3.2756239 9.0000000 2.3117248 3.2023950 
taxon_6    2.5922619 2.3224392 2.4141561 2.2122416 0.1676624 0.0000000 1.1262310 0.8583964 2.6078875 3.2756239 2.5047842 3.2023950 2.4389516 4.0995807 2.4911475 3.2381161 2.6913067 2.8262852 2.7851790 2.8925047 2.7851790 9.0000000 9.0000000 9.0000000 3.7399033 9.0000000 3.3151067 9.0000000 2.2504664 3.4478045 
taxon_7    2.8925047 9.0000000 9.0000000 1.8441796 1.1878157 1.1262310 0.0000000 0.6914985 3.8983851 2.5922619 4.8161872 2.1244222 2.6913067 2.2029823 1.9679163 2.2122416 9.0000000 9.0000000 9.0000000 9.0000000 9.0000000 3.1044299 2.4389516 2.5328249 3.2381161 2.6568179 2.3443386 2.4389516 2.5769552 2.1497055 
taxon_8    2.8925047 5.1992826 3.6091383 1.6994018 0.9358012 0.8583964 0.6914985 0.0000000 3.5514167 2.4264514 2.5619547 2.3224392 3.1044299 2.1327556 1.6717063 2.0310376 3.4978229 9.0000000 9.0000000 9.0000000 9.0000000 2.8697757 2.7462092 2.9401397 9.0000000 2.9651421 2.3901542 2.7091647 2.2029823 1.9350163 
taxon_9    2.6913067 3.0455762 2.5472484 2.8925047 2.5328249 2.6078875 3.8983851 3.5514167 0.0000000 0.8599301 2.6401505 2.9910067 2.0023259 2.6238455 2.2407260 2.9401397 3.4478045 3.3567840 2.8697757 2.5769552 3.6091383 9.0000000 9.0000000 3.4009143 2.8262852 9.0000000 4.0995807 4.2248737 2.1244222 3.3567840 
taxon_10   4.0995807 3.7399033 2.6738640 2.1327556 4.5638625 3.2756239 2.5922619 2.4264514 0.8599301 0.0000000 2.1161804 1.5942737 1.6363015 1.3087966 1.5020862 1.9545826 3.1682983 9.0000000 9.0000000 3.0177952 9.0000000 2.9910067 3.0455762 3.1356844 9.0000000 2.9159441 2.9401397 3.1044299 2.2122416 2.5922619 
taxon_11   2.5619547 2.3443386 2.0840900 3.6091383 2.3668966 2.5047842 4.8161872 2.5619547 2.6401505 2.1161804 0.0000000 1.7479624 1.7892099 1.7892099 2.5922619 3.4478045 3.4478045 2.2311105 2.6913067 2.4516638 2.9910067 5.1992826 9.0000000 5.1992826 2.5472484 4.5638625 3.5514167 3.9922574 2.2122416 3.0744259 
taxon_12   3.1356844 3.6716745 3.0744259 2.5922619 4.3753767 3.2023950 2.1244222 2.3224392 2.9910067 1.5942737 1.7479624 0.0000000 1.5741112 1.3430883 1.7839282 2.0533164 3.2381161 4.8161872 9.0000000 6.0226461 9.0000000 2.7091647 2.8925047 2.6913067 9.0000000 3.2381161 2.8477153 2.6568179 2.7274583 2.6913067 
taxon_13   2.3333090 2.2311105 2.2603350 3.8149659 2.3555328 2.4389516 2.6913067 3.1044299 2.0023259 1.6363015 1.7892099 1.5741112 0.0000000 0.9795199 1.7281593 3.1356844 2.8697757 2.8477153 3.2023950 2.9651421 2.4777543 9.0000000 9.0000000 9.0000000 2.5619547 6.0226461 9.0000000 9.0000000 2.2603350 2.8262852 
taxon_14   3.1356844 3.1356844 3.1044299 2.4516638 3.0177952 4.0995807 2.2029823 2.1327556 2.6238455 1.3087966 1.7892099 1.3430883 0.9795199 0.0000000 1.4330721 1.9286060 2.8262852 4.0995807 9.0000000 5.1992826 9.0000000 2.4264514 2.7654411 9.0000000 9.0000000 2.6568179 2.3224392 2.7091647 2.1938358 2.1411827 
taxon_15   2.1411827 2.9159441 2.1080281 2.0685454 2.8262852 2.4911475 1.9679163 1.6717063 2.2407260 1.5020862 2.5922619 1.7839282 1.7281593 1.4330721 0.0000000 1.3314826 3.0744259 3.5514167 3.2756239 9.0000000 9.0000000 2.4264514 2.4777543 2.3333090 5.1992826 2.8697757 2.7851790 2.5186735 1.5661956 1.7479624 
taxon_16   3.4978229 2.9159441 2.8697757 2.3784352 3.3567840 3.2381161 2.2122416 2.0310376 2.9401397 1.9545826 3.4478045 2.0533164 3.1356844 1.9286060 1.3314826 0.0000000 4.5638625 2.3668966 3.6716745 9.0000000 3.7399033 2.2311105 2.0023259 2.1847996 2.0608922 2.2703351 2.4389516 2.0310376 0.4249119 0.8239592 
taxon_17   2.3668966 2.5769552 2.8477153 3.5514167 2.5922619 2.6913067 9.0000000 3.4978229 3.4478045 3.1682983 3.4478045 3.2381161 2.8697757 2.8262852 3.0744259 4.5638625 0.0000000 1.2760045 1.8328586 1.6234441 1.8217060 2.3668966 1.8384977 9.0000000 2.1583263 9.0000000 9.0000000 3.7399033 2.2407260 3.8983851 
taxon_18   2.5047842 2.5047842 2.5619547 9.0000000 2.6568179 2.8262852 9.0000000 9.0000000 3.3567840 9.0000000 2.2311105 4.8161872 2.8477153 4.0995807 3.5514167 2.3668966 1.2760045 0.0000000 1.0919883 0.8447321 1.4633452 1.8556741 1.1644129 9.0000000 2.0533164 9.0000000 3.9922574 3.4978229 1.7998863 2.2311105 
taxon_19   2.9159441 2.9159441 2.5769552 9.0000000 2.4645960 2.7851790 9.0000000 9.0000000 2.8697757 9.0000000 2.6913067 9.0000000 3.2023950 9.0000000 3.2756239 3.6716745 1.8328586 1.0919883 0.0000000 1.4702418 1.8792054 3.5514167 2.1847996 9.0000000 2.3117248 9.0000000 9.0000000 9.0000000 2.2122416 4.8161872 
taxon_20   2.9159441 2.4264514 2.6238455 9.0000000 2.8262852 2.8925047 9.0000000 9.0000000 2.5769552 3.0177952 2.4516638 6.0226461 2.9651421 5.1992826 9.0000000 9.0000000 1.6234441 0.8447321 1.4702418 0.0000000 1.8107168 3.0177952 1.8973514 9.0000000 2.0919848 4.0995807 5.1992826 3.1044299 2.5619547 9.0000000 
taxon_21   3.3151067 2.7091647 2.6238455 9.0000000 2.7851790 2.7851790 9.0000000 9.0000000 3.6091383 9.0000000 2.9910067 9.0000000 2.4777543 9.0000000 9.0000000 3.7399033 1.8217060 1.4633452 1.8792054 1.8107168 0.0000000 2.6078875 1.9096974 9.0000000 2.2311105 3.1356844 3.4978229 4.5638625 2.3011613 3.8149659 
taxon_22   9.0000000 9.0000000 3.1356844 2.4141561 4.8161872 9.0000000 3.1044299 2.8697757 9.0000000 2.9910067 5.1992826 2.7091647 9.0000000 2.4264514 2.4264514 2.2311105 2.3668966 1.8556741 3.5514167 3.0177952 2.6078875 0.0000000 0.6269046 2.6078875 3.8983851 2.9401397 2.4777543 2.3443386 2.5186735 2.1161804 
taxon_23   9.0000000 9.0000000 3.3567840 2.5769552 9.0000000 9.0000000 2.4389516 2.7462092 9.0000000 3.0455762 9.0000000 2.8925047 9.0000000 2.7654411 2.4777543 2.0023259 1.8384977 1.1644129 2.1847996 1.8973514 1.9096974 0.6269046 0.0000000 2.4516638 2.8477153 2.9651421 2.3333090 2.6738640 2.3901542 2.1670473 
taxon_24   4.2248737 9.0000000 3.3151067 2.5922619 9.0000000 9.0000000 2.5328249 2.9401397 3.4009143 3.1356844 5.1992826 2.6913067 9.0000000 9.0000000 2.3333090 2.1847996 9.0000000 9.0000000 9.0000000 9.0000000 9.0000000 2.6078875 2.4516638 0.0000000 2.5922619 2.2122416 1.9159474 1.8499048 2.7851790 2.9159441 
taxon_25   2.6738640 2.8477153 2.9651421 9.0000000 9.0000000 3.7399033 3.2381161 9.0000000 2.8262852 9.0000000 2.5472484 9.0000000 2.5619547 9.0000000 5.1992826 2.0608922 2.1583263 2.0533164 2.3117248 2.0919848 2.2311105 3.8983851 2.8477153 2.5922619 0.0000000 1.5353429 1.5020862 0.8801596 1.6277055 2.6238455 
taxon_26   3.6091383 9.0000000 3.4978229 2.6238455 9.0000000 9.0000000 2.6568179 2.9651421 9.0000000 2.9159441 4.5638625 3.2381161 6.0226461 2.6568179 2.8697757 2.2703351 9.0000000 9.0000000 9.0000000 4.0995807 3.1356844 2.9401397 2.9651421 2.2122416 1.5353429 0.0000000 1.4330721 0.9324114 3.2756239 2.8262852 
taxon_27   9.0000000 9.0000000 9.0000000 4.0995807 3.2756239 3.3151067 2.3443386 2.3901542 4.0995807 2.9401397 3.5514167 2.8477153 9.0000000 2.3224392 2.7851790 2.4389516 9.0000000 3.9922574 9.0000000 5.1992826 3.4978229 2.4777543 2.3333090 1.9159474 1.5020862 1.4330721 0.0000000 0.6405311 3.5514167 2.7091647 
taxon_28   6.0226461 4.3753767 9.0000000 2.8054506 9.0000000 9.0000000 2.4389516 2.7091647 4.2248737 3.1044299 3.9922574 2.6568179 9.0000000 2.7091647 2.5186735 2.0310376 3.7399033 3.4978229 9.0000000 3.1044299 4.5638625 2.3443386 2.6738640 1.8499048 0.8801596 0.9324114 0.6405311 0.0000000 2.1583263 2.4020591 
taxon_29   2.5047842 2.0165444 2.1497055 3.2023950 2.3117248 2.2504664 2.5769552 2.2029823 2.1244222 2.2122416 2.2122416 2.7274583 2.2603350 2.1938358 1.5661956 0.4249119 2.2407260 1.7998863 2.2122416 2.5619547 2.3011613 2.5186735 2.3901542 2.7851790 1.6277055 3.2756239 3.5514167 2.1583263 0.0000000 0.9042001 
taxon_30   3.4978229 3.2381161 3.6716745 2.8477153 3.2023950 3.4478045 2.1497055 1.9350163 3.3567840 2.5922619 3.0744259 2.6913067 2.8262852 2.1411827 1.7479624 0.8239592 3.8983851 2.2311105 4.8161872 9.0000000 3.8149659 2.1161804 2.1670473 2.9159441 2.6238455 2.8262852 2.7091647 2.4020591 0.9042001 0.0000000 
