50
taxon_1    0.0000000 0.2897372 0.2547580 0.3590647 0.3590647 0.3797933 0.3300424 0.3753815 0.3677228 0.3954421 0.3457334 0.3606805 0.3341947 0.3295250 0.3699030 0.3547728 0.3786879 0.3650064 0.3290079 0.3704491 0.3269432 0.2694134 0.4904448 0.5470126 0.4752159 0.5238711 0.5158710 0.5326352 0.5033762 0.5007720 0.5158710 0.4559920 0.5421895 0.4450518 0.5185282 0.5326352 0.5165344 0.5809487 0.5198603 0.4131572 0.4378460 0.5560531 0.5518670 0.5205273 0.5205273 0.5040286 0.5532598 0.5218630 0.5477042 0.5408171 
taxon_2    0.2897372 0.0000000 0.1065568 0.3753815 0.3853447 0.4108477 0.3515700 0.4102715 0.3965725 0.4212968 0.3803466 0.3892553 0.3612198 0.3515700 0.4096957 0.3994059 0.4102715 0.3977046 0.3639225 0.3999738 0.3537037 0.3040988 0.5165344 0.5940813 0.5079553 0.5483964 0.5421895 0.5644959 0.5245416 0.5367150 0.5511716 0.4898041 0.5637887 0.4783632 0.5415030 0.5708910 0.5560531 0.6014778 0.5477042 0.4372486 0.4602900 0.5630822 0.5644959 0.5285775 0.5312802 0.5211949 0.5773412 0.5546551 0.5694652 0.5637887 
taxon_3    0.2547580 0.1065568 0.0000000 0.3452050 0.3521028 0.3737337 0.3192509 0.3753815 0.3655489 0.3920612 0.3457334 0.3537037 0.3290079 0.3167042 0.3770329 0.3655489 0.3775841 0.3671787 0.3373240 0.3820089 0.3326349 0.2684592 0.4739606 0.5497827 0.4658525 0.5046817 0.5066442 0.5205273 0.4872465 0.4943009 0.5079553 0.4498944 0.5252127 0.4378460 0.5092688 0.5326352 0.5185282 0.5609665 0.5099264 0.3943134 0.4125792 0.5326352 0.5367150 0.4994733 0.4994733 0.4904448 0.5346723 0.5185282 0.5312802 0.5238711 
taxon_4    0.3590647 0.3753815 0.3452050 0.0000000 0.1992774 0.2244787 0.1619605 0.3457334 0.3430953 0.3628403 0.3233436 0.3383700 0.3197612 0.3086124 0.3452050 0.3290079 0.3505054 0.3362794 0.2961412 0.3436222 0.2971313 0.2463780 0.4943009 0.5504768 0.4689606 0.5299276 0.5072995 0.5312802 0.4981768 0.5138842 0.5225318 0.4615226 0.5353526 0.4468641 0.5105846 0.5238711 0.5059894 0.5560531 0.5165344 0.4073968 0.4259880 0.5483964 0.5415030 0.5105846 0.5145459 0.4949455 0.5666216 0.5346723 0.5490892 0.5546551 
taxon_5    0.3590647 0.3853447 0.3521028 0.1992774 0.0000000 0.2084638 0.1451886 0.3494423 0.3467912 0.3639225 0.3305602 0.3383700 0.3182311 0.3106272 0.3499736 0.3295250 0.3526361 0.3462621 0.3045990 0.3489113 0.3066030 0.2542900 0.4930133 0.5659124 0.4739606 0.5265568 0.5059894 0.5218630 0.4872465 0.5092688 0.5245416 0.4584450 0.5326352 0.4474692 0.4955906 0.5198603 0.5066442 0.5574536 0.5152081 0.4039617 0.4218816 0.5218630 0.5346723 0.5027243 0.5079553 0.4872465 0.5525631 0.5312802 0.5442527 0.5408171 
taxon_6    0.3797933 0.4108477 0.3737337 0.2244787 0.2084638 0.0000000 0.1375416 0.3704491 0.3606805 0.3859021 0.3483807 0.3612198 0.3415169 0.3321157 0.3726372 0.3515700 0.3764820 0.3693574 0.3341947 0.3742826 0.3279749 0.2775735 0.5138842 0.5751849 0.5001224 0.5435643 0.5285775 0.5511716 0.5125626 0.5333136 0.5483964 0.4808906 0.5511716 0.4702075 0.5299276 0.5504768 0.5360335 0.5882162 0.5408171 0.4195452 0.4474692 0.5581549 0.5588568 0.5245416 0.5326352 0.5171984 0.5687533 0.5408171 0.5574536 0.5637887 
taxon_7    0.3300424 0.3515700 0.3192509 0.1619605 0.1451886 0.1375416 0.0000000 0.3151803 0.3106272 0.3259130 0.2971313 0.3021015 0.2843608 0.2751642 0.3228308 0.2971313 0.3212945 0.3121418 0.2718042 0.3187408 0.2708470 0.2208902 0.4596745 0.5232011 0.4408400 0.4930133 0.4720817 0.4936568 0.4627571 0.4783632 0.4866085 0.4224669 0.4968826 0.4131572 0.4727075 0.4885242 0.4783632 0.5218630 0.4808906 0.3688121 0.3943134 0.4955906 0.5046817 0.4727075 0.4633752 0.4578310 0.5178630 0.4878851 0.4910861 0.5059894 
taxon_8    0.3753815 0.4102715 0.3753815 0.3457334 0.3494423 0.3704491 0.3151803 0.0000000 0.1574237 0.2137642 0.1863460 0.2785393 0.2491610 0.2473045 0.2907189 0.2637063 0.2892469 0.2698909 0.3050995 0.3473207 0.3045990 0.2408430 0.5171984 0.5630822 0.4872465 0.5435643 0.5265568 0.5449418 0.5059894 0.5225318 0.5408171 0.4771027 0.5415030 0.4602900 0.5245416 0.5560531 0.5401318 0.5845736 0.5326352 0.4248125 0.4420409 0.5567530 0.5532598 0.5225318 0.5178630 0.5132231 0.5680420 0.5408171 0.5630822 0.5673315 
taxon_9    0.3677228 0.3965725 0.3655489 0.3430953 0.3467912 0.3606805 0.3106272 0.1574237 0.0000000 0.2018906 0.1770027 0.2627594 0.2380907 0.2348924 0.2742027 0.2552263 0.2746833 0.2566330 0.2912102 0.3326349 0.2867999 0.2285364 0.5066442 0.5518670 0.4783632 0.5401318 0.5225318 0.5421895 0.5040286 0.5152081 0.5333136 0.4670942 0.5326352 0.4541575 0.5158710 0.5483964 0.5339927 0.5759030 0.5238711 0.4079709 0.4242254 0.5339927 0.5408171 0.5079553 0.5020730 0.5014222 0.5560531 0.5279033 0.5456314 0.5442527 
taxon_10   0.3954421 0.4212968 0.3920612 0.3628403 0.3639225 0.3859021 0.3259130 0.2137642 0.2018906 0.0000000 0.1586583 0.2790227 0.2556949 0.2533548 0.2867999 0.2698909 0.3016030 0.2829012 0.3081095 0.3510375 0.3011048 0.2477682 0.5211949 0.5701778 0.5014222 0.5687533 0.5394472 0.5595594 0.5138842 0.5408171 0.5490892 0.4910861 0.5574536 0.4745880 0.5373971 0.5687533 0.5539571 0.5882162 0.5421895 0.4242254 0.4468641 0.5644959 0.5673315 0.5394472 0.5421895 0.5353526 0.5795036 0.5539571 0.5809487 0.5766217 
taxon_11   0.3457334 0.3803466 0.3457334 0.3233436 0.3305602 0.3483807 0.2971313 0.1863460 0.1770027 0.1586583 0.0000000 0.2477682 0.2208902 0.2186560 0.2589834 0.2426835 0.2670302 0.2468412 0.2756454 0.3253984 0.2780562 0.2199957 0.4853341 0.5299276 0.4541575 0.5211949 0.5020730 0.5232011 0.4783632 0.4943009 0.5053353 0.4462595 0.5171984 0.4330803 0.4910861 0.5265568 0.5092688 0.5518670 0.5007720 0.3937497 0.4096957 0.5319574 0.5339927 0.5020730 0.4994733 0.4962364 0.5518670 0.5198603 0.5319574 0.5380799 
taxon_12   0.3606805 0.3892553 0.3537037 0.3383700 0.3383700 0.3612198 0.3021015 0.2785393 0.2627594 0.2790227 0.2477682 0.0000000 0.0883373 0.0849698 0.2417626 0.2285364 0.2500909 0.2339811 0.2746833 0.3284912 0.2761270 0.2235799 0.5020730 0.5673315 0.4745880 0.5408171 0.5158710 0.5394472 0.5079553 0.5191940 0.5258845 0.4677158 0.5346723 0.4541575 0.5138842 0.5387632 0.5205273 0.5687533 0.5252127 0.4028201 0.4265765 0.5401318 0.5428766 0.5046817 0.5059894 0.4917280 0.5553538 0.5245416 0.5470126 0.5401318 
taxon_13   0.3341947 0.3612198 0.3290079 0.3197612 0.3182311 0.3415169 0.2843608 0.2491610 0.2380907 0.2556949 0.2208902 0.0883373 0.0000000 0.0574808 0.2164285 0.2049510 0.2280845 0.2128782 0.2575723 0.3061015 0.2561638 0.2005829 0.4727075 0.5265568 0.4474692 0.5072995 0.4923704 0.5119027 0.4796258 0.4936568 0.5001224 0.4462595 0.5225318 0.4313009 0.4872465 0.5125626 0.4923704 0.5360335 0.4898041 0.3781358 0.3994059 0.5119027 0.5185282 0.4834265 0.4783632 0.4677158 0.5333136 0.5046817 0.5225318 0.5198603 
taxon_14   0.3295250 0.3515700 0.3167042 0.3086124 0.3106272 0.3321157 0.2751642 0.2473045 0.2348924 0.2533548 0.2186560 0.0849698 0.0574808 0.0000000 0.2137642 0.1984083 0.2235799 0.2089041 0.2514880 0.3016030 0.2524208 0.1984083 0.4639937 0.5205273 0.4366517 0.4923704 0.4815237 0.5001224 0.4702075 0.4840618 0.4891639 0.4324867 0.5059894 0.4177976 0.4745880 0.5027243 0.4846977 0.5245416 0.4834265 0.3655489 0.3892553 0.5046817 0.5112434 0.4752159 0.4708317 0.4584450 0.5245416 0.4962364 0.5125626 0.5059894 
taxon_15   0.3699030 0.4096957 0.3770329 0.3452050 0.3499736 0.3726372 0.3228308 0.2907189 0.2742027 0.2867999 0.2589834 0.2417626 0.2164285 0.2137642 0.0000000 0.1949421 0.2226823 0.2080238 0.2941649 0.3420427 0.2941649 0.2408430 0.4975295 0.5497827 0.4834265 0.5367150 0.5158710 0.5380799 0.5046817 0.5171984 0.5225318 0.4664731 0.5373971 0.4535470 0.5145459 0.5518670 0.5339927 0.5795036 0.5319574 0.4068232 0.4318936 0.5477042 0.5504768 0.5205273 0.5158710 0.4981768 0.5581549 0.5258845 0.5421895 0.5490892 
taxon_16   0.3547728 0.3994059 0.3655489 0.3290079 0.3295250 0.3515700 0.2971313 0.2637063 0.2552263 0.2698909 0.2426835 0.2285364 0.2049510 0.1984083 0.1949421 0.0000000 0.1681915 0.1508735 0.2775735 0.3212945 0.2742027 0.2208902 0.4904448 0.5449418 0.4646128 0.5245416 0.5112434 0.5191940 0.4885242 0.5079553 0.5225318 0.4553800 0.5185282 0.4420409 0.5020730 0.5225318 0.5066442 0.5567530 0.5112434 0.3931865 0.4102715 0.5205273 0.5333136 0.5001224 0.5007720 0.4878851 0.5470126 0.5171984 0.5339927 0.5367150 
taxon_17   0.3786879 0.4102715 0.3775841 0.3505054 0.3526361 0.3764820 0.3212945 0.2892469 0.2746833 0.3016030 0.2670302 0.2500909 0.2280845 0.2235799 0.2226823 0.1681915 0.0000000 0.0650767 0.3040988 0.3467912 0.3021015 0.2426835 0.5138842 0.5744676 0.4962364 0.5588568 0.5401318 0.5470126 0.5211949 0.5394472 0.5456314 0.4859710 0.5574536 0.4720817 0.5265568 0.5463217 0.5319574 0.5730349 0.5326352 0.4166348 0.4366517 0.5490892 0.5567530 0.5211949 0.5272298 0.5105846 0.5795036 0.5504768 0.5680420 0.5659124 
taxon_18   0.3650064 0.3977046 0.3671787 0.3362794 0.3462621 0.3693574 0.3121418 0.2698909 0.2566330 0.2829012 0.2468412 0.2339811 0.2128782 0.2089041 0.2080238 0.1508735 0.0650767 0.0000000 0.2838740 0.3274589 0.2833874 0.2303469 0.5079553 0.5595594 0.4758443 0.5401318 0.5252127 0.5258845 0.5040286 0.5205273 0.5339927 0.4695838 0.5367150 0.4572175 0.5099264 0.5353526 0.5191940 0.5567530 0.5138842 0.4005422 0.4224669 0.5401318 0.5456314 0.5125626 0.5092688 0.4968826 0.5637887 0.5360335 0.5511716 0.5463217 
taxon_19   0.3290079 0.3639225 0.3373240 0.2961412 0.3045990 0.3341947 0.2718042 0.3050995 0.2912102 0.3081095 0.2756454 0.2746833 0.2575723 0.2514880 0.2941649 0.2775735 0.3040988 0.2838740 0.0000000 0.1287835 0.0834781 0.1656928 0.4664731 0.5205273 0.4468641 0.4949455 0.4898041 0.5105846 0.4745880 0.4910861 0.4994733 0.4354593 0.5046817 0.4224669 0.4917280 0.5046817 0.4917280 0.5442527 0.5001224 0.3814544 0.4022500 0.5252127 0.5171984 0.4898041 0.4872465 0.4677158 0.5225318 0.5046817 0.5059894 0.5152081 
taxon_20   0.3704491 0.3999738 0.3820089 0.3436222 0.3489113 0.3742826 0.3187408 0.3473207 0.3326349 0.3510375 0.3253984 0.3284912 0.3061015 0.3016030 0.3420427 0.3212945 0.3467912 0.3274589 0.1287835 0.0000000 0.0442819 0.2089041 0.5145459 0.5680420 0.5007720 0.5511716 0.5463217 0.5497827 0.5171984 0.5415030 0.5511716 0.4840618 0.5483964 0.4646128 0.5483964 0.5609665 0.5470126 0.5911430 0.5553538 0.4336743 0.4511100 0.5616711 0.5666216 0.5353526 0.5265568 0.5112434 0.5795036 0.5525631 0.5560531 0.5595594 
taxon_21   0.3269432 0.3537037 0.3326349 0.2971313 0.3066030 0.3279749 0.2708470 0.3045990 0.2867999 0.3011048 0.2780562 0.2761270 0.2561638 0.2524208 0.2941649 0.2742027 0.3021015 0.2833874 0.0834781 0.0442819 0.0000000 0.1623743 0.4677158 0.5112434 0.4492874 0.4981768 0.4936568 0.4975295 0.4664731 0.4885242 0.4949455 0.4307087 0.5020730 0.4160541 0.4955906 0.5092688 0.4962364 0.5421895 0.5053353 0.3859021 0.4016803 0.5178630 0.5165344 0.4872465 0.4815237 0.4652324 0.5299276 0.4988248 0.5105846 0.5152081 
taxon_22   0.2694134 0.3040988 0.2684592 0.2463780 0.2542900 0.2775735 0.2208902 0.2408430 0.2285364 0.2477682 0.2199957 0.2235799 0.2005829 0.1984083 0.2408430 0.2208902 0.2426835 0.2303469 0.1656928 0.2089041 0.1623743 0.0000000 0.4062500 0.4541575 0.3842311 0.4324867 0.4172160 0.4396409 0.4073968 0.4143146 0.4307087 0.3660917 0.4438460 0.3537037 0.4218816 0.4396409 0.4265765 0.4783632 0.4318936 0.3126474 0.3352363 0.4444486 0.4486808 0.4166348 0.4183797 0.4056773 0.4615226 0.4360553 0.4492874 0.4511100 
taxon_23   0.4904448 0.5165344 0.4739606 0.4943009 0.4930133 0.5138842 0.4596745 0.5171984 0.5066442 0.5211949 0.4853341 0.5020730 0.4727075 0.4639937 0.4975295 0.4904448 0.5138842 0.5079553 0.4664731 0.5145459 0.4677158 0.4062500 0.0000000 0.3368015 0.2660790 0.3177218 0.3026003 0.3192509 0.2766088 0.2877777 0.3045990 0.2422229 0.3321157 0.2344366 0.3864600 0.4062500 0.3903764 0.4277548 0.3775841 0.2698909 0.2917018 0.4143146 0.4108477 0.3814544 0.3726372 0.3759315 0.4177976 0.4028201 0.4062500 0.4114244 
taxon_24   0.5470126 0.5940813 0.5497827 0.5504768 0.5659124 0.5751849 0.5232011 0.5630822 0.5518670 0.5701778 0.5299276 0.5673315 0.5265568 0.5205273 0.5497827 0.5449418 0.5744676 0.5595594 0.5205273 0.5680420 0.5112434 0.4541575 0.3368015 0.0000000 0.1936464 0.2882671 0.2819297 0.2981227 0.2594543 0.2742027 0.2833874 0.2204428 0.3050995 0.2106678 0.4468641 0.4609060 0.4438460 0.4827917 0.4438460 0.3326349 0.3494423 0.4758443 0.4639937 0.4360553 0.4295258 0.4259880 0.4727075 0.4517185 0.4658525 0.4633752 
taxon_25   0.4752159 0.5079553 0.4658525 0.4689606 0.4739606 0.5001224 0.4408400 0.4872465 0.4783632 0.5014222 0.4541575 0.4745880 0.4474692 0.4366517 0.4834265 0.4646128 0.4962364 0.4758443 0.4468641 0.5007720 0.4492874 0.3842311 0.2660790 0.1936464 0.0000000 0.2155394 0.2040753 0.2124356 0.1816598 0.1919223 0.2071446 0.1407519 0.2244787 0.1307650 0.3622998 0.3781358 0.3628403 0.4005422 0.3579894 0.2599256 0.2775735 0.3948776 0.3814544 0.3542381 0.3531697 0.3542381 0.3859021 0.3699030 0.3881359 0.3886954 
taxon_26   0.5238711 0.5483964 0.5046817 0.5299276 0.5265568 0.5435643 0.4930133 0.5435643 0.5401318 0.5687533 0.5211949 0.5408171 0.5072995 0.4923704 0.5367150 0.5245416 0.5588568 0.5401318 0.4949455 0.5511716 0.4981768 0.4324867 0.3177218 0.2882671 0.2155394 0.0000000 0.1748954 0.2566330 0.2213378 0.2276328 0.2408430 0.1774249 0.2556949 0.1681915 0.4073968 0.4289350 0.4177976 0.4578310 0.4096957 0.3050995 0.3243703 0.4414402 0.4408400 0.4085454 0.3994059 0.4016803 0.4450518 0.4224669 0.4271654 0.4378460 
taxon_27   0.5158710 0.5421895 0.5066442 0.5072995 0.5059894 0.5285775 0.4720817 0.5265568 0.5225318 0.5394472 0.5020730 0.5158710 0.4923704 0.4815237 0.5158710 0.5112434 0.5401318 0.5252127 0.4898041 0.5463217 0.4936568 0.4172160 0.3026003 0.2819297 0.2040753 0.1748954 0.0000000 0.2468412 0.2119933 0.2226823 0.2335258 0.1686087 0.2524208 0.1598949 0.4085454 0.4160541 0.4062500 0.4432438 0.3994059 0.3011048 0.3197612 0.4336743 0.4330803 0.4005422 0.3971383 0.3965725 0.4348639 0.4108477 0.4295258 0.4283446 
taxon_28   0.5326352 0.5644959 0.5205273 0.5312802 0.5218630 0.5511716 0.4936568 0.5449418 0.5421895 0.5595594 0.5232011 0.5394472 0.5119027 0.5001224 0.5380799 0.5191940 0.5470126 0.5258845 0.5105846 0.5497827 0.4975295 0.4396409 0.3192509 0.2981227 0.2124356 0.2566330 0.2468412 0.0000000 0.1088657 0.2146513 0.2222338 0.1611336 0.2468412 0.1537322 0.4224669 0.4330803 0.4195452 0.4547685 0.4114244 0.3182311 0.3430953 0.4590595 0.4529370 0.4212968 0.4148940 0.4183797 0.4553800 0.4426421 0.4492874 0.4517185 
taxon_29   0.5033762 0.5245416 0.4872465 0.4981768 0.4872465 0.5125626 0.4627571 0.5059894 0.5040286 0.5138842 0.4783632 0.5079553 0.4796258 0.4702075 0.5046817 0.4885242 0.5211949 0.5040286 0.4745880 0.5171984 0.4664731 0.4073968 0.2766088 0.2594543 0.1816598 0.2213378 0.2119933 0.1088657 0.0000000 0.1786929 0.1876292 0.1291794 0.2142076 0.1193445 0.3820089 0.3960071 0.3836750 0.4166348 0.3720896 0.2775735 0.3011048 0.4148940 0.4102715 0.3770329 0.3748318 0.3753815 0.4137357 0.3982712 0.4218816 0.4108477 
taxon_30   0.5007720 0.5367150 0.4943009 0.5138842 0.5092688 0.5333136 0.4783632 0.5225318 0.5152081 0.5408171 0.4943009 0.5191940 0.4936568 0.4840618 0.5171984 0.5079553 0.5394472 0.5205273 0.4910861 0.5415030 0.4885242 0.4143146 0.2877777 0.2742027 0.1919223 0.2276328 0.2226823 0.2146513 0.1786929 0.0000000 0.1279924 0.0610883 0.1889145 0.0905907 0.3909376 0.4028201 0.3898157 0.4271654 0.3864600 0.2843608 0.3050995 0.4207125 0.4189622 0.3859021 0.3814544 0.3786879 0.4265765 0.4114244 0.4224669 0.4248125 
taxon_31   0.5158710 0.5511716 0.5079553 0.5225318 0.5245416 0.5483964 0.4866085 0.5408171 0.5333136 0.5490892 0.5053353 0.5258845 0.5001224 0.4891639 0.5225318 0.5225318 0.5456314 0.5339927 0.4994733 0.5511716 0.4949455 0.4307087 0.3045990 0.2833874 0.2071446 0.2408430 0.2335258 0.2222338 0.1876292 0.1279924 0.0000000 0.0745891 0.2018906 0.1038721 0.4079709 0.4224669 0.4062500 0.4480748 0.4079709 0.3016030 0.3177218 0.4390421 0.4414402 0.4073968 0.4051050 0.3971383 0.4360553 0.4189622 0.4248125 0.4307087 
taxon_32   0.4559920 0.4898041 0.4498944 0.4615226 0.4584450 0.4808906 0.4224669 0.4771027 0.4670942 0.4910861 0.4462595 0.4677158 0.4462595 0.4324867 0.4664731 0.4553800 0.4859710 0.4695838 0.4354593 0.4840618 0.4307087 0.3660917 0.2422229 0.2204428 0.1407519 0.1774249 0.1686087 0.1611336 0.1291794 0.0610883 0.0745891 0.0000000 0.1335480 0.0386454 0.3430953 0.3579894 0.3430953 0.3803466 0.3388936 0.2348924 0.2547580 0.3688121 0.3693574 0.3378468 0.3310783 0.3295250 0.3726372 0.3563794 0.3660917 0.3704491 
taxon_33   0.5421895 0.5637887 0.5252127 0.5353526 0.5326352 0.5511716 0.4968826 0.5415030 0.5326352 0.5574536 0.5171984 0.5346723 0.5225318 0.5059894 0.5373971 0.5185282 0.5574536 0.5367150 0.5046817 0.5483964 0.5020730 0.4438460 0.3321157 0.3050995 0.2244787 0.2556949 0.2524208 0.2468412 0.2142076 0.1889145 0.2018906 0.1335480 0.0000000 0.1240492 0.4277548 0.4342688 0.4183797 0.4535470 0.4160541 0.3156879 0.3347153 0.4590595 0.4517185 0.4207125 0.4172160 0.4160541 0.4547685 0.4384438 0.4438460 0.4450518 
taxon_34   0.4450518 0.4783632 0.4378460 0.4468641 0.4474692 0.4702075 0.4131572 0.4602900 0.4541575 0.4745880 0.4330803 0.4541575 0.4313009 0.4177976 0.4535470 0.4420409 0.4720817 0.4572175 0.4224669 0.4646128 0.4160541 0.3537037 0.2344366 0.2106678 0.1307650 0.1681915 0.1598949 0.1537322 0.1193445 0.0905907 0.1038721 0.0386454 0.1240492 0.0000000 0.3290079 0.3452050 0.3315968 0.3737337 0.3284912 0.2249285 0.2449904 0.3601415 0.3558435 0.3279749 0.3223183 0.3218062 0.3622998 0.3441494 0.3579894 0.3585268 
taxon_35   0.5185282 0.5415030 0.5092688 0.5105846 0.4955906 0.5299276 0.4727075 0.5245416 0.5158710 0.5373971 0.4910861 0.5138842 0.4872465 0.4745880 0.5145459 0.5020730 0.5265568 0.5099264 0.4917280 0.5483964 0.4955906 0.4218816 0.3864600 0.4468641 0.3622998 0.4073968 0.4085454 0.4224669 0.3820089 0.3909376 0.4079709 0.3430953 0.4277548 0.3290079 0.0000000 0.1975403 0.1837863 0.2267303 0.1812353 0.2168735 0.2380907 0.3505054 0.3467912 0.3146730 0.3106272 0.3106272 0.3569157 0.3336744 0.3547728 0.3388936 
taxon_36   0.5326352 0.5708910 0.5326352 0.5238711 0.5198603 0.5504768 0.4885242 0.5560531 0.5483964 0.5687533 0.5265568 0.5387632 0.5125626 0.5027243 0.5518670 0.5225318 0.5463217 0.5353526 0.5046817 0.5609665 0.5092688 0.4396409 0.4062500 0.4609060 0.3781358 0.4289350 0.4160541 0.4330803 0.3960071 0.4028201 0.4224669 0.3579894 0.4342688 0.3452050 0.1975403 0.0000000 0.0240481 0.1910617 0.1455932 0.2380907 0.2622863 0.3704491 0.3660917 0.3368015 0.3357577 0.3347153 0.3909376 0.3650064 0.3748318 0.3660917 
taxon_37   0.5165344 0.5560531 0.5185282 0.5059894 0.5066442 0.5360335 0.4783632 0.5401318 0.5339927 0.5539571 0.5092688 0.5205273 0.4923704 0.4846977 0.5339927 0.5066442 0.5319574 0.5191940 0.4917280 0.5470126 0.4962364 0.4265765 0.3903764 0.4438460 0.3628403 0.4177976 0.4062500 0.4195452 0.3836750 0.3898157 0.4062500 0.3430953 0.4183797 0.3315968 0.1837863 0.0240481 0.0000000 0.1765808 0.1311620 0.2240292 0.2486964 0.3579894 0.3574523 0.3253984 0.3228308 0.3212945 0.3748318 0.3526361 0.3628403 0.3537037 
taxon_38   0.5809487 0.6014778 0.5609665 0.5560531 0.5574536 0.5882162 0.5218630 0.5845736 0.5759030 0.5882162 0.5518670 0.5687533 0.5360335 0.5245416 0.5795036 0.5567530 0.5730349 0.5567530 0.5442527 0.5911430 0.5421895 0.4783632 0.4277548 0.4827917 0.4005422 0.4578310 0.4432438 0.4547685 0.4166348 0.4271654 0.4480748 0.3803466 0.4535470 0.3737337 0.2267303 0.1910617 0.1765808 0.0000000 0.1272021 0.2670302 0.2912102 0.4091203 0.4085454 0.3731853 0.3704491 0.3655489 0.4212968 0.3999738 0.4091203 0.4091203 
taxon_39   0.5198603 0.5477042 0.5099264 0.5165344 0.5152081 0.5408171 0.4808906 0.5326352 0.5238711 0.5421895 0.5007720 0.5252127 0.4898041 0.4834265 0.5319574 0.5112434 0.5326352 0.5138842 0.5001224 0.5553538 0.5053353 0.4318936 0.3775841 0.4438460 0.3579894 0.4096957 0.3994059 0.4114244 0.3720896 0.3864600 0.4079709 0.3388936 0.4160541 0.3284912 0.1812353 0.1455932 0.1311620 0.1272021 0.0000000 0.2235799 0.2445285 0.3639225 0.3612198 0.3264279 0.3264279 0.3223183 0.3770329 0.3531697 0.3650064 0.3606805 
taxon_40   0.4131572 0.4372486 0.3943134 0.4073968 0.4039617 0.4195452 0.3688121 0.4248125 0.4079709 0.4242254 0.3937497 0.4028201 0.3781358 0.3655489 0.4068232 0.3931865 0.4166348 0.4005422 0.3814544 0.4336743 0.3859021 0.3126474 0.2698909 0.3326349 0.2599256 0.3050995 0.3011048 0.3182311 0.2775735 0.2843608 0.3016030 0.2348924 0.3156879 0.2249285 0.2168735 0.2380907 0.2240292 0.2670302 0.2235799 0.0000000 0.0838507 0.2049510 0.2005829 0.1719551 0.1640317 0.1607204 0.2150952 0.1945099 0.2001474 0.1984083 
taxon_41   0.4378460 0.4602900 0.4125792 0.4259880 0.4218816 0.4474692 0.3943134 0.4420409 0.4242254 0.4468641 0.4096957 0.4265765 0.3994059 0.3892553 0.4318936 0.4102715 0.4366517 0.4224669 0.4022500 0.4511100 0.4016803 0.3352363 0.2917018 0.3494423 0.2775735 0.3243703 0.3197612 0.3430953 0.3011048 0.3050995 0.3177218 0.2547580 0.3347153 0.2449904 0.2380907 0.2622863 0.2486964 0.2912102 0.2445285 0.0838507 0.0000000 0.2244787 0.2213378 0.1914918 0.1842123 0.1820846 0.2317077 0.2133211 0.2177642 0.2173187 
taxon_42   0.5560531 0.5630822 0.5326352 0.5483964 0.5218630 0.5581549 0.4955906 0.5567530 0.5339927 0.5644959 0.5319574 0.5401318 0.5119027 0.5046817 0.5477042 0.5205273 0.5490892 0.5401318 0.5252127 0.5616711 0.5178630 0.4444486 0.4143146 0.4758443 0.3948776 0.4414402 0.4336743 0.4590595 0.4148940 0.4207125 0.4390421 0.3688121 0.4590595 0.3601415 0.3505054 0.3704491 0.3579894 0.4091203 0.3639225 0.2049510 0.2244787 0.0000000 0.1439759 0.1166137 0.1508735 0.1520973 0.2951524 0.2751642 0.2814444 0.2790227 
taxon_43   0.5518670 0.5644959 0.5367150 0.5415030 0.5346723 0.5588568 0.5046817 0.5532598 0.5408171 0.5673315 0.5339927 0.5428766 0.5185282 0.5112434 0.5504768 0.5333136 0.5567530 0.5456314 0.5171984 0.5666216 0.5165344 0.4486808 0.4108477 0.4639937 0.3814544 0.4408400 0.4330803 0.4529370 0.4102715 0.4189622 0.4414402 0.3693574 0.4517185 0.3558435 0.3467912 0.3660917 0.3574523 0.4085454 0.3612198 0.2005829 0.2213378 0.1439759 0.0000000 0.0538906 0.1496517 0.1500587 0.2882671 0.2698909 0.2843608 0.2746833 
taxon_44   0.5205273 0.5285775 0.4994733 0.5105846 0.5027243 0.5245416 0.4727075 0.5225318 0.5079553 0.5394472 0.5020730 0.5046817 0.4834265 0.4752159 0.5205273 0.5001224 0.5211949 0.5125626 0.4898041 0.5353526 0.4872465 0.4166348 0.3814544 0.4360553 0.3542381 0.4085454 0.4005422 0.4212968 0.3770329 0.3859021 0.4073968 0.3378468 0.4207125 0.3279749 0.3146730 0.3368015 0.3253984 0.3731853 0.3264279 0.1719551 0.1914918 0.1166137 0.0538906 0.0000000 0.1209094 0.1209094 0.2608690 0.2408430 0.2556949 0.2500909 
taxon_45   0.5205273 0.5312802 0.4994733 0.5145459 0.5079553 0.5326352 0.4633752 0.5178630 0.5020730 0.5421895 0.4994733 0.5059894 0.4783632 0.4708317 0.5158710 0.5007720 0.5272298 0.5092688 0.4872465 0.5265568 0.4815237 0.4183797 0.3726372 0.4295258 0.3531697 0.3994059 0.3971383 0.4148940 0.3748318 0.3814544 0.4051050 0.3310783 0.4172160 0.3223183 0.3106272 0.3357577 0.3228308 0.3704491 0.3264279 0.1640317 0.1842123 0.1508735 0.1496517 0.1209094 0.0000000 0.0860906 0.2519543 0.2376329 0.2408430 0.2436054 
taxon_46   0.5040286 0.5211949 0.4904448 0.4949455 0.4872465 0.5171984 0.4578310 0.5132231 0.5014222 0.5353526 0.4962364 0.4917280 0.4677158 0.4584450 0.4981768 0.4878851 0.5105846 0.4968826 0.4677158 0.5112434 0.4652324 0.4056773 0.3759315 0.4259880 0.3542381 0.4016803 0.3965725 0.4183797 0.3753815 0.3786879 0.3971383 0.3295250 0.4160541 0.3218062 0.3106272 0.3347153 0.3212945 0.3655489 0.3223183 0.1607204 0.1820846 0.1520973 0.1500587 0.1209094 0.0860906 0.0000000 0.2505563 0.2317077 0.2385487 0.2371755 
taxon_47   0.5532598 0.5773412 0.5346723 0.5666216 0.5525631 0.5687533 0.5178630 0.5680420 0.5560531 0.5795036 0.5518670 0.5553538 0.5333136 0.5245416 0.5581549 0.5470126 0.5795036 0.5637887 0.5225318 0.5795036 0.5299276 0.4615226 0.4177976 0.4727075 0.3859021 0.4450518 0.4348639 0.4553800 0.4137357 0.4265765 0.4360553 0.3726372 0.4547685 0.3622998 0.3569157 0.3909376 0.3748318 0.4212968 0.3770329 0.2150952 0.2317077 0.2951524 0.2882671 0.2608690 0.2519543 0.2505563 0.0000000 0.1181729 0.2106678 0.2084638 
taxon_48   0.5218630 0.5546551 0.5185282 0.5346723 0.5312802 0.5408171 0.4878851 0.5408171 0.5279033 0.5539571 0.5198603 0.5245416 0.5046817 0.4962364 0.5258845 0.5171984 0.5504768 0.5360335 0.5046817 0.5525631 0.4988248 0.4360553 0.4028201 0.4517185 0.3699030 0.4224669 0.4108477 0.4426421 0.3982712 0.4114244 0.4189622 0.3563794 0.4384438 0.3441494 0.3336744 0.3650064 0.3526361 0.3999738 0.3531697 0.1945099 0.2133211 0.2751642 0.2698909 0.2408430 0.2376329 0.2317077 0.1181729 0.0000000 0.1902021 0.1936464 
taxon_49   0.5477042 0.5694652 0.5312802 0.5490892 0.5442527 0.5574536 0.4910861 0.5630822 0.5456314 0.5809487 0.5319574 0.5470126 0.5225318 0.5125626 0.5421895 0.5339927 0.5680420 0.5511716 0.5059894 0.5560531 0.5105846 0.4492874 0.4062500 0.4658525 0.3881359 0.4271654 0.4295258 0.4492874 0.4218816 0.4224669 0.4248125 0.3660917 0.4438460 0.3579894 0.3547728 0.3748318 0.3628403 0.4091203 0.3650064 0.2001474 0.2177642 0.2814444 0.2843608 0.2556949 0.2408430 0.2385487 0.2106678 0.1902021 0.0000000 0.1889145 
taxon_50   0.5408171 0.5637887 0.5238711 0.5546551 0.5408171 0.5637887 0.5059894 0.5673315 0.5442527 0.5766217 0.5380799 0.5401318 0.5198603 0.5059894 0.5490892 0.5367150 0.5659124 0.5463217 0.5152081 0.5595594 0.5152081 0.4511100 0.4114244 0.4633752 0.3886954 0.4378460 0.4283446 0.4517185 0.4108477 0.4248125 0.4307087 0.3704491 0.4450518 0.3585268 0.3388936 0.3660917 0.3537037 0.4091203 0.3606805 0.1984083 0.2173187 0.2790227 0.2746833 0.2500909 0.2436054 0.2371755 0.2084638 0.1936464 0.1889145 0.0000000 
