RF=0.000000
WRF=0.306403
