30
taxon_1    0.0000000 0.5949615 0.8210381 2.3901542 9.0000000 9.0000000 9.0000000 2.3668966 2.9401397 2.3333090 0.9904028 2.5328249 2.8054506 2.5619547 2.7654411 2.9159441 2.7654411 2.3901542 3.9922574 9.0000000 3.1356844 3.6091383 9.0000000 3.8149659 2.5769552 2.2407260 9.0000000 6.0226461 2.7462092 2.1244222 
taxon_2    0.5949615 0.0000000 0.7744129 2.5186735 2.2804704 2.1244222 2.2122416 3.6716745 2.1583263 2.5922619 0.8051721 9.0000000 2.2311105 2.2703351 3.8983851 3.2023950 4.3753767 3.4009143 9.0000000 2.7274583 9.0000000 2.5769552 3.2023950 2.4777543 2.6078875 3.2023950 2.5186735 2.5769552 4.8161872 2.5186735 
taxon_3    0.8210381 0.7744129 0.0000000 1.5467645 2.6568179 1.9746731 3.1044299 2.0685454 2.1938358 1.7892099 0.2399688 2.6238455 2.9651421 1.8328586 2.3011613 2.4911475 2.7851790 2.2407260 2.4020591 9.0000000 2.6401505 9.0000000 9.0000000 3.0744259 1.6947143 2.9651421 9.0000000 9.0000000 2.3555328 1.6363015 
taxon_4    2.3901542 2.5186735 1.5467645 0.0000000 0.9495159 0.5757979 2.5769552 1.8852054 2.9401397 1.8973514 1.6277055 2.2122416 5.1992826 3.9922574 2.4911475 2.6568179 2.3443386 2.6568179 2.7274583 9.0000000 2.9159441 9.0000000 9.0000000 9.0000000 2.8925047 3.4978229 9.0000000 9.0000000 3.0744259 2.3333090 
taxon_5    9.0000000 2.2804704 2.6568179 0.9495159 0.0000000 0.7488269 2.5619547 2.4911475 2.2407260 2.3011613 1.8792054 3.1682983 2.3224392 2.2311105 3.6716745 9.0000000 3.6716745 9.0000000 9.0000000 5.1992826 3.7399033 2.3333090 2.4264514 2.6738640 2.1583263 9.0000000 2.6401505 2.7274583 9.0000000 9.0000000 
taxon_6    9.0000000 2.1244222 1.9746731 0.5757979 0.7488269 0.0000000 2.2504664 2.3555328 2.2311105 2.4777543 1.5661956 3.4978229 2.6078875 2.5186735 9.0000000 9.0000000 9.0000000 9.0000000 9.0000000 3.9922574 9.0000000 2.7462092 2.4911475 2.5472484 2.2703351 9.0000000 2.9159441 3.0744259 9.0000000 2.8262852 
taxon_7    9.0000000 2.2122416 3.1044299 2.5769552 2.5619547 2.2504664 0.0000000 1.5315741 1.4772024 1.5506106 2.0999636 9.0000000 2.5769552 2.4911475 4.0995807 3.6091383 3.6091383 9.0000000 9.0000000 2.9910067 9.0000000 4.8161872 2.6738640 2.8925047 2.3555328 9.0000000 2.7274583 2.7091647 3.2756239 9.0000000 
taxon_8    2.3668966 3.6716745 2.0685454 1.8852054 2.4911475 2.3555328 1.5315741 0.0000000 0.9042001 0.7292265 2.1244222 2.5769552 9.0000000 3.6716745 2.5922619 2.4264514 2.9159441 4.2248737 2.7091647 4.5638625 2.8697757 4.8161872 4.3753767 4.2248737 9.0000000 2.7851790 9.0000000 9.0000000 3.2023950 2.7091647 
taxon_9    2.9401397 2.1583263 2.1938358 2.9401397 2.2407260 2.2311105 1.4772024 0.9042001 0.0000000 0.3147838 1.8052820 9.0000000 2.9910067 2.5619547 4.2248737 6.0226461 9.0000000 9.0000000 9.0000000 2.9910067 9.0000000 9.0000000 2.7274583 3.6716745 2.9651421 9.0000000 2.9159441 3.4478045 3.7399033 4.2248737 
taxon_10   2.3333090 2.5922619 1.7892099 1.8973514 2.3011613 2.4777543 1.5506106 0.7292265 0.3147838 0.0000000 1.9480036 3.6091383 6.0226461 5.1992826 2.7851790 2.5472484 2.6238455 3.1356844 9.0000000 4.8161872 3.4478045 9.0000000 9.0000000 9.0000000 9.0000000 3.2381161 9.0000000 9.0000000 2.8054506 2.4645960 
taxon_11   0.9904028 0.8051721 0.2399688 1.6277055 1.8792054 1.5661956 2.0999636 2.1244222 1.8052820 1.9480036 0.0000000 9.0000000 2.2603350 1.5353429 2.9651421 9.0000000 9.0000000 3.1356844 2.9910067 2.8477153 3.4978229 2.7274583 2.3224392 2.0840900 1.4531178 9.0000000 2.9910067 3.3567840 3.3567840 1.7041188 
taxon_12   2.5328249 9.0000000 2.6238455 2.2122416 3.1682983 3.4978229 9.0000000 2.5769552 9.0000000 3.6091383 9.0000000 0.0000000 2.0685454 2.3117248 3.1682983 2.4141561 3.5514167 2.4141561 2.5769552 4.3753767 2.3333090 2.6238455 9.0000000 3.2023950 2.9159441 2.3555328 9.0000000 9.0000000 2.6078875 2.8697757 
taxon_13   2.8054506 2.2311105 2.9651421 5.1992826 2.3224392 2.6078875 2.5769552 9.0000000 2.9910067 6.0226461 2.2603350 2.0685454 0.0000000 1.3608406 3.1044299 3.6091383 3.3151067 2.9159441 3.3151067 2.5922619 9.0000000 2.6913067 2.6401505 2.0533164 1.7998863 9.0000000 2.8054506 2.7274583 9.0000000 5.1992826 
taxon_14   2.5619547 2.2703351 1.8328586 3.9922574 2.2311105 2.5186735 2.4911475 3.6716745 2.5619547 5.1992826 1.5353429 2.3117248 1.3608406 0.0000000 3.9922574 2.8925047 2.6568179 2.8262852 2.3555328 2.3117248 2.9651421 2.1938358 1.7892099 1.4913205 0.8691991 9.0000000 3.6716745 4.3753767 3.2756239 2.2804704 
taxon_15   2.7654411 3.8983851 2.3011613 2.4911475 3.6716745 9.0000000 4.0995807 2.5922619 4.2248737 2.7851790 2.9651421 3.1682983 3.1044299 3.9922574 0.0000000 2.2029823 4.5638625 3.3151067 2.6738640 3.3567840 2.1938358 3.2756239 3.4009143 3.8983851 2.4020591 2.8054506 4.0995807 3.4478045 3.3151067 2.3333090 
taxon_16   2.9159441 3.2023950 2.4911475 2.6568179 9.0000000 9.0000000 3.6091383 2.4264514 6.0226461 2.5472484 9.0000000 2.4141561 3.6091383 2.8925047 2.2029823 0.0000000 2.4141561 2.6078875 2.5472484 9.0000000 2.6078875 9.0000000 9.0000000 3.0455762 2.7091647 2.6913067 9.0000000 9.0000000 2.7654411 3.3567840 
taxon_17   2.7654411 4.3753767 2.7851790 2.3443386 3.6716745 9.0000000 3.6091383 2.9159441 9.0000000 2.6238455 9.0000000 3.5514167 3.3151067 2.6568179 4.5638625 2.4141561 0.0000000 0.9058305 2.2804704 3.7399033 2.3668966 2.5769552 2.5047842 2.2407260 1.8973514 2.3333090 4.3753767 9.0000000 3.1356844 2.8697757 
taxon_18   2.3901542 3.4009143 2.2407260 2.6568179 9.0000000 9.0000000 9.0000000 4.2248737 9.0000000 3.1356844 3.1356844 2.4141561 2.9159441 2.8262852 3.3151067 2.6078875 0.9058305 0.0000000 2.0762774 3.4009143 2.1244222 2.7274583 1.9414818 1.5020862 1.4008090 2.7654411 9.0000000 9.0000000 2.5922619 2.8925047 
taxon_19   3.9922574 9.0000000 2.4020591 2.7274583 9.0000000 9.0000000 9.0000000 2.7091647 9.0000000 9.0000000 2.9910067 2.5769552 3.3151067 2.3555328 2.6738640 2.5472484 2.2804704 2.0762774 0.0000000 1.1575321 1.4167671 1.2680257 2.3117248 1.9286060 1.7136427 2.6401505 9.0000000 9.0000000 2.3784352 2.8262852 
taxon_20   9.0000000 2.7274583 9.0000000 9.0000000 5.1992826 3.9922574 2.9910067 4.5638625 2.9910067 4.8161872 2.8477153 4.3753767 2.5922619 2.3117248 3.3567840 9.0000000 3.7399033 3.4009143 1.1575321 0.0000000 1.6066367 1.1175226 1.7839282 1.7184504 1.5240927 9.0000000 3.0177952 3.1044299 3.3567840 9.0000000 
taxon_21   3.1356844 9.0000000 2.6401505 2.9159441 3.7399033 9.0000000 9.0000000 2.8697757 9.0000000 3.4478045 3.4978229 2.3333090 9.0000000 2.9651421 2.1938358 2.6078875 2.3668966 2.1244222 1.4167671 1.6066367 0.0000000 1.0512727 3.2381161 2.1670473 2.0762774 3.1682983 9.0000000 9.0000000 2.8477153 2.6238455 
taxon_22   3.6091383 2.5769552 9.0000000 9.0000000 2.3333090 2.7462092 4.8161872 4.8161872 9.0000000 9.0000000 2.7274583 2.6238455 2.6913067 2.1938358 3.2756239 9.0000000 2.5769552 2.7274583 1.2680257 1.1175226 1.0512727 0.0000000 1.7232892 1.5278241 1.4565115 9.0000000 9.0000000 9.0000000 9.0000000 9.0000000 
taxon_23   9.0000000 3.2023950 9.0000000 9.0000000 2.4264514 2.4911475 2.6738640 4.3753767 2.7274583 9.0000000 2.3224392 9.0000000 2.6401505 1.7892099 3.4009143 9.0000000 2.5047842 1.9414818 2.3117248 1.7839282 3.2381161 1.7232892 0.0000000 0.8462381 0.9723514 9.0000000 5.1992826 9.0000000 9.0000000 9.0000000 
taxon_24   3.8149659 2.4777543 3.0744259 9.0000000 2.6738640 2.5472484 2.8925047 4.2248737 3.6716745 9.0000000 2.0840900 3.2023950 2.0533164 1.4913205 3.8983851 3.0455762 2.2407260 1.5020862 1.9286060 1.7184504 2.1670473 1.5278241 0.8462381 0.0000000 0.6951871 9.0000000 4.0995807 3.6716745 9.0000000 3.0177952 
taxon_25   2.5769552 2.6078875 1.6947143 2.8925047 2.1583263 2.2703351 2.3555328 9.0000000 2.9651421 9.0000000 1.4531178 2.9159441 1.7998863 0.8691991 2.4020591 2.7091647 1.8973514 1.4008090 1.7136427 1.5240927 2.0762774 1.4565115 0.9723514 0.6951871 0.0000000 9.0000000 5.1992826 9.0000000 2.7274583 2.0685454 
taxon_26   2.2407260 3.2023950 2.9651421 3.4978229 9.0000000 9.0000000 9.0000000 2.7851790 9.0000000 3.2381161 9.0000000 2.3555328 9.0000000 9.0000000 2.8054506 2.6913067 2.3333090 2.7654411 2.6401505 9.0000000 3.1682983 9.0000000 9.0000000 9.0000000 9.0000000 0.0000000 0.8432291 0.7461838 1.8912538 2.1847996 
taxon_27   9.0000000 2.5186735 9.0000000 9.0000000 2.6401505 2.9159441 2.7274583 9.0000000 2.9159441 9.0000000 2.9910067 9.0000000 2.8054506 3.6716745 4.0995807 9.0000000 4.3753767 9.0000000 9.0000000 3.0177952 9.0000000 9.0000000 5.1992826 4.0995807 5.1992826 0.8432291 0.0000000 0.1141103 2.1938358 9.0000000 
taxon_28   6.0226461 2.5769552 9.0000000 9.0000000 2.7274583 3.0744259 2.7091647 9.0000000 3.4478045 9.0000000 3.3567840 9.0000000 2.7274583 4.3753767 3.4478045 9.0000000 9.0000000 9.0000000 9.0000000 3.1044299 9.0000000 9.0000000 9.0000000 3.6716745 9.0000000 0.7461838 0.1141103 0.0000000 2.0919848 4.8161872 
taxon_29   2.7462092 4.8161872 2.3555328 3.0744259 9.0000000 9.0000000 3.2756239 3.2023950 3.7399033 2.8054506 3.3567840 2.6078875 9.0000000 3.2756239 3.3151067 2.7654411 3.1356844 2.5922619 2.3784352 3.3567840 2.8477153 9.0000000 9.0000000 9.0000000 2.7274583 1.8912538 2.1938358 2.0919848 0.0000000 1.6900559 
taxon_30   2.1244222 2.5186735 1.6363015 2.3333090 9.0000000 2.8262852 9.0000000 2.7091647 4.2248737 2.4645960 1.7041188 2.8697757 5.1992826 2.2804704 2.3333090 3.3567840 2.8697757 2.8925047 2.8262852 9.0000000 2.6238455 9.0000000 9.0000000 3.0177952 2.0685454 2.1847996 9.0000000 4.8161872 1.6900559 0.0000000 
