30
taxon_1    0.0000000 1.7949296 2.5360461 2.9594434 2.8401449 3.0413429 3.2381161 9.0000000 9.0000000 4.6609561 9.0000000 9.0000000 2.6640152 3.2015235 9.0000000 9.0000000 9.0000000 9.0000000 3.1013749 3.4538776 9.0000000 9.0000000 3.2381161 3.4538776 2.8184042 2.9857619 9.0000000 9.0000000 9.0000000 9.0000000 
taxon_2    1.7949296 0.0000000 2.2670707 2.7972761 3.1666335 2.3426742 2.9857619 3.3171365 9.0000000 9.0000000 9.0000000 3.3600053 9.0000000 4.6609561 9.0000000 3.5612033 4.2778369 9.0000000 9.0000000 9.0000000 9.0000000 9.0000000 9.0000000 3.1666335 9.0000000 4.1410957 3.4054737 9.0000000 9.0000000 9.0000000 
taxon_3    2.5360461 2.2670707 0.0000000 1.6199466 1.4499923 1.6113258 2.6134342 3.2765861 2.5508980 3.1666335 3.3171365 9.0000000 3.9253341 9.0000000 9.0000000 9.0000000 9.0000000 3.8369969 9.0000000 9.0000000 3.2765861 9.0000000 9.0000000 9.0000000 9.0000000 3.4538776 9.0000000 3.5612033 3.1013749 3.3600053 
taxon_4    2.9594434 2.7972761 1.6199466 0.0000000 0.8832416 1.8517750 3.4054737 4.9650549 3.3600053 3.4054737 3.3171365 9.0000000 9.0000000 2.7972761 9.0000000 9.0000000 3.4054737 9.0000000 3.1666335 9.0000000 9.0000000 3.5056223 3.2015235 9.0000000 9.0000000 9.0000000 3.7579765 4.4451945 4.4451945 9.0000000 
taxon_5    2.8401449 3.1666335 1.4499923 0.8832416 0.0000000 1.7472103 9.0000000 3.6212353 5.4849153 9.0000000 9.0000000 9.0000000 3.4538776 9.0000000 4.1410957 9.0000000 4.1410957 9.0000000 9.0000000 9.0000000 4.0254827 9.0000000 3.4054737 9.0000000 9.0000000 9.0000000 9.0000000 9.0000000 2.9857619 3.3600053 
taxon_6    3.0413429 2.3426742 1.6113258 1.8517750 1.7472103 0.0000000 2.2670707 2.6997362 2.7372441 3.1666335 2.5508980 2.6640152 3.2015235 2.7372441 3.2015235 3.2765861 2.4526268 3.5056223 2.7567257 9.0000000 3.8369969 4.0254827 2.8401449 9.0000000 2.4794154 9.0000000 9.0000000 2.9340173 3.1666335 3.0707584 
taxon_7    3.2381161 2.9857619 2.6134342 3.4054737 9.0000000 2.2670707 0.0000000 1.4745846 1.3378435 1.5696484 1.3682120 0.9130469 9.0000000 2.6467731 3.7579765 9.0000000 9.0000000 3.0413429 3.5612033 3.7579765 9.0000000 4.4451945 4.9650549 3.5612033 3.9253341 9.0000000 9.0000000 4.4451945 3.9253341 9.0000000 
taxon_8    9.0000000 3.3171365 3.2765861 4.9650549 3.6212353 2.6997362 1.4745846 0.0000000 0.2150952 2.1441548 1.8228138 1.4534565 9.0000000 4.9650549 9.0000000 4.0254827 2.8856134 3.6212353 9.0000000 3.6212353 9.0000000 3.6864938 3.4538776 4.4451945 3.3600053 3.9253341 9.0000000 9.0000000 3.2765861 3.1332946 
taxon_9    9.0000000 9.0000000 2.5508980 3.3600053 5.4849153 2.7372441 1.3378435 0.2150952 0.0000000 1.9873360 1.6927309 1.2805637 9.0000000 9.0000000 9.0000000 3.2015235 3.6864938 2.7372441 9.0000000 4.6609561 9.0000000 3.0413429 2.7972761 4.0254827 4.1410957 3.2015235 4.4451945 9.0000000 3.0130376 2.9594434 
taxon_10   4.6609561 9.0000000 3.1666335 3.4054737 9.0000000 3.1666335 1.5696484 2.1441548 1.9873360 0.0000000 0.5360335 0.9746289 3.1332946 9.0000000 3.1013749 3.8369969 3.4538776 9.0000000 9.0000000 3.8369969 3.7579765 2.7972761 2.6997362 4.1410957 2.7372441 9.0000000 3.4054737 3.3171365 9.0000000 9.0000000 
taxon_11   9.0000000 9.0000000 3.3171365 3.3171365 9.0000000 2.5508980 1.3682120 1.8228138 1.6927309 0.5360335 0.0000000 0.8284728 9.0000000 4.1410957 3.3600053 3.0707584 2.9594434 4.9650549 4.1410957 2.7972761 3.4538776 2.7567257 3.2015235 9.0000000 2.7567257 9.0000000 9.0000000 3.0130376 3.1666335 9.0000000 
taxon_12   9.0000000 3.3600053 9.0000000 9.0000000 9.0000000 2.6640152 0.9130469 1.4534565 1.2805637 0.9746289 0.8284728 0.0000000 9.0000000 3.5612033 4.9650549 3.2765861 2.9857619 4.4451945 9.0000000 3.3600053 5.4849153 3.9253341 2.9594434 3.8369969 3.5612033 9.0000000 3.1666335 2.5360461 9.0000000 9.0000000 
taxon_13   2.6640152 9.0000000 3.9253341 9.0000000 3.4538776 3.2015235 9.0000000 9.0000000 9.0000000 3.1332946 9.0000000 9.0000000 0.0000000 4.0254827 2.5214825 2.6299184 3.5056223 9.0000000 5.4849153 3.1332946 9.0000000 3.4054737 3.2765861 2.9594434 3.2015235 2.9594434 3.1013749 3.0413429 3.5056223 2.9857619 
taxon_14   3.2015235 4.6609561 9.0000000 2.7972761 9.0000000 2.7372441 2.6467731 4.9650549 9.0000000 9.0000000 4.1410957 3.5612033 4.0254827 0.0000000 1.2916751 4.4451945 3.2381161 2.6134342 2.0695076 3.0413429 9.0000000 2.7972761 2.1354842 2.6467731 1.8342645 2.5214825 3.0413429 3.3171365 3.0413429 2.5214825 
taxon_15   9.0000000 9.0000000 9.0000000 9.0000000 4.1410957 3.2015235 3.7579765 9.0000000 9.0000000 3.1013749 3.3600053 4.9650549 2.5214825 1.2916751 0.0000000 2.9857619 3.5056223 2.2774157 2.1983953 2.8856134 9.0000000 4.2778369 2.2467992 2.6299184 1.9393744 3.0707584 2.7972761 3.3600053 3.2381161 2.6640152 
taxon_16   9.0000000 3.5612033 9.0000000 9.0000000 9.0000000 3.2765861 9.0000000 4.0254827 3.2015235 3.8369969 3.0707584 3.2765861 2.6299184 4.4451945 2.9857619 0.0000000 0.5309418 2.7767269 2.7972761 4.0254827 9.0000000 9.0000000 2.1890784 4.6609561 1.8517750 3.4054737 2.2985439 2.5214825 9.0000000 9.0000000 
taxon_17   9.0000000 4.2778369 9.0000000 3.4054737 4.1410957 2.4526268 9.0000000 2.8856134 3.6864938 3.4538776 2.9594434 2.9857619 3.5056223 3.2381161 3.5056223 0.5309418 0.0000000 2.8184042 2.8401449 2.8856134 9.0000000 3.6212353 2.2985439 3.9253341 1.8517750 3.0413429 2.1269127 3.0130376 3.3171365 2.9094249 
taxon_18   9.0000000 9.0000000 3.8369969 9.0000000 9.0000000 3.5056223 3.0413429 3.6212353 2.7372441 9.0000000 4.9650549 4.4451945 9.0000000 2.6134342 2.2774157 2.7767269 2.8184042 0.0000000 0.7732152 1.8285173 1.9197226 1.8400560 0.8254607 2.5973046 1.6419423 2.4267622 2.1798759 2.2467992 2.9340173 2.3541248 
taxon_19   3.1013749 9.0000000 9.0000000 3.1666335 9.0000000 2.7567257 3.5612033 9.0000000 9.0000000 9.0000000 4.1410957 9.0000000 5.4849153 2.0695076 2.1983953 2.7972761 2.8401449 0.7732152 0.0000000 1.6927309 1.5575838 1.4674756 0.5966618 2.4526268 1.4362933 2.2568665 2.0161857 2.1890784 2.9340173 2.4395830 
taxon_20   3.4538776 9.0000000 9.0000000 9.0000000 9.0000000 9.0000000 3.7579765 3.6212353 4.6609561 3.8369969 2.7972761 3.3600053 3.1332946 3.0413429 2.8856134 4.0254827 2.8856134 1.8285173 1.6927309 0.0000000 2.0235749 1.9197226 1.1470464 4.0254827 2.3093354 2.7972761 2.3775642 2.7372441 2.7567257 3.4538776 
taxon_21   9.0000000 9.0000000 3.2765861 9.0000000 4.0254827 3.8369969 9.0000000 9.0000000 9.0000000 3.7579765 3.4538776 5.4849153 9.0000000 9.0000000 9.0000000 9.0000000 9.0000000 1.9197226 1.5575838 2.0235749 0.0000000 0.4667836 1.0538531 9.0000000 1.9595550 2.6997362 9.0000000 3.2381161 9.0000000 3.8369969 
taxon_22   9.0000000 9.0000000 9.0000000 3.5056223 9.0000000 4.0254827 4.4451945 3.6864938 3.0413429 2.7972761 2.7567257 3.9253341 3.4054737 2.7972761 4.2778369 9.0000000 3.6212353 1.8400560 1.4674756 1.9197226 0.4667836 0.0000000 0.9493862 4.2778369 1.8458926 3.5612033 3.2765861 3.0130376 9.0000000 2.5660501 
taxon_23   3.2381161 9.0000000 9.0000000 3.2015235 3.4054737 2.8401449 4.9650549 3.4538776 2.7972761 2.6997362 3.2015235 2.9594434 3.2765861 2.1354842 2.2467992 2.1890784 2.2985439 0.8254607 0.5966618 1.1470464 1.0538531 0.9493862 0.0000000 2.2774157 1.0297869 1.8942965 1.7786835 1.8757770 2.4931773 2.0935739 
taxon_24   3.4538776 3.1666335 9.0000000 9.0000000 9.0000000 9.0000000 3.5612033 4.4451945 4.0254827 4.1410957 9.0000000 3.8369969 2.9594434 2.6467731 2.6299184 4.6609561 3.9253341 2.5973046 2.4526268 4.0254827 9.0000000 4.2778369 2.2774157 0.0000000 1.9327665 3.6864938 2.2879054 2.8856134 3.5612033 2.6467731 
taxon_25   2.8184042 9.0000000 9.0000000 9.0000000 9.0000000 2.4794154 3.9253341 3.3600053 4.1410957 2.7372441 2.7567257 3.5612033 3.2015235 1.8342645 1.9393744 1.8517750 1.8517750 1.6419423 1.4362933 2.3093354 1.9595550 1.8458926 1.0297869 1.9327665 0.0000000 1.3468256 1.1610220 1.3870414 1.6028030 1.3870414 
taxon_26   2.9857619 4.1410957 3.4538776 9.0000000 9.0000000 9.0000000 9.0000000 3.9253341 3.2015235 9.0000000 9.0000000 9.0000000 2.9594434 2.5214825 3.0707584 3.4054737 3.0413429 2.4267622 2.2568665 2.7972761 2.6997362 3.5612033 1.8942965 3.6864938 1.3468256 0.0000000 1.8228138 1.9327665 2.4395830 2.3426742 
taxon_27   9.0000000 3.4054737 9.0000000 3.7579765 9.0000000 9.0000000 9.0000000 9.0000000 4.4451945 3.4054737 9.0000000 3.1666335 3.1013749 3.0413429 2.7972761 2.2985439 2.1269127 2.1798759 2.0161857 2.3775642 9.0000000 3.2765861 1.7786835 2.2879054 1.1610220 1.8228138 0.0000000 1.4710217 1.6785349 1.5417938 
taxon_28   9.0000000 9.0000000 3.5612033 4.4451945 9.0000000 2.9340173 4.4451945 9.0000000 9.0000000 3.3171365 3.0130376 2.5360461 3.0413429 3.3171365 3.3600053 2.5214825 3.0130376 2.2467992 2.1890784 2.7372441 3.2381161 3.0130376 1.8757770 2.8856134 1.3870414 1.9327665 1.4710217 0.0000000 1.0103052 0.8164965 
taxon_29   9.0000000 9.0000000 3.1013749 4.4451945 2.9857619 3.1666335 3.9253341 3.2765861 3.0130376 9.0000000 3.1666335 9.0000000 3.5056223 3.0413429 3.2381161 9.0000000 3.3171365 2.9340173 2.9340173 2.7567257 9.0000000 9.0000000 2.4931773 3.5612033 1.6028030 2.4395830 1.6785349 1.0103052 0.0000000 0.4008266 
taxon_30   9.0000000 9.0000000 3.3600053 9.0000000 3.3600053 3.0707584 9.0000000 3.1332946 2.9594434 9.0000000 9.0000000 9.0000000 2.9857619 2.5214825 2.6640152 9.0000000 2.9094249 2.3541248 2.4395830 3.4538776 3.8369969 2.5660501 2.0935739 2.6467731 1.3870414 2.3426742 1.5417938 0.8164965 0.4008266 0.0000000 
