RF=0.085106
WRF=0.097656
