30
taxon_1    0.0000000 1.0313675 9.0000000 9.0000000 1.2418732 9.0000000 1.2609690 9.0000000 1.2171457 9.0000000 9.0000000 1.2030890 9.0000000 1.1274583 9.0000000 1.1912467 1.1202983 1.2314708 1.1605519 9.0000000 9.0000000 9.0000000 1.2335398 1.1568019 9.0000000 9.0000000 1.6208141 0.4116549 1.5575838 0.6416319 
taxon_2    1.0313675 0.0000000 2.9440840 2.8670939 0.7910901 1.4024525 1.0522244 3.7285608 1.1167438 2.8670939 9.0000000 1.1009538 9.0000000 1.0034139 9.0000000 1.0266356 0.9009823 1.1475081 1.0686724 2.3291603 3.7285608 9.0000000 1.0703373 1.0992197 9.0000000 9.0000000 2.1133988 1.0409217 9.0000000 1.1044340 
taxon_3    9.0000000 2.9440840 0.0000000 1.1853949 9.0000000 1.0888984 9.0000000 1.2566832 9.0000000 1.1493576 1.2011023 9.0000000 1.2171457 9.0000000 1.2397811 9.0000000 9.0000000 9.0000000 9.0000000 1.1662123 1.2827728 1.1892910 9.0000000 9.0000000 1.1365054 1.1530705 1.1873404 9.0000000 1.1834544 9.0000000 
taxon_4    9.0000000 2.8670939 1.1853949 0.0000000 1.0538531 1.1292590 9.0000000 1.2439711 9.0000000 1.1568019 1.1586745 9.0000000 1.1815189 9.0000000 1.2212107 9.0000000 9.0000000 9.0000000 9.0000000 1.1624339 1.1185190 1.2314708 9.0000000 9.0000000 1.2418732 1.2805637 1.2481846 9.0000000 1.2314708 9.0000000 
taxon_5    1.2418732 0.7910901 9.0000000 1.0538531 0.0000000 9.0000000 1.1167438 9.0000000 1.1951734 9.0000000 9.0000000 1.2191754 9.0000000 1.1044340 9.0000000 1.1719157 1.1292590 1.2631210 1.1061803 9.0000000 9.0000000 9.0000000 1.1971445 1.1738266 9.0000000 9.0000000 9.0000000 1.2191754 9.0000000 1.2212107 
taxon_6    9.0000000 1.4024525 1.0888984 1.1292590 9.0000000 0.0000000 2.0191326 0.8930457 3.1803953 0.8722831 1.0538531 4.0926915 0.9973410 2.2212397 1.0313675 2.3751871 2.1067311 9.0000000 9.0000000 1.0409217 1.0940413 1.1346873 9.0000000 5.1324010 1.1079306 1.0820956 0.9958304 9.0000000 1.2294075 9.0000000 
taxon_7    1.2609690 1.0522244 9.0000000 9.0000000 1.1167438 2.0191326 0.0000000 9.0000000 1.1776629 9.0000000 9.0000000 1.2314708 9.0000000 1.1202983 9.0000000 1.1365054 1.1256619 1.1815189 1.1568019 9.0000000 9.0000000 9.0000000 1.1202983 1.1346873 9.0000000 9.0000000 9.0000000 1.2050811 9.0000000 1.2418732 
taxon_8    9.0000000 3.7285608 1.2566832 1.2439711 9.0000000 0.8930457 9.0000000 0.0000000 9.0000000 0.9647915 1.1167438 9.0000000 1.0653539 2.5449219 1.0234975 2.9857619 9.0000000 9.0000000 9.0000000 1.1912467 1.1643207 1.1795884 9.0000000 9.0000000 1.1346873 1.1456631 1.1438226 9.0000000 1.1892910 9.0000000 
taxon_9    1.2171457 1.1167438 9.0000000 9.0000000 1.1951734 3.1803953 1.1776629 9.0000000 0.0000000 1.4315565 9.0000000 1.0923231 9.0000000 0.9943229 9.0000000 1.0377234 1.1383280 1.1912467 1.1815189 9.0000000 9.0000000 9.0000000 1.2191754 1.1932075 9.0000000 9.0000000 9.0000000 1.1475081 9.0000000 1.1274583 
taxon_10   9.0000000 2.8670939 1.1493576 1.1568019 9.0000000 0.8722831 9.0000000 0.9647915 1.4315565 0.0000000 1.0361294 2.2528233 0.9490316 1.5935384 0.9518725 1.8319602 9.0000000 9.0000000 9.0000000 1.1310641 1.1419866 1.1719157 9.0000000 9.0000000 1.1114434 1.1310641 1.0770337 9.0000000 1.1776629 9.0000000 
taxon_11   9.0000000 9.0000000 1.2011023 1.1586745 9.0000000 1.0538531 9.0000000 1.1167438 9.0000000 1.0361294 0.0000000 1.6070523 1.0720058 2.7646621 1.1044340 3.2381161 9.0000000 9.0000000 9.0000000 1.1853949 1.1456631 1.2030890 9.0000000 9.0000000 1.1167438 1.1185190 1.1815189 9.0000000 1.2805637 9.0000000 
taxon_12   1.2030890 1.1009538 9.0000000 9.0000000 1.2191754 4.0926915 1.2314708 9.0000000 1.0923231 2.2528233 1.6070523 0.0000000 2.9240833 0.9184718 3.2087006 0.9490316 1.1475081 1.1624339 1.2524219 9.0000000 9.0000000 9.0000000 1.1991208 1.2011023 9.0000000 9.0000000 9.0000000 1.1795884 9.0000000 1.1757423 
taxon_13   9.0000000 9.0000000 1.2171457 1.1815189 9.0000000 0.9973410 9.0000000 1.0653539 9.0000000 0.9490316 1.0720058 2.9240833 0.0000000 1.5737135 0.9764649 1.7492679 9.0000000 9.0000000 9.0000000 1.1568019 1.1643207 1.2191754 9.0000000 9.0000000 1.1643207 1.1681086 1.1662123 9.0000000 1.1951734 9.0000000 
taxon_14   1.1274583 1.0034139 9.0000000 9.0000000 1.1044340 2.2212397 1.1202983 2.5449219 0.9943229 1.5935384 2.7646621 0.9184718 1.5737135 0.0000000 1.3283795 0.4536686 1.0686724 1.1853949 1.2030890 9.0000000 9.0000000 9.0000000 1.2011023 1.1912467 9.0000000 9.0000000 9.0000000 1.1892910 9.0000000 1.1328735 
taxon_15   9.0000000 9.0000000 1.2397811 1.2212107 9.0000000 1.0313675 9.0000000 1.0234975 9.0000000 0.9518725 1.1044340 3.2087006 0.9764649 1.3283795 0.0000000 1.4024525 9.0000000 9.0000000 9.0000000 1.2439711 1.1624339 1.2294075 9.0000000 9.0000000 1.1605519 1.1365054 1.1681086 9.0000000 1.1681086 9.0000000 
taxon_16   1.1912467 1.0266356 9.0000000 9.0000000 1.1719157 2.3751871 1.1365054 2.9857619 1.0377234 1.8319602 3.2381161 0.9490316 1.7492679 0.4536686 1.4024525 0.0000000 1.1026919 1.1493576 1.2588230 9.0000000 9.0000000 9.0000000 1.2356144 1.2460749 9.0000000 9.0000000 9.0000000 1.2011023 9.0000000 1.2294075 
taxon_17   1.1202983 0.9009823 9.0000000 9.0000000 1.1292590 2.1067311 1.1256619 9.0000000 1.1383280 9.0000000 9.0000000 1.1475081 9.0000000 1.0686724 9.0000000 1.1026919 0.0000000 0.7740568 0.5828315 9.0000000 9.0000000 9.0000000 1.1512118 1.1971445 9.0000000 9.0000000 9.0000000 1.1815189 9.0000000 1.2252979 
taxon_18   1.2314708 1.1475081 9.0000000 9.0000000 1.2631210 9.0000000 1.1815189 9.0000000 1.1912467 9.0000000 9.0000000 1.1624339 9.0000000 1.1853949 9.0000000 1.1493576 0.7740568 0.0000000 0.9676929 9.0000000 9.0000000 9.0000000 1.1991208 1.1586745 9.0000000 9.0000000 9.0000000 1.2566832 9.0000000 1.1892910 
taxon_19   1.1605519 1.0686724 9.0000000 9.0000000 1.1061803 9.0000000 1.1568019 9.0000000 1.1815189 9.0000000 9.0000000 1.2524219 9.0000000 1.2030890 9.0000000 1.2588230 0.5828315 0.9676929 0.0000000 9.0000000 9.0000000 9.0000000 1.2397811 1.2294075 9.0000000 9.0000000 9.0000000 1.1681086 9.0000000 1.2171457 
taxon_20   9.0000000 2.3291603 1.1662123 1.1624339 9.0000000 1.0409217 9.0000000 1.1912467 9.0000000 1.1310641 1.1853949 9.0000000 1.1568019 9.0000000 1.2439711 9.0000000 9.0000000 9.0000000 9.0000000 0.0000000 1.0049399 1.0923231 4.4451945 9.0000000 1.1202983 1.0554853 1.1493576 9.0000000 1.2191754 9.0000000 
taxon_21   9.0000000 3.7285608 1.2827728 1.1185190 9.0000000 1.0940413 9.0000000 1.1643207 9.0000000 1.1419866 1.1456631 9.0000000 1.1643207 9.0000000 1.1624339 9.0000000 9.0000000 9.0000000 9.0000000 1.0049399 0.0000000 1.1274583 3.3339911 9.0000000 1.0686724 1.0720058 1.1185190 9.0000000 1.2717916 9.0000000 
taxon_22   9.0000000 9.0000000 1.1892910 1.2314708 9.0000000 1.1346873 9.0000000 1.1795884 9.0000000 1.1719157 1.2030890 9.0000000 1.2191754 9.0000000 1.2294075 9.0000000 9.0000000 9.0000000 9.0000000 1.0923231 1.1274583 0.0000000 1.7659353 2.0492571 0.9239364 0.9090037 1.1873404 9.0000000 1.2212107 9.0000000 
taxon_23   1.2335398 1.0703373 9.0000000 9.0000000 1.1971445 9.0000000 1.1202983 9.0000000 1.2191754 9.0000000 9.0000000 1.1991208 9.0000000 1.2011023 9.0000000 1.2356144 1.1512118 1.1991208 1.2397811 4.4451945 3.3339911 1.7659353 0.0000000 0.7968549 1.6208141 1.6898702 9.0000000 1.2090811 9.0000000 1.2232515 
taxon_24   1.1568019 1.0992197 9.0000000 9.0000000 1.1738266 5.1324010 1.1346873 9.0000000 1.1932075 9.0000000 9.0000000 1.2011023 9.0000000 1.1912467 9.0000000 1.2460749 1.1971445 1.1586745 1.2294075 9.0000000 9.0000000 2.0492571 0.7968549 0.0000000 1.0923231 1.0670113 9.0000000 1.1719157 9.0000000 1.1971445 
taxon_25   9.0000000 9.0000000 1.1365054 1.2418732 9.0000000 1.1079306 9.0000000 1.1346873 9.0000000 1.1114434 1.1167438 9.0000000 1.1643207 9.0000000 1.1605519 9.0000000 9.0000000 9.0000000 9.0000000 1.1202983 1.0686724 0.9239364 1.6208141 1.0923231 0.0000000 0.3059008 1.1643207 9.0000000 1.2503002 9.0000000 
taxon_26   9.0000000 9.0000000 1.1530705 1.2805637 9.0000000 1.0820956 9.0000000 1.1456631 9.0000000 1.1310641 1.1185190 9.0000000 1.1681086 9.0000000 1.1365054 9.0000000 9.0000000 9.0000000 9.0000000 1.0554853 1.0720058 0.9090037 1.6898702 1.0670113 0.3059008 0.0000000 1.1419866 9.0000000 1.2294075 9.0000000 
taxon_27   1.6208141 2.1133988 1.1873404 1.2481846 9.0000000 0.9958304 9.0000000 1.1438226 9.0000000 1.0770337 1.1815189 9.0000000 1.1662123 9.0000000 1.1681086 9.0000000 9.0000000 9.0000000 9.0000000 1.1493576 1.1185190 1.1873404 9.0000000 9.0000000 1.1643207 1.1419866 0.0000000 2.0074136 1.0554853 2.6467731 
taxon_28   0.4116549 1.0409217 9.0000000 9.0000000 1.2191754 9.0000000 1.2050811 9.0000000 1.1475081 9.0000000 9.0000000 1.1795884 9.0000000 1.1892910 9.0000000 1.2011023 1.1815189 1.2566832 1.1681086 9.0000000 9.0000000 9.0000000 1.2090811 1.1719157 9.0000000 9.0000000 2.0074136 0.0000000 1.9094485 0.7454190 
taxon_29   1.5575838 9.0000000 1.1834544 1.2314708 9.0000000 1.2294075 9.0000000 1.1892910 9.0000000 1.1776629 1.2805637 9.0000000 1.1951734 9.0000000 1.1681086 9.0000000 9.0000000 9.0000000 9.0000000 1.2191754 1.2717916 1.2212107 9.0000000 9.0000000 1.2503002 1.2294075 1.0554853 1.9094485 0.0000000 0.8595925 
taxon_30   0.6416319 1.1044340 9.0000000 9.0000000 1.2212107 9.0000000 1.2418732 9.0000000 1.1274583 9.0000000 9.0000000 1.1757423 9.0000000 1.1328735 9.0000000 1.2294075 1.2252979 1.1892910 1.2171457 9.0000000 9.0000000 9.0000000 1.2232515 1.1971445 9.0000000 9.0000000 2.6467731 0.7454190 0.8595925 0.0000000 
