30
taxon_1    0.0000000 2.3775642 2.4141569 2.7182557 2.4395830 2.8184042 2.4395830 2.1618027 2.3541248 2.5660501 2.5360461 2.8401449 3.5612033 2.6816631 2.3895645 2.1707848 2.5071964 2.0935739 2.4659015 9.0000000 3.8369969 2.8856134 3.6212353 2.4017599 4.1410957 3.2381161 1.5417938 1.9733169 2.8401449 3.6212353 
taxon_2    2.3775642 0.0000000 0.7256880 0.6055772 1.0377234 2.4017599 2.3657530 2.3093354 1.9664044 2.7567257 2.9594434 9.0000000 3.4538776 9.0000000 4.6609561 3.5612033 2.7567257 2.7182557 9.0000000 9.0000000 3.6212353 3.6864938 3.2015235 9.0000000 9.0000000 2.9340173 2.7972761 2.8184042 9.0000000 9.0000000 
taxon_3    2.4141569 0.7256880 0.0000000 0.5748262 1.2247858 2.1529268 2.4395830 2.3775642 2.2568665 3.7579765 3.2381161 2.7972761 2.6640152 3.0707584 9.0000000 4.0254827 3.1332946 2.9594434 9.0000000 9.0000000 9.0000000 3.0707584 3.4538776 9.0000000 9.0000000 3.4538776 2.7972761 3.6864938 9.0000000 3.8369969 
taxon_4    2.7182557 0.6055772 0.5748262 0.0000000 1.0219334 2.0385754 2.1017707 2.1618027 1.8458926 2.6997362 3.1666335 9.0000000 3.3600053 9.0000000 2.7767269 2.9594434 2.6299184 2.8856134 3.7579765 3.7579765 9.0000000 4.1410957 2.5815145 3.4538776 3.6864938 3.5056223 3.3600053 3.2765861 9.0000000 3.8369969 
taxon_5    2.4395830 1.0377234 1.2247858 1.0219334 0.0000000 1.7319556 2.0310377 1.9069018 1.8004241 2.4931773 2.9594434 3.2765861 3.7579765 9.0000000 3.0413429 2.8401449 2.2568665 2.4659015 3.0413429 4.0254827 3.1332946 2.2670707 2.7767269 4.6609561 4.1410957 3.9253341 2.4017599 2.3093354 3.1332946 3.5612033 
taxon_6    2.8184042 2.4017599 2.1529268 2.0385754 1.7319556 0.0000000 1.8757770 1.6600155 1.3528740 3.8369969 2.7372441 9.0000000 3.3600053 4.1410957 3.1332946 3.2015235 3.2015235 2.5815145 3.3171365 3.0413429 3.3171365 3.5612033 3.7579765 9.0000000 9.0000000 9.0000000 2.4659015 2.5973046 4.0254827 9.0000000 
taxon_7    2.4395830 2.3657530 2.4395830 2.1017707 2.0310377 1.8757770 0.0000000 1.6199466 1.4745846 3.0707584 3.4054737 4.2778369 9.0000000 4.4451945 9.0000000 3.8369969 3.6212353 2.8401449 3.2015235 4.1410957 3.9253341 2.9094249 9.0000000 5.4849153 9.0000000 3.3171365 3.0130376 2.8401449 3.4538776 9.0000000 
taxon_8    2.1618027 2.3093354 2.3775642 2.1618027 1.9069018 1.6600155 1.6199466 0.0000000 1.0238890 3.1666335 9.0000000 4.9650549 4.6609561 2.9594434 3.9253341 3.7579765 9.0000000 3.4538776 3.8369969 3.0707584 3.3171365 3.2765861 9.0000000 9.0000000 9.0000000 9.0000000 2.7567257 2.4659015 3.2381161 9.0000000 
taxon_9    2.3541248 1.9664044 2.2568665 1.8458926 1.8004241 1.3528740 1.4745846 1.0238890 0.0000000 2.4659015 2.7767269 9.0000000 2.5360461 2.4017599 2.9340173 2.2368653 2.4526268 2.5214825 3.0413429 3.5056223 9.0000000 2.7182557 3.2015235 9.0000000 3.6212353 3.0130376 2.3313958 2.3895645 2.8625346 3.9253341 
taxon_10   2.5660501 2.7567257 3.7579765 2.6997362 2.4931773 3.8369969 3.0707584 3.1666335 2.4659015 0.0000000 2.2985439 5.4849153 9.0000000 9.0000000 9.0000000 9.0000000 3.6212353 3.0707584 3.5612033 9.0000000 3.8369969 3.3600053 3.7579765 3.4538776 3.0413429 3.6212353 2.3541248 3.4538776 9.0000000 9.0000000 
taxon_11   2.5360461 2.9594434 3.2381161 3.1666335 2.9594434 2.7372441 3.4054737 9.0000000 2.7767269 2.2985439 0.0000000 9.0000000 3.9253341 9.0000000 3.1666335 3.7579765 2.9857619 2.6299184 3.0413429 9.0000000 3.0707584 2.9094249 2.6640152 3.2381161 2.9594434 4.0254827 2.2568665 3.5612033 3.9253341 9.0000000 
taxon_12   2.8401449 9.0000000 2.7972761 9.0000000 3.2765861 9.0000000 4.2778369 4.9650549 9.0000000 5.4849153 9.0000000 0.0000000 1.5778007 1.4499923 2.5660501 2.6997362 4.1410957 2.5508980 3.3171365 4.1410957 4.4451945 5.4849153 2.8184042 9.0000000 3.5056223 3.2381161 2.8401449 9.0000000 3.0413429 9.0000000 
taxon_13   3.5612033 3.4538776 2.6640152 3.3600053 3.7579765 3.3600053 9.0000000 4.6609561 2.5360461 9.0000000 3.9253341 1.5778007 0.0000000 0.7139384 9.0000000 2.7767269 2.8856134 2.5360461 2.3541248 3.5056223 9.0000000 3.5056223 4.0254827 3.3600053 2.7567257 3.8369969 2.5071964 2.8401449 4.0254827 3.5612033 
taxon_14   2.6816631 9.0000000 3.0707584 9.0000000 9.0000000 4.1410957 4.4451945 2.9594434 2.4017599 9.0000000 9.0000000 1.4499923 0.7139384 0.0000000 9.0000000 9.0000000 4.0254827 2.8625346 2.6816631 3.8369969 3.6864938 3.5056223 9.0000000 9.0000000 3.6212353 9.0000000 2.6816631 5.4849153 9.0000000 9.0000000 
taxon_15   2.3895645 4.6609561 9.0000000 2.7767269 3.0413429 3.1332946 9.0000000 3.9253341 2.9340173 9.0000000 3.1666335 2.5660501 9.0000000 9.0000000 0.0000000 0.4357573 0.8061718 1.6156238 2.9594434 2.7567257 3.5612033 9.0000000 3.4054737 9.0000000 3.9253341 9.0000000 2.4017599 3.6212353 4.2778369 3.3171365 
taxon_16   2.1707848 3.5612033 4.0254827 2.9594434 2.8401449 3.2015235 3.8369969 3.7579765 2.2368653 9.0000000 3.7579765 2.6997362 2.7767269 9.0000000 0.4357573 0.0000000 0.3982712 1.3029535 2.7372441 2.6816631 3.6212353 4.9650549 9.0000000 4.4451945 9.0000000 4.0254827 2.3202845 3.6212353 4.2778369 3.5056223 
taxon_17   2.5071964 2.7567257 3.1332946 2.6299184 2.2568665 3.2015235 3.6212353 9.0000000 2.4526268 3.6212353 2.9857619 4.1410957 2.8856134 4.0254827 0.8061718 0.3982712 0.0000000 1.2944788 2.5973046 2.4659015 4.1410957 9.0000000 9.0000000 3.0707584 9.0000000 2.8184042 2.0695076 2.9594434 9.0000000 3.1332946 
taxon_18   2.0935739 2.7182557 2.9594434 2.8856134 2.4659015 2.5815145 2.8401449 3.4538776 2.5214825 3.0707584 2.6299184 2.5508980 2.5360461 2.8625346 1.6156238 1.3029535 1.2944788 0.0000000 2.0616541 3.3600053 4.6609561 3.6864938 3.2015235 9.0000000 2.8625346 2.9094249 1.5263293 1.9069018 2.8625346 3.3600053 
taxon_19   2.4659015 9.0000000 9.0000000 3.7579765 3.0413429 3.3171365 3.2015235 3.8369969 3.0413429 3.5612033 3.0413429 3.3171365 2.3541248 2.6816631 2.9594434 2.7372441 2.5973046 2.0616541 0.0000000 1.6028030 1.8818995 1.8171534 1.8517750 1.6554562 1.3438196 1.1776629 1.1971445 1.8115354 2.0385754 2.4526268 
taxon_20   9.0000000 9.0000000 9.0000000 3.7579765 4.0254827 3.0413429 4.1410957 3.0707584 3.5056223 9.0000000 9.0000000 4.1410957 3.5056223 3.8369969 2.7567257 2.6816631 2.4659015 3.3600053 1.6028030 0.0000000 4.9650549 2.7372441 2.5973046 2.4794154 2.6299184 2.2568665 2.0385754 2.2467992 2.7567257 4.0254827 
taxon_21   3.8369969 3.6212353 9.0000000 9.0000000 3.1332946 3.3171365 3.9253341 3.3171365 9.0000000 3.8369969 3.0707584 4.4451945 9.0000000 3.6864938 3.5612033 3.6212353 4.1410957 4.6609561 1.8818995 4.9650549 0.0000000 2.0616541 1.7949296 1.7120868 1.9733169 1.7627818 2.2467992 3.4538776 3.5612033 3.5056223 
taxon_22   2.8856134 3.6864938 3.0707584 4.1410957 2.2670707 3.5612033 2.9094249 3.2765861 2.7182557 3.3600053 2.9094249 5.4849153 3.5056223 3.5056223 9.0000000 4.9650549 9.0000000 3.6864938 1.8171534 2.7372441 2.0616541 0.0000000 1.8517750 1.5536050 2.2879054 2.0461897 2.2467992 3.8369969 9.0000000 9.0000000 
taxon_23   3.6212353 3.2015235 3.4538776 2.5815145 2.7767269 3.7579765 9.0000000 9.0000000 3.2015235 3.7579765 2.6640152 2.8184042 4.0254827 9.0000000 3.4054737 9.0000000 9.0000000 3.2015235 1.8517750 2.5973046 1.7949296 1.8517750 0.0000000 1.2196838 2.2879054 2.1890784 2.1983953 2.8401449 3.4538776 3.6864938 
taxon_24   2.4017599 9.0000000 9.0000000 3.4538776 4.6609561 9.0000000 5.4849153 9.0000000 9.0000000 3.4538776 3.2381161 9.0000000 3.3600053 9.0000000 9.0000000 4.4451945 3.0707584 9.0000000 1.6554562 2.4794154 1.7120868 1.5536050 1.2196838 0.0000000 2.2270612 1.6646026 1.9873360 2.2879054 2.9594434 2.5071964 
taxon_25   4.1410957 9.0000000 9.0000000 3.6864938 4.1410957 9.0000000 9.0000000 9.0000000 3.6212353 3.0413429 2.9594434 3.5056223 2.7567257 3.6212353 3.9253341 9.0000000 9.0000000 2.8625346 1.3438196 2.6299184 1.9733169 2.2879054 2.2879054 2.2270612 0.0000000 1.2641995 1.8757770 2.1798759 2.2368653 3.3600053 
taxon_26   3.2381161 2.9340173 3.4538776 3.5056223 3.9253341 9.0000000 3.3171365 9.0000000 3.0130376 3.6212353 4.0254827 3.2381161 3.8369969 9.0000000 9.0000000 4.0254827 2.8184042 2.9094249 1.1776629 2.2568665 1.7627818 2.0461897 2.1890784 1.6646026 1.2641995 0.0000000 1.6975233 2.3426742 3.0130376 3.5056223 
taxon_27   1.5417938 2.7972761 2.7972761 3.3600053 2.4017599 2.4659015 3.0130376 2.7567257 2.3313958 2.3541248 2.2568665 2.8401449 2.5071964 2.6816631 2.4017599 2.3202845 2.0695076 1.5263293 1.1971445 2.0385754 2.2467992 2.2467992 2.1983953 1.9873360 1.8757770 1.6975233 0.0000000 1.0641132 1.6070523 2.2270612 
taxon_28   1.9733169 2.8184042 3.6864938 3.2765861 2.3093354 2.5973046 2.8401449 2.4659015 2.3895645 3.4538776 3.5612033 9.0000000 2.8401449 5.4849153 3.6212353 3.6212353 2.9594434 1.9069018 1.8115354 2.2467992 3.4538776 3.8369969 2.8401449 2.2879054 2.1798759 2.3426742 1.0641132 0.0000000 0.8164965 1.4063558 
taxon_29   2.8401449 9.0000000 9.0000000 9.0000000 3.1332946 4.0254827 3.4538776 3.2381161 2.8625346 9.0000000 3.9253341 3.0413429 4.0254827 9.0000000 4.2778369 4.2778369 9.0000000 2.8625346 2.0385754 2.7567257 3.5612033 9.0000000 3.4538776 2.9594434 2.2368653 3.0130376 1.6070523 0.8164965 0.0000000 1.3057998 
taxon_30   3.6212353 9.0000000 3.8369969 3.8369969 3.5612033 9.0000000 9.0000000 9.0000000 3.9253341 9.0000000 9.0000000 9.0000000 3.5612033 9.0000000 3.3171365 3.5056223 3.1332946 3.3600053 2.4526268 4.0254827 3.5056223 9.0000000 3.6864938 2.5071964 3.3600053 3.5056223 2.2270612 1.4063558 1.3057998 0.0000000 
