30
taxon_1    0.0000000 0.3940316 1.0377234 1.6554562 2.7567257 2.2467992 1.9873360 3.8369969 2.6134342 2.1707848 2.4395830 2.6467731 2.4267622 2.2368653 2.8625346 3.4054737 9.0000000 3.1666335 9.0000000 3.2381161 2.6467731 9.0000000 3.1013749 9.0000000 3.8369969 3.0413429 3.2765861 3.4538776 3.5056223 2.4395830 
taxon_2    0.3940316 0.0000000 1.0297869 1.7072008 2.8184042 2.2774157 1.8757770 3.6864938 2.6816631 2.1983953 2.9857619 2.4794154 2.2270612 2.4267622 3.0413429 3.3171365 4.2778369 3.0130376 3.0707584 3.2765861 2.5973046 9.0000000 3.2015235 9.0000000 4.0254827 3.9253341 3.9253341 2.8401449 2.9594434 2.6816631 
taxon_3    1.0377234 1.0297869 0.0000000 0.8017901 1.9460411 1.7680450 0.9838541 2.0016221 1.5615838 1.1378720 1.8342645 1.4926578 1.3589716 1.7072008 1.7023465 2.7567257 3.1013749 2.7767269 2.8856134 2.3313958 2.0235749 2.7767269 2.5973046 2.8856134 3.3171365 2.8184042 2.3895645 2.0385754 2.7182557 2.2774157 
taxon_4    1.6554562 1.7072008 0.8017901 0.0000000 1.7072008 1.7072008 0.8592779 1.6646026 1.5457102 1.0317631 1.5737135 1.3201956 1.1310641 1.5901977 1.5737135 2.7182557 2.3775642 2.5071964 2.1798759 2.6640152 2.0774442 2.5815145 2.8625346 2.6997362 9.0000000 2.5508980 2.4931773 1.8577039 3.2381161 2.7567257 
taxon_5    2.7567257 2.8184042 1.9460411 1.7072008 0.0000000 2.1441548 1.2916751 2.8856134 2.6640152 2.1269127 3.0413429 2.2467992 2.2879054 2.2173837 2.5660501 2.9857619 3.1013749 9.0000000 9.0000000 9.0000000 3.6212353 9.0000000 4.2778369 9.0000000 2.6997362 3.3600053 3.2015235 3.0707584 2.7767269 9.0000000 
taxon_6    2.2467992 2.2774157 1.7680450 1.7072008 2.1441548 0.0000000 1.0278158 2.5815145 2.0854657 1.8458926 9.0000000 2.2467992 2.1269127 2.5815145 3.0413429 2.5360461 4.0254827 3.7579765 2.4141569 3.4538776 3.1666335 9.0000000 4.2778369 3.2015235 3.6212353 4.1410957 3.2015235 3.2381161 3.2765861 2.7567257 
taxon_7    1.9873360 1.8757770 0.9838541 0.8592779 1.2916751 1.0278158 0.0000000 1.9132848 1.5111773 1.1610220 1.6554562 1.6028030 1.3528740 1.8342645 1.7072008 2.1890784 2.6997362 3.2015235 2.4659015 2.5214825 2.0616541 9.0000000 2.3657530 2.7182557 2.6134342 2.7372441 2.3313958 2.1798759 2.8625346 2.6997362 
taxon_8    3.8369969 3.6864938 2.0016221 1.6646026 2.8856134 2.5815145 1.9132848 0.0000000 0.6998234 0.8017901 2.6816631 2.3657530 2.1707848 2.4526268 2.6467731 2.5973046 3.3600053 3.9253341 3.0130376 2.6134342 3.1332946 9.0000000 3.2765861 3.1666335 9.0000000 4.1410957 3.5612033 9.0000000 2.9340173 4.2778369 
taxon_9    2.6134342 2.6816631 1.5615838 1.5457102 2.6640152 2.0854657 1.5111773 0.6998234 0.0000000 0.3982712 2.4267622 1.8636800 1.6738620 2.0461897 2.2774157 3.3600053 2.7372441 3.7579765 2.9857619 2.9857619 4.0254827 9.0000000 2.8184042 3.1013749 4.9650549 9.0000000 9.0000000 3.2765861 3.1013749 3.6212353 
taxon_10   2.1707848 2.1983953 1.1378720 1.0317631 2.1269127 1.8458926 1.1610220 0.8017901 0.3982712 0.0000000 1.8228138 1.4745846 1.3438196 1.6419423 1.8942965 2.6997362 2.5508980 2.9857619 2.8184042 2.5071964 2.5815145 3.6864938 2.9340173 2.6640152 3.6212353 4.1410957 3.2381161 2.3895645 3.0413429 2.7767269 
taxon_11   2.4395830 2.9857619 1.8342645 1.5737135 3.0413429 9.0000000 1.6554562 2.6816631 2.4267622 1.8228138 0.0000000 0.9820000 0.8345334 1.3260322 1.2615065 3.1332946 2.9857619 9.0000000 3.2381161 9.0000000 2.6816631 3.6864938 2.4267622 2.9857619 2.9594434 3.0413429 2.7372441 2.9094249 2.6467731 4.2778369 
taxon_12   2.6467731 2.4794154 1.4926578 1.3201956 2.2467992 2.2467992 1.6028030 2.3657530 1.8636800 1.4745846 0.9820000 0.0000000 0.1812353 0.9709704 0.9801504 2.9857619 2.6467731 4.9650549 2.9340173 2.7972761 2.7767269 3.9253341 2.7767269 2.8401449 3.6864938 3.3600053 2.4931773 2.6299184 9.0000000 9.0000000 
taxon_13   2.4267622 2.2270612 1.3589716 1.1310641 2.2879054 2.1269127 1.3528740 2.1707848 1.6738620 1.3438196 0.8345334 0.1812353 0.0000000 0.8514572 0.8314970 2.7182557 2.6997362 3.7579765 2.5508980 2.9340173 2.7567257 9.0000000 2.5815145 2.7767269 3.6864938 3.2765861 2.5660501 2.5508980 3.9253341 9.0000000 
taxon_14   2.2368653 2.4267622 1.7072008 1.5901977 2.2173837 2.5815145 1.8342645 2.4526268 2.0461897 1.6419423 1.3260322 0.9709704 0.8514572 0.0000000 1.0357314 2.6997362 2.9857619 2.9857619 2.7372441 3.0413429 3.1013749 4.4451945 5.4849153 4.9650549 9.0000000 3.4538776 3.6212353 3.8369969 9.0000000 9.0000000 
taxon_15   2.8625346 3.0413429 1.7023465 1.5737135 2.5660501 3.0413429 1.7072008 2.6467731 2.2774157 1.8942965 1.2615065 0.9801504 0.8314970 1.0357314 0.0000000 2.9857619 4.1410957 2.9094249 9.0000000 3.5056223 3.2765861 9.0000000 3.1666335 2.9857619 3.7579765 3.1666335 2.9857619 2.9340173 3.5056223 4.6609561 
taxon_16   3.4054737 3.3171365 2.7567257 2.7182557 2.9857619 2.5360461 2.1890784 2.5973046 3.3600053 2.6997362 3.1332946 2.9857619 2.7182557 2.6997362 2.9857619 0.0000000 1.6374913 1.6509244 1.0745156 3.5056223 2.6299184 3.2381161 2.8401449 3.1332946 9.0000000 9.0000000 3.5056223 2.1017707 3.1666335 2.6467731 
taxon_17   9.0000000 4.2778369 3.1013749 2.3775642 3.1013749 4.0254827 2.6997362 3.3600053 2.7372441 2.5508980 2.9857619 2.6467731 2.6997362 2.9857619 4.1410957 1.6374913 0.0000000 1.8004241 1.3498437 2.8401449 2.4526268 2.7372441 3.4538776 3.4538776 3.2381161 4.0254827 3.0707584 2.4395830 3.2015235 3.3171365 
taxon_18   3.1666335 3.0130376 2.7767269 2.5071964 9.0000000 3.7579765 3.2015235 3.9253341 3.7579765 2.9857619 9.0000000 4.9650549 3.7579765 2.9857619 2.9094249 1.6509244 1.8004241 0.0000000 1.1633768 2.9594434 3.0130376 9.0000000 3.4538776 3.5612033 9.0000000 3.1666335 3.0130376 2.8401449 2.8184042 3.1013749 
taxon_19   9.0000000 3.0707584 2.8856134 2.1798759 9.0000000 2.4141569 2.4659015 3.0130376 2.9857619 2.8184042 3.2381161 2.9340173 2.5508980 2.7372441 9.0000000 1.0745156 1.3498437 1.1633768 0.0000000 3.2765861 2.2467992 2.3775642 2.8856134 3.3600053 4.4451945 3.3600053 3.3171365 2.2467992 2.4659015 2.6467731 
taxon_20   3.2381161 3.2765861 2.3313958 2.6640152 9.0000000 3.4538776 2.5214825 2.6134342 2.9857619 2.5071964 9.0000000 2.7972761 2.9340173 3.0413429 3.5056223 3.5056223 2.8401449 2.9594434 3.2765861 0.0000000 0.9113596 2.3202845 1.7370061 1.7523650 2.3657530 2.1890784 1.7523650 2.0385754 2.5660501 2.6816631 
taxon_21   2.6467731 2.5973046 2.0235749 2.0774442 3.6212353 3.1666335 2.0616541 3.1332946 4.0254827 2.5815145 2.6816631 2.7767269 2.7567257 3.1013749 3.2765861 2.6299184 2.4526268 3.0130376 2.2467992 0.9113596 0.0000000 1.6646026 1.2888818 1.4604333 1.8757770 1.5074366 1.2860988 1.3528740 2.2467992 1.8458926 
taxon_22   9.0000000 9.0000000 2.7767269 2.5815145 9.0000000 9.0000000 9.0000000 9.0000000 9.0000000 3.6864938 3.6864938 3.9253341 9.0000000 4.4451945 9.0000000 3.2381161 2.7372441 9.0000000 2.3775642 2.3202845 1.6646026 0.0000000 1.5340217 1.7680450 2.1100580 1.8285173 1.5536050 1.7523650 2.3093354 2.3895645 
taxon_23   3.1013749 3.2015235 2.5973046 2.8625346 4.2778369 4.2778369 2.3657530 3.2765861 2.8184042 2.9340173 2.4267622 2.7767269 2.5815145 5.4849153 3.1666335 2.8401449 3.4538776 3.4538776 2.8856134 1.7370061 1.2888818 1.5340217 0.0000000 0.8514572 1.2350953 0.9655158 0.7309697 1.5656053 1.9393744 1.8517750 
taxon_24   9.0000000 9.0000000 2.8856134 2.6997362 9.0000000 3.2015235 2.7182557 3.1666335 3.1013749 2.6640152 2.9857619 2.8401449 2.7767269 4.9650549 2.9857619 3.1332946 3.4538776 3.5612033 3.3600053 1.7523650 1.4604333 1.7680450 0.8514572 0.0000000 1.3086569 1.1198531 0.8914027 1.8818995 2.2078294 2.4526268 
taxon_25   3.8369969 4.0254827 3.3171365 9.0000000 2.6997362 3.6212353 2.6134342 9.0000000 4.9650549 3.6212353 2.9594434 3.6864938 3.6864938 9.0000000 3.7579765 9.0000000 3.2381161 9.0000000 4.4451945 2.3657530 1.8757770 2.1100580 1.2350953 1.3086569 0.0000000 1.2696146 1.0317631 1.9069018 2.3202845 2.1269127 
taxon_26   3.0413429 3.9253341 2.8184042 2.5508980 3.3600053 4.1410957 2.7372441 4.1410957 9.0000000 4.1410957 3.0413429 3.3600053 3.2765861 3.4538776 3.1666335 9.0000000 4.0254827 3.1666335 3.3600053 2.1890784 1.5074366 1.8285173 0.9655158 1.1198531 1.2696146 0.0000000 0.5391052 1.8517750 2.6816631 2.4931773 
taxon_27   3.2765861 3.9253341 2.3895645 2.4931773 3.2015235 3.2015235 2.3313958 3.5612033 9.0000000 3.2381161 2.7372441 2.4931773 2.5660501 3.6212353 2.9857619 3.5056223 3.0707584 3.0130376 3.3171365 1.7523650 1.2860988 1.5536050 0.7309697 0.8914027 1.0317631 0.5391052 0.0000000 1.5340217 2.1618027 2.1017707 
taxon_28   3.4538776 2.8401449 2.0385754 1.8577039 3.0707584 3.2381161 2.1798759 9.0000000 3.2765861 2.3895645 2.9094249 2.6299184 2.5508980 3.8369969 2.9340173 2.1017707 2.4395830 2.8401449 2.2467992 2.0385754 1.3528740 1.7523650 1.5656053 1.8818995 1.9069018 1.8517750 1.5340217 0.0000000 1.2350953 1.0357314 
taxon_29   3.5056223 2.9594434 2.7182557 3.2381161 2.7767269 3.2765861 2.8625346 2.9340173 3.1013749 3.0413429 2.6467731 9.0000000 3.9253341 9.0000000 3.5056223 3.1666335 3.2015235 2.8184042 2.4659015 2.5660501 2.2467992 2.3093354 1.9393744 2.2078294 2.3202845 2.6816631 2.1618027 1.2350953 0.0000000 1.4781646 
taxon_30   2.4395830 2.6816631 2.2774157 2.7567257 9.0000000 2.7567257 2.6997362 4.2778369 3.6212353 2.7767269 4.2778369 9.0000000 9.0000000 9.0000000 4.6609561 2.6467731 3.3171365 3.1013749 2.6467731 2.6816631 1.8458926 2.3895645 1.8517750 2.4526268 2.1269127 2.4931773 2.1017707 1.0357314 1.4781646 0.0000000 
