30
taxon_1    0.0000000 0.7407505 1.4534565 0.6530102 0.5546543 0.8360562 1.9460411 1.8115354 1.7575553 0.8340265 1.7269388 0.8524944 1.8115354 1.7437935 0.8120534 0.8160016 1.8778123 1.9197226 1.8304280 0.8462882 0.8219619 0.8169917 1.7540911 0.8179831 1.7931070 1.7472103 0.8189758 0.8360562 1.9505188 1.8577039 
taxon_2    0.7407505 0.0000000 1.4329064 0.6586042 0.5138841 0.8209652 1.9154244 1.7858606 1.7370061 0.7793147 1.8266113 0.8013047 1.7236129 1.7931070 0.8140253 0.8003351 1.6098986 1.6661377 1.6816661 0.8042210 0.8003351 0.7802575 1.6975227 0.8013047 1.7072000 1.7170049 0.7955058 0.8259619 1.7786835 1.8228138 
taxon_3    1.4534565 1.4329064 0.0000000 0.6658584 0.9826174 1.8537461 0.8411548 0.8239592 0.8269652 1.8266113 0.8473191 1.9026765 0.8299833 0.8071487 1.8737471 1.7506428 0.8042210 0.8289760 0.8289760 1.8115354 1.7715744 1.7403921 0.8022755 1.8190355 0.8299833 0.8130382 1.8737471 1.6569727 0.7955058 0.8259619 
taxon_4    0.6530102 0.6586042 0.6658584 0.0000000 0.3202720 0.8320022 1.9327664 1.7610356 1.8041096 0.8370732 1.8266113 0.8504201 1.7894750 1.7236129 0.8452587 0.8360562 1.7302796 1.7203016 1.7039604 0.8013047 0.8110699 0.7993668 1.8304280 0.8239592 1.7715744 1.7370061 0.8566619 0.8022755 1.7786835 1.7540911 
taxon_5    0.5546543 0.5138841 0.9826174 0.3202720 0.0000000 0.7955058 1.9111506 1.6848107 1.6816661 0.8100877 1.6943244 0.8140253 1.7403921 1.7039604 0.8189758 0.8032477 1.6723106 1.7072000 1.6301310 0.7708824 0.7964692 0.7680926 1.7104537 0.8071487 1.7336353 1.6419422 0.8169917 0.7671649 1.7104537 1.7403921 
taxon_6    0.8360562 0.8209652 1.8537461 0.8320022 0.7955058 0.0000000 1.5237826 1.3105677 1.7645321 0.8452587 1.6419422 0.8042210 1.8860091 1.7931070 0.8022755 0.8391112 1.6879686 1.7894750 1.8152755 0.8160016 0.7755553 0.8110699 1.7403921 0.8032477 1.7104537 1.6943244 0.8061715 0.8259619 1.7894750 1.7967566 
taxon_7    1.9460411 1.9154244 0.8411548 1.9327664 1.9111506 1.5237826 0.0000000 0.4108478 0.8042210 1.7336353 0.8120534 1.8041096 0.8229599 0.8179831 1.7403921 1.8304280 0.7764934 0.8140253 0.7983996 1.6301310 1.6975227 1.7302796 0.8289760 1.6692178 0.7916646 0.7859394 1.6185029 1.7336353 0.7974338 0.7993668 
taxon_8    1.8115354 1.7858606 0.8239592 1.7610356 1.6848107 1.3105677 0.4108478 0.0000000 0.7764934 1.7039604 0.8199698 1.7575553 0.8209652 0.8189758 1.8041096 1.7437935 0.7964692 0.8189758 0.7662384 1.6360133 1.7437935 1.7269388 0.7993668 1.6911398 0.7945436 0.7755553 1.6479183 1.7403921 0.7897513 0.7830931 
taxon_9    1.7575553 1.7370061 0.8269652 1.8041096 1.6816661 1.7645321 0.8042210 0.7764934 0.0000000 1.1340822 0.7416461 1.5874250 0.7345117 0.6822346 1.5391941 1.4963253 0.7416461 0.7671649 0.6748211 1.3620391 1.4239513 1.5575838 0.7643889 1.5737135 0.7552088 0.7161002 1.6816661 1.6013919 0.8022755 0.7353998 
taxon_10   0.8340265 0.7793147 1.8266113 0.8370732 0.8100877 0.8452587 1.7336353 1.7039604 1.1340822 0.0000000 1.5012433 0.7643889 1.4793617 1.3702810 0.7479448 0.7248108 1.5444025 1.6070523 1.4351620 0.7135066 0.7309689 0.7300861 1.6569727 0.7616230 1.5957739 1.4419708 0.7643889 0.7802575 1.6754161 1.5629219 
taxon_11   1.7269388 1.8266113 0.8473191 1.8266113 1.6943244 1.6419422 0.8120534 0.8199698 0.7416461 1.5012433 0.0000000 0.7452389 0.3016030 0.6271860 1.4963253 1.3723556 0.7812015 0.7746184 0.7345117 1.5161940 1.5391941 1.6070523 0.7736827 1.6449243 0.7680926 0.7434403 1.7072000 1.6569727 0.8013047 0.7680926 
taxon_12   0.8524944 0.8013047 1.9026765 0.8504201 0.8140253 0.8042210 1.8041096 1.7575553 1.5874250 0.7643889 0.7452389 0.0000000 0.5415025 1.2898117 0.7117824 0.7109219 1.6754161 1.6389719 1.5037145 0.7625438 0.7407505 0.7793147 1.7610356 0.8110699 1.7072000 1.5522834 0.7916646 0.8179831 1.8458924 1.6816661 
taxon_13   1.8115354 1.7236129 0.8299833 1.7894750 1.7403921 1.8860091 0.8229599 0.8209652 0.7345117 1.4793617 0.3016030 0.5415025 0.0000000 0.5802258 1.3807121 1.3124834 0.7461398 0.7680926 0.7143701 1.5212445 1.4817617 1.6360133 0.7945436 1.6185029 0.7625438 0.7533862 1.6975227 1.6661377 0.8169917 0.7588674 
taxon_14   1.7437935 1.7931070 0.8071487 1.7236129 1.7039604 1.7931070 0.8179831 0.8189758 0.6822346 1.3702810 0.6271860 1.2898117 0.5802258 0.0000000 1.1205953 1.0444020 0.7015201 0.7336246 0.6715495 1.3067509 1.4195136 1.5929806 0.7579511 1.5161940 0.7204429 0.7023700 1.6013919 1.7575553 0.7974338 0.7470418 
taxon_15   0.8120534 0.8140253 1.8737471 0.8452587 0.8189758 0.8022755 1.7403921 1.8041096 1.5391941 0.7479448 1.4963253 0.7117824 1.3807121 1.1205953 0.0000000 0.6119571 1.7039604 1.6785346 1.6509243 0.7461398 0.7793147 0.7783731 1.5737135 0.7488490 1.5710010 1.5391941 0.7830931 0.7945436 1.7786835 1.6911398 
taxon_16   0.8160016 0.8003351 1.7506428 0.8360562 0.8032477 0.8391112 1.8304280 1.7437935 1.4963253 0.7248108 1.3723556 0.7109219 1.3124834 1.0444020 0.6119571 0.0000000 1.6156238 1.8498090 1.5929806 0.7699513 0.7588674 0.8130382 1.6911398 0.7727481 1.6127557 1.5136814 0.7964692 0.7830931 1.6509243 1.7506428 
taxon_17   1.8778123 1.6098986 0.8042210 1.7302796 1.6723106 1.6879686 0.7764934 0.7964692 0.7416461 1.5444025 0.7812015 1.6754161 0.7461398 0.7015201 1.7039604 1.6156238 0.0000000 0.7066338 0.6998233 1.3682120 1.4217292 1.5929806 0.7708824 1.6330664 0.7579511 0.7579511 1.7137216 1.6569727 0.8032477 0.7887965 
taxon_18   1.9197226 1.6661377 0.8289760 1.7203016 1.7072000 1.7894750 0.8140253 0.8189758 0.7671649 1.6070523 0.7746184 1.6389719 0.7680926 0.7336246 1.6785346 1.8498090 0.7066338 0.0000000 0.7407505 1.5340217 1.5549289 1.6661377 0.7974338 1.6213930 0.7690214 0.7680926 1.7104537 1.7967566 0.8556181 0.7907073 
taxon_19   1.8304280 1.6816661 0.8289760 1.7039604 1.6301310 1.8152755 0.7983996 0.7662384 0.6748211 1.4351620 0.7345117 1.5037145 0.7143701 0.6715495 1.6509243 1.5929806 0.6998233 0.7407505 0.0000000 0.7561218 0.8996534 1.2004412 0.5730350 1.1235715 0.5504761 0.7239352 1.6509243 1.6754161 0.7755553 0.7662384 
taxon_20   0.8462882 0.8042210 1.8115354 0.8013047 0.7708824 0.8160016 1.6301310 1.6360133 1.3620391 0.7135066 1.5161940 0.7625438 1.5212445 1.3067509 0.7461398 0.7699513 1.3682120 1.5340217 0.7561218 0.0000000 0.4096957 0.5644960 1.0193336 0.5225315 0.9975930 1.4890082 0.7515680 0.7727481 1.6661377 1.5901976 
taxon_21   0.8219619 0.8003351 1.7715744 0.8110699 0.7964692 0.7755553 1.6975227 1.7437935 1.4239513 0.7309689 1.5391941 0.7407505 1.4817617 1.4195136 0.7793147 0.7588674 1.4217292 1.5549289 0.8996534 0.4096957 0.0000000 0.5809487 1.0232365 0.5158708 0.9655157 1.6013919 0.7783731 0.7868905 1.6911398 1.5929806 
taxon_22   0.8169917 0.7802575 1.7403921 0.7993668 0.7680926 0.8110699 1.7302796 1.7269388 1.5575838 0.7300861 1.6070523 0.7793147 1.6360133 1.5929806 0.7783731 0.8130382 1.5929806 1.6661377 1.2004412 0.5644960 0.5809487 0.0000000 1.1792672 0.5970312 1.1633768 1.7203016 0.7643889 0.8169917 1.7645321 1.6911398 
taxon_23   1.7540911 1.6975227 0.8022755 1.8304280 1.7104537 1.7403921 0.8289760 0.7993668 0.7643889 1.6569727 0.7736827 1.7610356 0.7945436 0.7579511 1.5737135 1.6911398 0.7708824 0.7974338 0.5730350 1.0193336 1.0232365 1.1792672 0.0000000 0.8703655 0.4201286 0.7653131 1.7203016 1.7403921 0.7955058 0.8130382 
taxon_24   0.8179831 0.8013047 1.8190355 0.8239592 0.8071487 0.8032477 1.6692178 1.6911398 1.5737135 0.7616230 1.6449243 0.8110699 1.6185029 1.5161940 0.7488490 0.7727481 1.6330664 1.6213930 1.1235715 0.5225315 0.5158708 0.5970312 0.8703655 0.0000000 0.2708470 1.5901976 0.8071487 0.8130382 1.7370061 1.7786835 
taxon_25   1.7931070 1.7072000 0.8299833 1.7715744 1.7336353 1.7104537 0.7916646 0.7945436 0.7552088 1.5957739 0.7680926 1.7072000 0.7625438 0.7204429 1.5710010 1.6127557 0.7579511 0.7690214 0.5504761 0.9975930 0.9655157 1.1633768 0.4201286 0.2708470 0.0000000 0.7607034 1.6661377 1.7302796 0.8051956 0.7993668 
taxon_26   1.7472103 1.7170049 0.8130382 1.7370061 1.6419422 1.6943244 0.7859394 0.7755553 0.7161002 1.4419708 0.7434403 1.5522834 0.7533862 0.7023700 1.5391941 1.5136814 0.7579511 0.7680926 0.7239352 1.4890082 1.6013919 1.7203016 0.7653131 1.5901976 0.7607034 0.0000000 1.4817617 1.5314488 0.7542970 0.6863852 
taxon_27   0.8189758 0.7955058 1.8737471 0.8566619 0.8169917 0.8061715 1.6185029 1.6479183 1.6816661 0.7643889 1.7072000 0.7916646 1.6975227 1.6013919 0.7830931 0.7964692 1.7137216 1.7104537 1.6509243 0.7515680 0.7783731 0.7643889 1.7203016 0.8071487 1.6661377 1.4817617 0.0000000 0.7974338 1.6975227 1.5682983 
taxon_28   0.8360562 0.8259619 1.6569727 0.8022755 0.7671649 0.8259619 1.7336353 1.7403921 1.6013919 0.7802575 1.6569727 0.8179831 1.6661377 1.7575553 0.7945436 0.7830931 1.6569727 1.7967566 1.6754161 0.7727481 0.7868905 0.8169917 1.7403921 0.8130382 1.7302796 1.5314488 0.7974338 0.0000000 0.6195329 0.9547241 
taxon_29   1.9505188 1.7786835 0.7955058 1.7786835 1.7104537 1.7894750 0.7974338 0.7897513 0.8022755 1.6754161 0.8013047 1.8458924 0.8169917 0.7974338 1.7786835 1.6509243 0.8032477 0.8556181 0.7755553 1.6661377 1.6911398 1.7645321 0.7955058 1.7370061 0.8051956 0.7542970 1.6975227 0.6195329 0.0000000 0.4683379 
taxon_30   1.8577039 1.8228138 0.8259619 1.7540911 1.7403921 1.7967566 0.7993668 0.7830931 0.7353998 1.5629219 0.7680926 1.6816661 0.7588674 0.7470418 1.6911398 1.7506428 0.7887965 0.7907073 0.7662384 1.5901976 1.5929806 1.6911398 0.8130382 1.7786835 0.7993668 0.6863852 1.5682983 0.9547241 0.4683379 0.0000000 
