30
taxon_1    0.0000000 2.0554300 1.1719157 1.1202983 1.1079306 1.0425255 1.1220819 1.1605519 3.6212353 1.0888974 1.1438226 3.6212353 1.5802637 0.8108740 1.0837896 0.7272686 0.9280609 2.6888402 9.0000000 1.1456631 2.5815145 2.1618027 2.4876421 2.2290118 2.7972755 3.0075025 2.7646621 1.4562392 1.0064686 2.1618027 
taxon_2    2.0554300 0.0000000 2.9440845 3.4054735 2.4242241 1.9354027 3.1013744 2.3564355 1.0297865 2.7334077 9.0000000 1.1493577 1.0409213 2.7972755 9.0000000 2.1546936 3.4844941 1.1624339 1.0957634 9.0000000 1.1328735 1.0377230 1.1795884 1.1512118 1.1530705 1.2131026 1.1256619 1.0157090 3.3688811 1.1167438 
taxon_3    1.1719157 2.9440845 0.0000000 1.2171457 1.1568019 1.1662123 1.1605519 1.1932075 9.0000000 1.1776629 1.2252980 9.0000000 9.0000000 1.1834544 1.2439711 1.1456631 1.1795884 9.0000000 9.0000000 1.1568019 9.0000000 9.0000000 9.0000000 9.0000000 9.0000000 9.0000000 9.0000000 4.8283096 1.2212108 9.0000000 
taxon_4    1.1202983 3.4054735 1.2171457 0.0000000 0.9898182 0.8697277 1.0871910 1.0736773 2.5331102 1.0505987 1.1873405 9.0000000 9.0000000 1.1991208 1.1951734 1.2050811 1.1912467 9.0000000 9.0000000 1.2314708 9.0000000 9.0000000 9.0000000 9.0000000 9.0000000 9.0000000 9.0000000 3.7885924 1.1853949 9.0000000 
taxon_5    1.1079306 2.4242241 1.1568019 0.9898182 0.0000000 0.4270476 1.0636994 0.9561541 2.3291604 1.0018908 1.1624339 9.0000000 9.0000000 1.1456631 1.1834544 1.0923231 1.1795884 9.0000000 9.0000000 1.1738266 9.0000000 9.0000000 9.0000000 9.0000000 9.0000000 9.0000000 9.0000000 3.9253341 1.1662123 9.0000000 
taxon_6    1.0425255 1.9354027 1.1662123 0.8697277 0.4270476 0.0000000 0.9063203 0.8096957 1.7534002 0.8930456 1.1292590 9.0000000 3.1531196 1.1044340 1.1738266 1.0219330 1.1719157 9.0000000 9.0000000 1.2588231 9.0000000 3.5728314 9.0000000 9.0000000 9.0000000 9.0000000 9.0000000 2.4659015 1.1776629 9.0000000 
taxon_7    1.1220819 3.1013744 1.1605519 1.0871910 1.0636994 0.9063203 0.0000000 0.5405430 2.2609315 1.0974896 1.1132061 9.0000000 5.1324010 1.1256619 1.1738266 1.1643207 1.1795884 9.0000000 9.0000000 1.1873405 9.0000000 9.0000000 9.0000000 9.0000000 9.0000000 9.0000000 3.7885924 4.6125508 1.2151214 4.0926915 
taxon_8    1.1605519 2.3564355 1.1932075 1.0736773 0.9561541 0.8096957 0.5405430 0.0000000 2.0679303 0.9561541 1.1700098 9.0000000 4.0926915 1.1274583 1.2050811 1.1624339 1.2171457 9.0000000 9.0000000 1.2171457 9.0000000 9.0000000 9.0000000 9.0000000 9.0000000 9.0000000 9.0000000 3.3339911 1.2674439 9.0000000 
taxon_9    3.6212353 1.0297865 9.0000000 2.5331102 2.3291604 1.7534002 2.2609315 2.0679303 0.0000000 1.5172014 9.0000000 1.1892910 1.1167438 3.6212353 9.0000000 9.0000000 9.0000000 1.2631211 1.2171457 9.0000000 1.2252980 1.1719157 1.2011023 1.1202983 1.2090811 1.1662123 1.1681086 1.1328735 9.0000000 1.1292590 
taxon_10   1.0888974 2.7334077 1.1776629 1.0505987 1.0018908 0.8930456 1.0974896 0.9561541 1.5172014 0.0000000 1.2131026 9.0000000 9.0000000 1.1185190 1.2070784 1.1026919 1.1044340 9.0000000 9.0000000 1.2314708 9.0000000 9.0000000 9.0000000 9.0000000 9.0000000 9.0000000 9.0000000 3.0075025 1.1932075 9.0000000 
taxon_11   1.1438226 9.0000000 1.2252980 1.1873405 1.1624339 1.1292590 1.1132061 1.1700098 9.0000000 1.2131026 0.0000000 2.7972755 2.1909326 0.9868301 1.2011023 1.1044340 1.1834544 9.0000000 9.0000000 1.2110891 9.0000000 9.0000000 9.0000000 9.0000000 9.0000000 9.0000000 9.0000000 4.0926915 1.2273499 9.0000000 
taxon_12   3.6212353 1.1493577 9.0000000 9.0000000 9.0000000 9.0000000 9.0000000 9.0000000 1.1892910 9.0000000 2.7972755 0.0000000 0.9561541 2.0016221 9.0000000 3.6212353 9.0000000 1.1738266 1.2070784 9.0000000 1.1700098 1.1700098 1.2191755 1.1274583 1.1493577 1.1167438 1.1044340 1.1009538 9.0000000 1.2335398 
taxon_13   1.5802637 1.0409213 9.0000000 9.0000000 9.0000000 3.1531196 5.1324010 4.0926915 1.1167438 9.0000000 2.1909326 0.9561541 0.0000000 0.3485929 3.2087006 1.1238698 1.6936865 1.0653532 1.0425255 3.3688811 0.9898182 0.9943227 1.0820948 1.0393204 1.1438226 1.0736773 1.0393204 0.8787098 3.6729799 1.0361289 
taxon_14   0.8108740 2.7972755 1.1834544 1.1991208 1.1456631 1.1044340 1.1256619 1.1274583 3.6212353 1.1185190 0.9868301 2.0016221 0.3485929 0.0000000 1.0923231 0.6175558 0.8558267 2.7182557 2.7488721 1.0957634 2.2942703 2.2528233 3.3688811 2.7034037 4.1928403 2.7646621 2.6888402 1.7575553 1.1061803 2.9240833 
taxon_15   1.0837896 9.0000000 1.2439711 1.1951734 1.1834544 1.1738266 1.1738266 1.2050811 9.0000000 1.2070784 1.2011023 9.0000000 3.2087006 1.0923231 0.0000000 1.0409213 1.1009538 9.0000000 9.0000000 1.1586745 9.0000000 9.0000000 9.0000000 9.0000000 9.0000000 9.0000000 9.0000000 9.0000000 1.0720050 9.0000000 
taxon_16   0.7272686 2.1546936 1.1456631 1.2050811 1.0923231 1.0219330 1.1643207 1.1624339 9.0000000 1.1026919 1.1044340 3.6212353 1.1238698 0.6175558 1.0409213 0.0000000 0.5889469 1.9197226 1.9733169 0.9823703 1.6860724 2.0616541 5.6522725 2.5331102 3.6212353 3.6212353 3.0298922 1.6563658 1.0736773 2.4766930 
taxon_17   0.9280609 3.4844941 1.1795884 1.1912467 1.1795884 1.1719157 1.1795884 1.2171457 9.0000000 1.1044340 1.1834544 9.0000000 1.6936865 0.8558267 1.1009538 0.5889469 0.0000000 2.2448019 2.2609315 1.0250645 1.8697041 2.6745540 9.0000000 9.0000000 9.0000000 9.0000000 9.0000000 2.1689798 1.1873405 3.5728314 
taxon_18   2.6888402 1.1624339 9.0000000 9.0000000 9.0000000 9.0000000 9.0000000 9.0000000 1.2631211 9.0000000 9.0000000 1.1738266 1.0653532 2.7182557 9.0000000 1.9197226 2.2448019 0.0000000 1.1365054 3.4054735 1.0234971 1.1185190 1.2011023 1.1795884 1.2011023 1.2050811 1.1912467 1.0957634 9.0000000 1.1549339 
taxon_19   9.0000000 1.0957634 9.0000000 9.0000000 9.0000000 9.0000000 9.0000000 9.0000000 1.2171457 9.0000000 9.0000000 1.2070784 1.0425255 2.7488721 9.0000000 1.9733169 2.2609315 1.1365054 0.0000000 2.6332592 0.9590221 1.1026919 1.1834544 1.1719157 1.1951734 1.2131026 1.1815189 1.0888974 9.0000000 1.1662123 
taxon_20   1.1456631 9.0000000 1.1568019 1.2314708 1.1738266 1.2588231 1.1873405 1.2171457 9.0000000 1.2314708 1.2110891 9.0000000 3.3688811 1.0957634 1.1586745 0.9823703 1.0250645 3.4054735 2.6332592 0.0000000 1.1026919 4.0926915 9.0000000 9.0000000 9.0000000 9.0000000 9.0000000 9.0000000 1.2397812 9.0000000 
taxon_21   2.5815145 1.1328735 9.0000000 9.0000000 9.0000000 9.0000000 9.0000000 9.0000000 1.2252980 9.0000000 9.0000000 1.1700098 0.9898182 2.2942703 9.0000000 1.6860724 1.8697041 1.0234971 0.9590221 1.1026919 0.0000000 1.1096849 1.2232516 1.1776629 1.1834544 1.2011023 1.2232516 1.0992197 9.0000000 1.1456631 
taxon_22   2.1618027 1.0377230 9.0000000 9.0000000 9.0000000 3.5728314 9.0000000 9.0000000 1.1719157 9.0000000 9.0000000 1.1700098 0.9943227 2.2528233 9.0000000 2.0616541 2.6745540 1.1185190 1.1026919 4.0926915 1.1096849 0.0000000 1.0538525 1.0837896 1.1493577 1.0871910 1.0297865 0.8132362 9.0000000 1.0888974 
taxon_23   2.4876421 1.1795884 9.0000000 9.0000000 9.0000000 9.0000000 9.0000000 9.0000000 1.2011023 9.0000000 9.0000000 1.2191755 1.0820948 3.3688811 9.0000000 5.6522725 9.0000000 1.2011023 1.1834544 9.0000000 1.2232516 1.0538525 0.0000000 0.6993151 0.8722831 0.8287746 1.1530705 1.0457444 9.0000000 1.1853949 
taxon_24   2.2290118 1.1512118 9.0000000 9.0000000 9.0000000 9.0000000 9.0000000 9.0000000 1.1202983 9.0000000 9.0000000 1.1274583 1.0393204 2.7034037 9.0000000 2.5331102 9.0000000 1.1795884 1.1719157 9.0000000 1.1776629 1.0837896 0.6993151 0.0000000 0.4595515 0.3771431 1.1346873 0.9749956 9.0000000 1.1274583 
taxon_25   2.7972755 1.1530705 9.0000000 9.0000000 9.0000000 9.0000000 9.0000000 9.0000000 1.2090811 9.0000000 9.0000000 1.1493577 1.1438226 4.1928403 9.0000000 3.6212353 9.0000000 1.2011023 1.1951734 9.0000000 1.1834544 1.1493577 0.8722831 0.4595515 0.0000000 0.5986586 1.1991208 1.0736773 9.0000000 1.1815189 
taxon_26   3.0075025 1.2131026 9.0000000 9.0000000 9.0000000 9.0000000 9.0000000 9.0000000 1.1662123 9.0000000 9.0000000 1.1167438 1.0736773 2.7646621 9.0000000 3.6212353 9.0000000 1.2050811 1.2131026 9.0000000 1.2011023 1.0871910 0.8287746 0.3771431 0.5986586 0.0000000 1.1624339 0.9928182 4.4451945 1.1292590 
taxon_27   2.7646621 1.1256619 9.0000000 9.0000000 9.0000000 9.0000000 3.7885924 9.0000000 1.1681086 9.0000000 9.0000000 1.1044340 1.0393204 2.6888402 9.0000000 3.0298922 9.0000000 1.1912467 1.1815189 9.0000000 1.2232516 1.0297865 1.1530705 1.1346873 1.1991208 1.1624339 0.0000000 0.7842303 5.1324010 1.1456631 
taxon_28   1.4562392 1.0157090 4.8283096 3.7885924 3.9253341 2.4659015 4.6125508 3.3339911 1.1328735 3.0075025 4.0926915 1.1009538 0.8787098 1.7575553 9.0000000 1.6563658 2.1689798 1.0957634 1.0888974 9.0000000 1.0992197 0.8132362 1.0457444 0.9749956 1.0736773 0.9928182 0.7842303 0.0000000 3.2087006 1.0250645 
taxon_29   1.0064686 3.3688811 1.2212108 1.1853949 1.1662123 1.1776629 1.2151214 1.2674439 9.0000000 1.1932075 1.2273499 9.0000000 3.6729799 1.1061803 1.0720050 1.0736773 1.1873405 9.0000000 9.0000000 1.2397812 9.0000000 9.0000000 9.0000000 9.0000000 9.0000000 4.4451945 5.1324010 3.2087006 0.0000000 1.5111773 
taxon_30   2.1618027 1.1167438 9.0000000 9.0000000 9.0000000 9.0000000 4.0926915 9.0000000 1.1292590 9.0000000 9.0000000 1.2335398 1.0361289 2.9240833 9.0000000 2.4766930 3.5728314 1.1549339 1.1662123 9.0000000 1.1456631 1.0888974 1.1853949 1.1274583 1.1815189 1.1292590 1.1456631 1.0250645 1.5111773 0.0000000 
