30
taxon_1    0.0000000 0.4885710 9.0000000 2.3443391 3.3151067 2.7851791 2.4911475 2.3901548 4.5638625 3.9922575 2.6913067 9.0000000 2.5769552 2.2311108 2.3443391 2.8262852 3.8983851 9.0000000 9.0000000 2.3784358 9.0000000 9.0000000 9.0000000 9.0000000 3.0177952 2.3443391 2.3117252 2.7654411 9.0000000 3.4478047 
taxon_2    0.4885710 0.0000000 3.4978233 2.5047842 9.0000000 2.5472484 2.5328249 2.7091647 3.4978233 3.2381161 2.6913067 3.9922575 2.6401505 2.5472484 2.3668971 2.7654411 3.4009145 3.8149659 9.0000000 2.7462092 9.0000000 9.0000000 9.0000000 9.0000000 2.0533165 2.2907448 2.3011617 2.7462092 2.9910067 2.5328249 
taxon_3    9.0000000 3.4978233 0.0000000 3.5514175 2.7851791 2.7274583 2.9651421 2.9159441 2.2603353 2.3333094 9.0000000 2.4389525 3.7399033 2.8262852 2.2311108 9.0000000 2.5922619 1.7429624 2.4020598 3.2756239 2.3117252 2.5186735 2.2504667 2.3117252 1.5315741 9.0000000 9.0000000 4.3753767 2.3901548 1.8792054 
taxon_4    2.3443391 2.5047842 3.5514175 0.0000000 1.6363016 2.5328249 2.6401505 2.8925047 9.0000000 3.9922575 2.4911475 5.1993359 2.2703354 2.4777543 2.8262852 2.7274583 3.4478047 3.0744259 4.2248737 2.4264522 2.4264522 9.0000000 9.0000000 9.0000000 2.3555333 2.9159441 2.3117252 2.7654411 9.0000000 2.8697757 
taxon_5    3.3151067 9.0000000 2.7851791 1.6363016 0.0000000 9.0000000 9.0000000 9.0000000 2.6238455 2.3668971 9.0000000 2.7274583 9.0000000 9.0000000 9.0000000 9.0000000 2.4777543 2.8054506 3.2023950 4.3753767 2.5922619 2.9651421 2.7091647 2.6401505 2.2504667 2.8054506 3.6716745 5.1993359 2.5186735 2.2907448 
taxon_6    2.7851791 2.5472484 2.7274583 2.5328249 9.0000000 0.0000000 0.1640115 1.3172236 2.6738640 4.8162167 2.4777543 3.0744259 2.3333094 2.5922619 2.1847998 2.5619547 2.8697757 3.0455762 6.0232951 2.9401397 9.0000000 9.0000000 3.4978233 3.3151067 1.9545826 2.7462092 3.1044299 3.1356844 5.1993359 2.2029825 
taxon_7    2.4911475 2.5328249 2.9651421 2.6401505 9.0000000 0.1640115 0.0000000 1.2168985 2.8054506 4.0995831 2.3555333 2.6238455 2.5472484 2.5186735 2.1411828 2.3011617 2.4911475 2.5922619 3.4009145 2.6913067 9.0000000 3.8983851 3.0177952 4.0995831 1.8614881 2.4911475 3.0744259 2.7851791 9.0000000 2.2216170 
taxon_8    2.3901548 2.7091647 2.9159441 2.8925047 9.0000000 1.3172236 1.2168985 0.0000000 2.6078875 3.5514175 2.4645960 3.3151067 2.7654411 2.0237560 2.0310377 2.5047842 2.6738640 2.0919849 4.0995831 2.5922619 2.9910067 3.6716745 9.0000000 4.3753767 1.5429379 2.2216170 2.1080283 2.1583264 3.3567841 2.0762775 
taxon_9    4.5638625 3.4978233 2.2603353 9.0000000 2.6238455 2.6738640 2.8054506 2.6078875 0.0000000 1.5583626 2.3784358 1.4103431 2.7462092 4.5638625 2.5769552 3.7399033 2.2804707 1.7892100 2.5186735 9.0000000 2.2603353 2.9651421 2.9910067 2.5328249 1.5429379 9.0000000 9.0000000 9.0000000 2.5328249 1.8973515 
taxon_10   3.9922575 3.2381161 2.3333094 3.9922575 2.3668971 4.8162167 4.0995831 3.5514175 1.5583626 0.0000000 1.4199998 0.6817502 9.0000000 3.3567841 9.0000000 4.2248737 2.6913067 1.9746731 2.4777543 9.0000000 2.6568179 2.6078875 2.6401505 2.4141569 1.5429379 4.2248737 3.1682983 3.9922575 2.2703354 1.9953166 
taxon_11   2.6913067 2.6913067 9.0000000 2.4911475 9.0000000 2.4777543 2.3555333 2.4645960 2.3784358 1.4199998 0.0000000 0.7279379 3.1682983 2.6568179 2.7654411 3.1356844 9.0000000 9.0000000 9.0000000 2.6738640 3.6716745 9.0000000 9.0000000 9.0000000 2.6568179 2.4264522 2.7654411 2.5769552 4.5638625 6.0232951 
taxon_12   9.0000000 3.9922575 2.4389525 5.1993359 2.7274583 3.0744259 2.6238455 3.3151067 1.4103431 0.6817502 0.7279379 0.0000000 4.0995831 2.6238455 2.9910067 9.0000000 2.4516647 2.1161805 2.6913067 9.0000000 2.8925047 2.3333094 3.0455762 3.3151067 1.5661956 3.8983851 3.5514175 9.0000000 2.4516647 2.1327558 
taxon_13   2.5769552 2.6401505 3.7399033 2.2703354 9.0000000 2.3333094 2.5472484 2.7654411 2.7462092 9.0000000 3.1682983 4.0995831 0.0000000 1.4877660 1.4265075 3.1356844 9.0000000 3.8149659 9.0000000 2.4645960 2.8697757 3.8983851 9.0000000 6.0232951 2.6238455 2.5619547 2.9651421 2.3117252 3.7399033 9.0000000 
taxon_14   2.2311108 2.5472484 2.8262852 2.4777543 9.0000000 2.5922619 2.5186735 2.0237560 4.5638625 3.3567841 2.6568179 2.6238455 1.4877660 0.0000000 0.8357589 2.7274583 9.0000000 2.5328249 9.0000000 2.7851791 6.0232951 3.4978233 2.6913067 4.5638625 1.7839282 2.0094015 2.2804707 2.3011617 2.8477153 2.6738640 
taxon_15   2.3443391 2.3668971 2.2311108 2.8262852 9.0000000 2.1847998 2.1411828 2.0310377 2.5769552 9.0000000 2.7654411 2.9910067 1.4265075 0.8357589 0.0000000 2.5619547 9.0000000 2.3443391 9.0000000 2.5328249 3.3151067 9.0000000 3.6091383 3.2023950 1.8732530 2.3117252 2.8054506 2.4389525 3.3567841 2.4516647 
taxon_16   2.8262852 2.7654411 9.0000000 2.7274583 9.0000000 2.5619547 2.3011617 2.5047842 3.7399033 4.2248737 3.1356844 9.0000000 3.1356844 2.7274583 2.5619547 0.0000000 1.1878157 2.4389525 4.5638625 2.3668971 2.5472484 9.0000000 2.5472484 4.5638625 3.0455762 2.6738640 2.9651421 3.0744259 9.0000000 3.0177952 
taxon_17   3.8983851 3.4009145 2.5922619 3.4478047 2.4777543 2.8697757 2.4911475 2.6738640 2.2804707 2.6913067 9.0000000 2.4516647 9.0000000 9.0000000 9.0000000 1.1878157 0.0000000 1.9612198 2.5047842 4.8162167 2.2907448 2.4645960 2.3011617 2.3901548 1.8614881 9.0000000 9.0000000 9.0000000 2.8477153 2.2907448 
taxon_18   9.0000000 3.8149659 1.7429624 3.0744259 2.8054506 3.0455762 2.5922619 2.0919849 1.7892100 1.9746731 9.0000000 2.1161805 3.8149659 2.5328249 2.3443391 2.4389525 1.9612198 0.0000000 1.7839282 2.2029825 1.4430280 1.8107168 1.8217060 1.7631657 1.3698768 9.0000000 9.0000000 9.0000000 2.6401505 1.6626972 
taxon_19   9.0000000 9.0000000 2.4020598 4.2248737 3.2023950 6.0232951 3.4009145 4.0995831 2.5186735 2.4777543 9.0000000 2.6913067 9.0000000 9.0000000 9.0000000 4.5638625 2.5047842 1.7839282 0.0000000 1.8614881 1.2706758 1.8673475 1.5391308 1.5166852 1.9159475 9.0000000 9.0000000 9.0000000 2.9651421 2.2311108 
taxon_20   2.3784358 2.7462092 3.2756239 2.4264522 4.3753767 2.9401397 2.6913067 2.5922619 9.0000000 9.0000000 2.6738640 9.0000000 2.4645960 2.7851791 2.5328249 2.3668971 4.8162167 2.2029825 1.8614881 0.0000000 0.8928852 1.9746731 1.7734751 1.7041188 2.6913067 2.7462092 3.4009145 9.0000000 9.0000000 3.0455762 
taxon_21   9.0000000 9.0000000 2.3117252 2.4264522 2.5922619 9.0000000 9.0000000 2.9910067 2.2603353 2.6568179 3.6716745 2.8925047 2.8697757 6.0232951 3.3151067 2.5472484 2.2907448 1.4430280 1.2706758 0.8928852 0.0000000 1.2268489 1.1196903 1.0221239 1.8217060 9.0000000 9.0000000 9.0000000 2.4141569 2.3443391 
taxon_22   9.0000000 9.0000000 2.5186735 9.0000000 2.9651421 9.0000000 3.8983851 3.6716745 2.9651421 2.6078875 9.0000000 2.3333094 3.8983851 3.4978233 9.0000000 9.0000000 2.4645960 1.8107168 1.8673475 1.9746731 1.2268489 0.0000000 1.5701430 1.5901977 2.0533165 9.0000000 9.0000000 9.0000000 3.9922575 2.2216170 
taxon_23   9.0000000 9.0000000 2.2504667 9.0000000 2.7091647 3.4978233 3.0177952 9.0000000 2.9910067 2.6401505 9.0000000 3.0455762 9.0000000 2.6913067 3.6091383 2.5472484 2.3011617 1.8217060 1.5391308 1.7734751 1.1196903 1.5701430 0.0000000 0.8372470 2.0685455 9.0000000 3.5514175 4.8162167 2.0685455 2.1244224 
taxon_24   9.0000000 9.0000000 2.3117252 9.0000000 2.6401505 3.3151067 4.0995831 4.3753767 2.5328249 2.4141569 9.0000000 3.3151067 6.0232951 4.5638625 3.2023950 4.5638625 2.3901548 1.7631657 1.5166852 1.7041188 1.0221239 1.5901977 0.8372470 0.0000000 2.0383907 9.0000000 9.0000000 9.0000000 2.4911475 2.1938360 
taxon_25   3.0177952 2.0533165 1.5315741 2.3555333 2.2504667 1.9545826 1.8614881 1.5429379 1.5429379 1.5429379 2.6568179 1.5661956 2.6238455 1.7839282 1.8732530 3.0455762 1.8614881 1.3698768 1.9159475 2.6913067 1.8217060 2.0533165 2.0685455 2.0383907 0.0000000 2.4141569 1.9953166 2.2504667 1.8328586 0.6555779 
taxon_26   2.3443391 2.2907448 9.0000000 2.9159441 2.8054506 2.7462092 2.4911475 2.2216170 9.0000000 4.2248737 2.4264522 3.8983851 2.5619547 2.0094015 2.3117252 2.6738640 9.0000000 9.0000000 9.0000000 2.7462092 9.0000000 9.0000000 9.0000000 9.0000000 2.4141569 0.0000000 0.9290368 1.0857382 1.0919883 2.6078875 
taxon_27   2.3117252 2.3011617 9.0000000 2.3117252 3.6716745 3.1044299 3.0744259 2.1080283 9.0000000 3.1682983 2.7654411 3.5514175 2.9651421 2.2804707 2.8054506 2.9651421 9.0000000 9.0000000 9.0000000 3.4009145 9.0000000 9.0000000 3.5514175 9.0000000 1.9953166 0.9290368 0.0000000 0.5479405 0.5162107 2.0608923 
taxon_28   2.7654411 2.7462092 4.3753767 2.7654411 5.1993359 3.1356844 2.7851791 2.1583264 9.0000000 3.9922575 2.5769552 9.0000000 2.3117252 2.3011617 2.4389525 3.0744259 9.0000000 9.0000000 9.0000000 9.0000000 9.0000000 9.0000000 4.8162167 9.0000000 2.2504667 1.0857382 0.5479405 0.0000000 0.6853910 3.0455762 
taxon_29   9.0000000 2.9910067 2.3901548 9.0000000 2.5186735 5.1993359 9.0000000 3.3567841 2.5328249 2.2703354 4.5638625 2.4516647 3.7399033 2.8477153 3.3567841 9.0000000 2.8477153 2.6401505 2.9651421 9.0000000 2.4141569 3.9922575 2.0685455 2.4911475 1.8328586 1.0919883 0.5162107 0.6853910 0.0000000 2.0383907 
taxon_30   3.4478047 2.5328249 1.8792054 2.8697757 2.2907448 2.2029825 2.2216170 2.0762775 1.8973515 1.9953166 6.0232951 2.1327558 9.0000000 2.6738640 2.4516647 3.0177952 2.2907448 1.6626972 2.2311108 3.0455762 2.3443391 2.2216170 2.1244224 2.1938360 0.6555779 2.6078875 2.0608923 3.0455762 2.0383907 0.0000000 
