30
taxon_1    0.0000000 1.9327665 2.1983953 2.0695076 1.6464199 2.2985439 2.1798759 2.5815145 1.9733169 1.3528740 1.2778114 9.0000000 9.0000000 4.1410957 3.1332946 3.7579765 9.0000000 2.5815145 2.7372441 9.0000000 2.6816631 3.3171365 3.1332946 3.1332946 9.0000000 3.6212353 3.2015235 9.0000000 2.8856134 2.5660501 
taxon_2    1.9327665 0.0000000 2.0695076 1.5860425 1.5417938 1.9460411 1.9664044 2.2774157 2.1354842 1.5696484 1.4817617 3.1332946 3.9253341 3.9253341 9.0000000 9.0000000 9.0000000 9.0000000 3.6864938 4.6609561 3.7579765 9.0000000 9.0000000 4.4451945 9.0000000 3.3600053 9.0000000 3.8369969 9.0000000 2.9340173 
taxon_3    2.1983953 2.0695076 0.0000000 1.3902262 1.3620391 1.8228138 1.7420909 2.5973046 2.1529268 1.5615838 1.4781646 3.2015235 2.8184042 4.0254827 9.0000000 9.0000000 4.0254827 3.2381161 2.6816631 9.0000000 9.0000000 4.9650549 9.0000000 4.1410957 2.6640152 2.9094249 2.8401449 4.2778369 9.0000000 2.8401449 
taxon_4    2.0695076 1.5860425 1.3902262 0.0000000 1.2723370 1.5901977 1.4261808 2.2078294 1.9944450 1.4710217 1.3115250 4.9650549 3.6212353 9.0000000 4.1410957 2.6299184 2.6299184 9.0000000 9.0000000 9.0000000 9.0000000 3.5056223 4.6609561 9.0000000 9.0000000 3.2765861 2.7972761 9.0000000 3.1332946 2.7182557 
taxon_5    1.6464199 1.5417938 1.3620391 1.2723370 0.0000000 1.2860988 1.1681086 1.9262162 1.6113258 1.1657390 1.0122308 3.0413429 9.0000000 5.4849153 3.3171365 3.4538776 3.7579765 4.2778369 3.3171365 4.6609561 5.4849153 4.9650549 5.4849153 4.6609561 9.0000000 2.8625346 3.3171365 9.0000000 9.0000000 2.7767269 
taxon_6    2.2985439 1.9460411 1.8228138 1.5901977 1.2860988 0.0000000 0.8979962 1.9944450 2.0695076 1.6286676 1.5301656 3.6864938 3.0413429 9.0000000 9.0000000 4.4451945 5.4849153 9.0000000 2.9340173 9.0000000 9.0000000 2.9340173 9.0000000 4.6609561 9.0000000 2.6467731 3.6212353 3.3600053 3.8369969 2.7372441 
taxon_7    2.1798759 1.9664044 1.7420909 1.4261808 1.1681086 0.8979962 0.0000000 2.1354842 2.0016221 1.6286676 1.3589716 4.0254827 9.0000000 9.0000000 4.6609561 9.0000000 2.8856134 4.2778369 9.0000000 3.2765861 9.0000000 9.0000000 9.0000000 9.0000000 9.0000000 4.2778369 3.2765861 9.0000000 9.0000000 2.8625346 
taxon_8    2.5815145 2.2774157 2.5973046 2.2078294 1.9262162 1.9944450 2.1354842 0.0000000 1.3775676 1.3966365 1.2325046 2.6299184 3.5056223 9.0000000 3.5056223 4.1410957 9.0000000 9.0000000 9.0000000 9.0000000 9.0000000 2.8856134 9.0000000 3.5612033 3.9253341 9.0000000 9.0000000 9.0000000 9.0000000 2.8625346 
taxon_9    1.9733169 2.1354842 2.1529268 1.9944450 1.6113258 2.0695076 2.0016221 1.3775676 0.0000000 1.0297869 0.8897634 4.2778369 9.0000000 9.0000000 3.5056223 4.9650549 9.0000000 4.2778369 9.0000000 9.0000000 9.0000000 3.4538776 3.2381161 3.0413429 3.9253341 5.4849153 9.0000000 4.6609561 3.2765861 2.4267622 
taxon_10   1.3528740 1.5696484 1.5615838 1.4710217 1.1657390 1.6286676 1.6286676 1.3966365 1.0297869 0.0000000 0.3641934 4.2778369 3.3171365 9.0000000 2.9594434 9.0000000 4.4451945 2.9594434 9.0000000 9.0000000 9.0000000 9.0000000 9.0000000 9.0000000 9.0000000 2.9094249 3.5612033 3.3171365 3.4538776 2.0774442 
taxon_11   1.2778114 1.4817617 1.4781646 1.3115250 1.0122308 1.5301656 1.3589716 1.2325046 0.8897634 0.3641934 0.0000000 4.4451945 4.1410957 9.0000000 2.9340173 9.0000000 9.0000000 3.2381161 3.5612033 9.0000000 3.2765861 3.2381161 9.0000000 5.4849153 9.0000000 3.3171365 2.9594434 3.0413429 2.5973046 1.8458926 
taxon_12   9.0000000 3.1332946 3.2015235 4.9650549 3.0413429 3.6864938 4.0254827 2.6299184 4.2778369 4.2778369 4.4451945 0.0000000 0.4846977 3.1013749 2.4017599 5.4849153 9.0000000 4.1410957 9.0000000 3.7579765 3.7579765 4.6609561 3.1013749 3.3171365 4.4451945 4.2778369 4.0254827 3.4054737 2.4931773 1.8697041 
taxon_13   9.0000000 3.9253341 2.8184042 3.6212353 9.0000000 3.0413429 9.0000000 3.5056223 9.0000000 3.3171365 4.1410957 0.4846977 0.0000000 2.6134342 2.3775642 4.0254827 2.8625346 9.0000000 9.0000000 9.0000000 9.0000000 5.4849153 3.2015235 3.1666335 3.2015235 2.6299184 9.0000000 9.0000000 2.8625346 1.8517750 
taxon_14   4.1410957 3.9253341 4.0254827 9.0000000 5.4849153 9.0000000 9.0000000 9.0000000 9.0000000 9.0000000 9.0000000 3.1013749 2.6134342 0.0000000 1.2588231 3.4054737 2.6134342 2.0235749 3.3171365 9.0000000 9.0000000 4.6609561 3.3171365 3.2015235 2.6134342 3.4538776 9.0000000 3.4538776 3.1013749 1.9197226 
taxon_15   3.1332946 9.0000000 9.0000000 4.1410957 3.3171365 9.0000000 4.6609561 3.5056223 3.5056223 2.9594434 2.9340173 2.4017599 2.3775642 1.2588231 0.0000000 1.6464199 1.4465440 1.1728706 2.6134342 2.9094249 2.4017599 2.7567257 2.5508980 2.4794154 3.3171365 2.9094249 9.0000000 3.6212353 1.6646026 1.1044340 
taxon_16   3.7579765 9.0000000 9.0000000 2.6299184 3.4538776 4.4451945 9.0000000 4.1410957 4.9650549 9.0000000 9.0000000 5.4849153 4.0254827 3.4054737 1.6464199 0.0000000 3.5056223 2.5973046 4.0254827 9.0000000 3.6864938 3.3171365 3.3600053 3.4054737 2.7567257 3.0707584 9.0000000 9.0000000 3.1332946 3.0413429 
taxon_17   9.0000000 9.0000000 4.0254827 2.6299184 3.7579765 5.4849153 2.8856134 9.0000000 9.0000000 4.4451945 9.0000000 9.0000000 2.8625346 2.6134342 1.4465440 3.5056223 0.0000000 1.3408256 9.0000000 3.3171365 9.0000000 4.0254827 4.0254827 3.5612033 3.1013749 4.9650549 9.0000000 9.0000000 2.2467992 2.2270612 
taxon_18   2.5815145 9.0000000 3.2381161 9.0000000 4.2778369 9.0000000 4.2778369 9.0000000 4.2778369 2.9594434 3.2381161 4.1410957 9.0000000 2.0235749 1.1728706 2.5973046 1.3408256 0.0000000 3.8369969 9.0000000 9.0000000 5.4849153 4.2778369 3.5612033 9.0000000 3.5056223 9.0000000 9.0000000 2.8401449 2.2670707 
taxon_19   2.7372441 3.6864938 2.6816631 9.0000000 3.3171365 2.9340173 9.0000000 9.0000000 9.0000000 9.0000000 3.5612033 9.0000000 9.0000000 3.3171365 2.6134342 4.0254827 9.0000000 3.8369969 0.0000000 1.1154152 0.4866085 1.5496472 1.4096238 1.3231082 2.3775642 2.3093354 2.3313958 2.4141569 1.5615838 1.9005727 
taxon_20   9.0000000 4.6609561 9.0000000 9.0000000 4.6609561 9.0000000 3.2765861 9.0000000 9.0000000 9.0000000 9.0000000 3.7579765 9.0000000 9.0000000 2.9094249 9.0000000 3.3171365 9.0000000 1.1154152 0.0000000 0.7916646 1.8342645 1.7786835 1.6785349 2.8184042 2.3426742 2.5508980 2.5360461 1.6927309 2.2670707 
taxon_21   2.6816631 3.7579765 9.0000000 9.0000000 5.4849153 9.0000000 9.0000000 9.0000000 9.0000000 9.0000000 3.2765861 3.7579765 9.0000000 9.0000000 2.4017599 3.6864938 9.0000000 9.0000000 0.4866085 0.7916646 0.0000000 1.2350953 1.1243174 1.0745156 2.2985439 2.0385754 2.3775642 2.2467992 1.2888818 1.7627818 
taxon_22   3.3171365 9.0000000 4.9650549 3.5056223 4.9650549 2.9340173 9.0000000 2.8856134 3.4538776 9.0000000 3.2381161 4.6609561 5.4849153 4.6609561 2.7567257 3.3171365 4.0254827 5.4849153 1.5496472 1.8342645 1.2350953 0.0000000 1.0518178 1.0238890 2.5660501 2.1798759 3.4054737 2.5973046 1.5575838 1.9802937 
taxon_23   3.1332946 9.0000000 9.0000000 4.6609561 5.4849153 9.0000000 9.0000000 9.0000000 3.2381161 9.0000000 9.0000000 3.1013749 3.2015235 3.3171365 2.5508980 3.3600053 4.0254827 4.2778369 1.4096238 1.7786835 1.1243174 1.0518178 0.0000000 0.0998629 2.6134342 2.3895645 2.4267622 2.2879054 1.3438196 1.7420909 
taxon_24   3.1332946 4.4451945 4.1410957 9.0000000 4.6609561 4.6609561 9.0000000 3.5612033 3.0413429 9.0000000 5.4849153 3.3171365 3.1666335 3.2015235 2.4794154 3.4054737 3.5612033 3.5612033 1.3231082 1.6785349 1.0745156 1.0238890 0.0998629 0.0000000 2.5360461 2.2173837 2.4141569 2.3895645 1.3201956 1.7420909 
taxon_25   9.0000000 9.0000000 2.6640152 9.0000000 9.0000000 9.0000000 9.0000000 3.9253341 3.9253341 9.0000000 9.0000000 4.4451945 3.2015235 2.6134342 3.3171365 2.7567257 3.1013749 9.0000000 2.3775642 2.8184042 2.2985439 2.5660501 2.6134342 2.5360461 0.0000000 2.3426742 2.6997362 2.7767269 2.0616541 2.2985439 
taxon_26   3.6212353 3.3600053 2.9094249 3.2765861 2.8625346 2.6467731 4.2778369 9.0000000 5.4849153 2.9094249 3.3171365 4.2778369 2.6299184 3.4538776 2.9094249 3.0707584 4.9650549 3.5056223 2.3093354 2.3426742 2.0385754 2.1798759 2.3895645 2.2173837 2.3426742 0.0000000 2.0088685 1.7319556 1.4295365 1.8400560 
taxon_27   3.2015235 9.0000000 2.8401449 2.7972761 3.3171365 3.6212353 3.2765861 9.0000000 9.0000000 3.5612033 2.9594434 4.0254827 9.0000000 9.0000000 9.0000000 9.0000000 9.0000000 9.0000000 2.3313958 2.5508980 2.3775642 3.4054737 2.4267622 2.4141569 2.6997362 2.0088685 0.0000000 0.9838541 1.8517750 2.4931773 
taxon_28   9.0000000 3.8369969 4.2778369 9.0000000 9.0000000 3.3600053 9.0000000 9.0000000 4.6609561 3.3171365 3.0413429 3.4054737 9.0000000 3.4538776 3.6212353 9.0000000 9.0000000 9.0000000 2.4141569 2.5360461 2.2467992 2.5973046 2.2879054 2.3895645 2.7767269 1.7319556 0.9838541 0.0000000 1.7170049 2.4395830 
taxon_29   2.8856134 9.0000000 9.0000000 3.1332946 9.0000000 3.8369969 9.0000000 9.0000000 3.2765861 3.4538776 2.5973046 2.4931773 2.8625346 3.1013749 1.6646026 3.1332946 2.2467992 2.8401449 1.5615838 1.6927309 1.2888818 1.5575838 1.3438196 1.3201956 2.0616541 1.4295365 1.8517750 1.7170049 0.0000000 0.6859691 
taxon_30   2.5660501 2.9340173 2.8401449 2.7182557 2.7767269 2.7372441 2.8625346 2.8625346 2.4267622 2.0774442 1.8458926 1.8697041 1.8517750 1.9197226 1.1044340 3.0413429 2.2270612 2.2670707 1.9005727 2.2670707 1.7627818 1.9802937 1.7420909 1.7420909 2.2985439 1.8400560 2.4931773 2.4395830 0.6859691 0.0000000 
