30
taxon_1    0.0000000 0.5639302 1.1256617 1.1292588 9.0000000 9.0000000 9.0000000 9.0000000 9.0000000 9.0000000 1.2090804 1.2191747 1.2460749 9.0000000 1.2588231 1.1873400 1.3075127 1.3006842 9.0000000 9.0000000 1.1912462 9.0000000 9.0000000 1.1795880 1.1932070 9.0000000 1.1530702 9.0000000 1.1853945 9.0000000 
taxon_2    0.5639302 0.0000000 3.1531196 9.0000000 1.0906087 1.1456628 1.1853945 1.1493574 1.1401548 1.1853945 9.0000000 9.0000000 9.0000000 1.2545496 9.0000000 9.0000000 9.0000000 9.0000000 1.1643204 1.2191747 9.0000000 1.1892905 1.1932070 9.0000000 9.0000000 1.2131019 9.0000000 1.2252971 9.0000000 1.1624336 
taxon_3    1.1256617 3.1531196 0.0000000 0.9433819 1.6104690 1.1438223 9.0000000 9.0000000 4.3084517 9.0000000 1.1456628 1.1586742 1.1834540 9.0000000 1.2294066 1.2131019 1.2524219 1.2609690 9.0000000 9.0000000 1.1624336 5.6522725 9.0000000 1.1512115 1.1605516 9.0000000 1.1991202 9.0000000 1.2356135 9.0000000 
taxon_4    1.1292588 9.0000000 0.9433819 0.0000000 1.8137775 1.2761649 9.0000000 9.0000000 9.0000000 9.0000000 1.1681083 1.2191747 1.1834540 9.0000000 1.2418732 1.2294066 1.2090804 1.1512115 9.0000000 9.0000000 1.2151207 9.0000000 9.0000000 1.2314699 1.1971440 9.0000000 1.1951729 9.0000000 1.2397812 9.0000000 
taxon_5    9.0000000 1.0906087 1.6104690 1.8137775 0.0000000 0.4456554 1.1149727 1.2050805 1.1292588 1.1757419 9.0000000 9.0000000 9.0000000 1.2050805 9.0000000 9.0000000 9.0000000 9.0000000 1.2030884 1.1776625 9.0000000 1.1681083 1.2151207 9.0000000 9.0000000 1.2070778 9.0000000 1.1971440 9.0000000 1.1605516 
taxon_6    9.0000000 1.1456628 1.1438223 1.2761649 0.4456554 0.0000000 1.1757419 1.1568016 1.0837904 1.1700094 9.0000000 9.0000000 9.0000000 1.1719154 9.0000000 9.0000000 9.0000000 9.0000000 1.1757419 1.2273491 9.0000000 1.1256617 1.2418732 9.0000000 9.0000000 1.2232507 9.0000000 1.1873400 9.0000000 1.2050805 
taxon_7    9.0000000 1.1853945 9.0000000 9.0000000 1.1149727 1.1757419 0.0000000 0.9036466 1.0770336 1.2171449 9.0000000 9.0000000 9.0000000 1.1912462 9.0000000 9.0000000 9.0000000 9.0000000 1.1892905 1.1438223 9.0000000 1.1971440 1.1549336 9.0000000 9.0000000 1.1892905 9.0000000 1.2011017 9.0000000 1.1932070 
taxon_8    9.0000000 1.1493574 9.0000000 9.0000000 1.2050805 1.1568016 0.9036466 0.0000000 0.7497543 1.1662119 3.1531196 4.0043545 9.0000000 1.0522244 4.8283096 9.0000000 9.0000000 9.0000000 1.1079304 1.0637000 9.0000000 1.1026917 1.1185188 9.0000000 9.0000000 1.1586742 9.0000000 1.2652794 9.0000000 1.1493574 
taxon_9    9.0000000 1.1401548 4.3084517 9.0000000 1.1292588 1.0837904 1.0770336 0.7497543 0.0000000 1.0940411 4.1928403 3.4439431 2.6605349 1.0604033 3.0529709 4.3084517 9.0000000 3.0298922 1.0974894 1.0957633 4.3084517 1.1456628 1.0888983 9.0000000 3.9253341 1.1681083 9.0000000 1.1044339 5.1324010 1.1310639 
taxon_10   9.0000000 1.1853945 9.0000000 9.0000000 1.1757419 1.1700094 1.2171449 1.1662119 1.0940411 0.0000000 9.0000000 9.0000000 9.0000000 1.2356135 9.0000000 9.0000000 9.0000000 9.0000000 1.2588231 1.1700094 9.0000000 1.1568016 1.1456628 9.0000000 9.0000000 1.1873400 9.0000000 1.1530702 9.0000000 1.1873400 
taxon_11   1.2090804 9.0000000 1.1456628 1.1681083 9.0000000 9.0000000 9.0000000 3.1531196 4.1928403 9.0000000 0.0000000 0.8838912 0.8930457 2.0074136 0.8227602 0.9973410 1.0297868 0.9405729 2.5100319 2.3115124 1.2376949 9.0000000 9.0000000 1.1493574 1.1475078 9.0000000 1.2503003 9.0000000 1.1795880 9.0000000 
taxon_12   1.2191747 9.0000000 1.1586742 1.2191747 9.0000000 9.0000000 9.0000000 4.0043545 3.4439431 9.0000000 0.8838912 0.0000000 0.3511440 1.8319601 0.8421787 0.9988546 1.0940411 0.9853407 9.0000000 3.3688811 1.1185188 9.0000000 9.0000000 1.1951729 1.2273491 9.0000000 1.2252971 9.0000000 1.2050805 9.0000000 
taxon_13   1.2460749 9.0000000 1.1834540 1.1834540 9.0000000 9.0000000 9.0000000 9.0000000 2.6605349 9.0000000 0.8930457 0.3511440 0.0000000 1.7659353 0.7718147 0.9883228 1.0522244 1.0034139 2.7334077 3.2381161 1.1456628 9.0000000 9.0000000 1.1419863 1.2070778 9.0000000 1.2273491 9.0000000 1.2232507 9.0000000 
taxon_14   9.0000000 1.2545496 9.0000000 9.0000000 1.2050805 1.1719154 1.1912462 1.0522244 1.0604033 1.2356135 2.0074136 1.8319601 1.7659353 0.0000000 0.8144201 2.5569222 3.5273629 2.3751870 1.0837904 1.0034139 9.0000000 1.1310639 1.1738262 9.0000000 9.0000000 1.1951729 9.0000000 1.1912462 9.0000000 1.2631211 
taxon_15   1.2588231 9.0000000 1.2294066 1.2418732 9.0000000 9.0000000 9.0000000 4.8283096 3.0529709 9.0000000 0.8227602 0.8421787 0.7718147 0.8144201 0.0000000 0.9749957 1.0172604 0.9943229 2.7334077 2.6069407 1.2110884 9.0000000 9.0000000 1.2717917 1.2232507 9.0000000 1.2652794 9.0000000 1.2090804 9.0000000 
taxon_16   1.1873400 9.0000000 1.2131019 1.2294066 9.0000000 9.0000000 9.0000000 9.0000000 4.3084517 9.0000000 0.9973410 0.9988546 0.9883228 2.5569222 0.9749957 0.0000000 1.0297868 0.9590222 2.4447734 2.6199845 1.1512115 9.0000000 9.0000000 1.1932070 1.2070778 9.0000000 1.2609690 9.0000000 1.1605516 9.0000000 
taxon_17   1.3075127 9.0000000 1.2524219 1.2090804 9.0000000 9.0000000 9.0000000 9.0000000 9.0000000 9.0000000 1.0297868 1.0940411 1.0522244 3.5273629 1.0172604 1.0297868 0.0000000 0.8263631 2.1406744 1.9301395 1.1757419 9.0000000 9.0000000 1.2524219 1.2191747 9.0000000 1.2418732 9.0000000 1.2191747 9.0000000 
taxon_18   1.3006842 9.0000000 1.2609690 1.1512115 9.0000000 9.0000000 9.0000000 9.0000000 3.0298922 9.0000000 0.9405729 0.9853407 1.0034139 2.3751870 0.9943229 0.9590222 0.8263631 0.0000000 1.4933899 1.4703111 1.2070778 9.0000000 9.0000000 1.2011017 1.1834540 9.0000000 1.2674439 9.0000000 1.2439711 9.0000000 
taxon_19   9.0000000 1.1643204 9.0000000 9.0000000 1.2030884 1.1757419 1.1892905 1.1079304 1.0974894 1.2588231 2.5100319 9.0000000 2.7334077 1.0837904 2.7334077 2.4447734 2.1406744 1.4933899 0.0000000 0.6862187 9.0000000 1.2110884 1.1912462 9.0000000 9.0000000 1.1834540 9.0000000 1.1815185 9.0000000 1.2376949 
taxon_20   9.0000000 1.2191747 9.0000000 9.0000000 1.1776625 1.2273491 1.1438223 1.0637000 1.0957633 1.1700094 2.3115124 3.3688811 3.2381161 1.0034139 2.6069407 2.6199845 1.9301395 1.4703111 0.6862187 0.0000000 9.0000000 1.1776625 1.1815185 9.0000000 9.0000000 1.2674439 9.0000000 1.2030884 9.0000000 1.2545496 
taxon_21   1.1912462 9.0000000 1.1624336 1.2151207 9.0000000 9.0000000 9.0000000 9.0000000 4.3084517 9.0000000 1.2376949 1.1185188 1.1456628 9.0000000 1.2110884 1.1512115 1.1757419 1.2070778 9.0000000 9.0000000 0.0000000 9.0000000 9.0000000 1.2418732 1.1401548 9.0000000 1.2151207 9.0000000 1.2273491 9.0000000 
taxon_22   9.0000000 1.1892905 5.6522725 9.0000000 1.1681083 1.1256617 1.1971440 1.1026917 1.1456628 1.1568016 9.0000000 9.0000000 9.0000000 1.1310639 9.0000000 9.0000000 9.0000000 9.0000000 1.2110884 1.1776625 9.0000000 0.0000000 0.6972853 1.3354663 1.5172014 0.7574018 3.8538515 1.0923229 9.0000000 1.0505992 
taxon_23   9.0000000 1.1932070 9.0000000 9.0000000 1.2151207 1.2418732 1.1549336 1.1185188 1.0888983 1.1456628 9.0000000 9.0000000 9.0000000 1.1738262 9.0000000 9.0000000 9.0000000 9.0000000 1.1912462 1.1815185 9.0000000 0.6972853 0.0000000 0.8787099 1.1026917 0.5605441 3.0529709 1.0538530 2.8856134 0.9928184 
taxon_24   1.1795880 9.0000000 1.1512115 1.2314699 9.0000000 9.0000000 9.0000000 9.0000000 9.0000000 9.0000000 1.1493574 1.1951729 1.1419863 9.0000000 1.2717917 1.1932070 1.2524219 1.2011017 9.0000000 9.0000000 1.2418732 1.3354663 0.8787099 0.0000000 0.5099265 0.9211991 0.9883228 2.5941198 1.0203725 2.2609314 
taxon_25   1.1932070 9.0000000 1.1605516 1.1971440 9.0000000 9.0000000 9.0000000 9.0000000 3.9253341 9.0000000 1.1475078 1.2273491 1.2070778 9.0000000 1.2232507 1.2070778 1.2191747 1.1834540 9.0000000 9.0000000 1.1401548 1.5172014 1.1026917 0.5099265 0.0000000 0.7865099 1.0409217 3.5728314 1.0473595 3.1531196 
taxon_26   9.0000000 1.2131019 9.0000000 9.0000000 1.2070778 1.2232507 1.1892905 1.1586742 1.1681083 1.1873400 9.0000000 9.0000000 9.0000000 1.1951729 9.0000000 9.0000000 9.0000000 9.0000000 1.1834540 1.2674439 9.0000000 0.7574018 0.5605441 0.9211991 0.7865099 0.0000000 3.0529709 1.0992195 9.0000000 0.9958304 
taxon_27   1.1530702 9.0000000 1.1991202 1.1951729 9.0000000 9.0000000 9.0000000 9.0000000 9.0000000 9.0000000 1.2503003 1.2252971 1.2273491 9.0000000 1.2652794 1.2609690 1.2418732 1.2674439 9.0000000 9.0000000 1.2151207 3.8538515 3.0529709 0.9883228 1.0409217 3.0529709 0.0000000 1.0653538 0.5446661 2.3657529 
taxon_28   9.0000000 1.2252971 9.0000000 9.0000000 1.1971440 1.1873400 1.2011017 1.2652794 1.1044339 1.1530702 9.0000000 9.0000000 9.0000000 1.1912462 9.0000000 9.0000000 9.0000000 9.0000000 1.1815185 1.2030884 9.0000000 1.0923229 1.0538530 2.5941198 3.5728314 1.0992195 1.0653538 0.0000000 0.6369415 0.9363790 
taxon_29   1.1853945 9.0000000 1.2356135 1.2397812 9.0000000 9.0000000 9.0000000 9.0000000 5.1324010 9.0000000 1.1795880 1.2050805 1.2232507 9.0000000 1.2090804 1.1605516 1.2191747 1.2439711 9.0000000 9.0000000 1.2273491 9.0000000 2.8856134 1.0203725 1.0473595 9.0000000 0.5446661 0.6369415 0.0000000 2.1476512 
taxon_30   9.0000000 1.1624336 9.0000000 9.0000000 1.1605516 1.2050805 1.1932070 1.1493574 1.1310639 1.1873400 9.0000000 9.0000000 9.0000000 1.2631211 9.0000000 9.0000000 9.0000000 9.0000000 1.2376949 1.2545496 9.0000000 1.0505992 0.9928184 2.2609314 3.1531196 0.9958304 2.3657529 0.9363790 2.1476512 0.0000000 
