30
taxon_1    0.0000000 0.5456315 9.0000000 9.0000000 9.0000000 9.0000000 0.8160016 0.7680926 0.7878429 0.7764934 9.0000000 0.8003352 9.0000000 0.8169917 0.8081275 9.0000000 0.8566619 9.0000000 9.0000000 9.0000000 9.0000000 0.8150128 9.0000000 0.8229599 0.8442307 0.7964692 9.0000000 9.0000000 0.8330136 9.0000000 
taxon_2    0.5456315 0.0000000 2.8112943 1.7645316 9.0000000 9.0000000 0.8042212 0.7945437 0.8120542 0.7897513 9.0000000 0.8130391 9.0000000 0.8524953 0.7974339 9.0000000 0.7993668 9.0000000 9.0000000 9.0000000 9.0000000 0.8452588 9.0000000 0.8022757 0.7830931 0.7680926 9.0000000 9.0000000 0.8130391 9.0000000 
taxon_3    9.0000000 2.8112943 0.0000000 0.5802258 0.8320022 0.8199698 9.0000000 9.0000000 9.0000000 9.0000000 0.8061718 9.0000000 0.8432040 9.0000000 9.0000000 0.8160016 9.0000000 0.7964692 0.8259619 0.8100883 0.7983997 9.0000000 0.7907074 9.0000000 9.0000000 9.0000000 0.7926231 0.8042212 9.0000000 0.7718147 
taxon_4    9.0000000 1.7645316 0.5802258 0.0000000 0.7964692 0.8071490 9.0000000 9.0000000 9.0000000 9.0000000 0.7783731 9.0000000 0.8199698 9.0000000 9.0000000 0.7887965 9.0000000 0.7945437 0.8269652 0.8239592 0.7897513 9.0000000 0.7764934 9.0000000 9.0000000 9.0000000 0.8091072 0.7878429 9.0000000 0.7283242 
taxon_5    9.0000000 9.0000000 0.8320022 0.7964692 0.0000000 0.5258845 9.0000000 9.0000000 9.0000000 9.0000000 0.7662384 9.0000000 0.8189758 9.0000000 9.0000000 0.8189758 9.0000000 0.8081275 0.8279699 0.8140253 0.7897513 9.0000000 0.7830931 9.0000000 9.0000000 9.0000000 0.8340265 0.8289759 9.0000000 0.7859394 
taxon_6    9.0000000 9.0000000 0.8199698 0.8071490 0.5258845 0.0000000 9.0000000 9.0000000 9.0000000 4.5819356 0.6789307 9.0000000 0.7371791 9.0000000 9.0000000 0.8169917 9.0000000 0.8309921 0.7926231 0.8091072 0.7607034 9.0000000 0.7840406 9.0000000 9.0000000 9.0000000 0.8110706 0.7974339 9.0000000 0.7783731 
taxon_7    0.8160016 0.8042212 9.0000000 9.0000000 9.0000000 9.0000000 0.0000000 0.7066339 0.7100625 0.6514195 3.2135237 0.7248113 9.0000000 0.7100625 0.7830931 9.0000000 0.7625438 9.0000000 9.0000000 9.0000000 9.0000000 0.7830931 9.0000000 0.8003352 0.7945437 0.7764934 9.0000000 9.0000000 0.8061718 9.0000000 
taxon_8    0.7680926 0.7945437 9.0000000 9.0000000 9.0000000 9.0000000 0.7066339 0.0000000 0.7195727 0.5896782 2.1798758 0.7256880 9.0000000 0.6356956 0.7974339 9.0000000 0.8259619 9.0000000 9.0000000 9.0000000 9.0000000 0.7878429 9.0000000 0.7783731 0.8160016 0.7764934 9.0000000 9.0000000 0.8249599 9.0000000 
taxon_9    0.7878429 0.8120542 9.0000000 9.0000000 9.0000000 9.0000000 0.7100625 0.7195727 0.0000000 0.4727075 2.3202845 0.7371791 9.0000000 0.6682922 0.7727481 9.0000000 0.8199698 9.0000000 9.0000000 9.0000000 9.0000000 0.8003352 9.0000000 0.7764934 0.8071490 0.7699513 9.0000000 9.0000000 0.7993668 9.0000000 
taxon_10   0.7764934 0.7897513 9.0000000 9.0000000 9.0000000 4.5819356 0.6514195 0.5896782 0.4727075 0.0000000 1.4173049 0.6264172 2.5024941 0.5339927 0.7506606 9.0000000 0.7887965 9.0000000 9.0000000 9.0000000 9.0000000 0.8071490 9.0000000 0.7416461 0.7812015 0.7389627 9.0000000 9.0000000 0.8042212 9.0000000 
taxon_11   9.0000000 9.0000000 0.8061718 0.7783731 0.7662384 0.6789307 3.2135237 2.1798758 2.3202845 1.4173049 0.0000000 1.6785349 0.5360335 1.2411752 9.0000000 0.7746184 9.0000000 0.8081275 0.7588674 0.7699513 0.7625438 9.0000000 0.8013048 9.0000000 9.0000000 9.0000000 0.8160016 0.8091072 9.0000000 0.7371791 
taxon_12   0.8003352 0.8130391 9.0000000 9.0000000 9.0000000 9.0000000 0.7248113 0.7256880 0.7371791 0.6264172 1.6785349 0.0000000 4.7492932 0.5766218 0.8003352 9.0000000 0.8587540 9.0000000 9.0000000 9.0000000 9.0000000 0.8229599 9.0000000 0.8013048 0.8100883 0.8100883 9.0000000 9.0000000 0.8442307 9.0000000 
taxon_13   9.0000000 9.0000000 0.8432040 0.8199698 0.8189758 0.7371791 9.0000000 9.0000000 9.0000000 2.5024941 0.5360335 4.7492932 0.0000000 1.6449244 9.0000000 0.7935828 9.0000000 0.7983997 0.8209652 0.8120542 0.8081275 9.0000000 0.8189758 9.0000000 9.0000000 9.0000000 0.8350407 0.8120542 9.0000000 0.7680926 
taxon_14   0.8169917 0.8524953 9.0000000 9.0000000 9.0000000 9.0000000 0.7100625 0.6356956 0.6682922 0.5339927 1.2411752 0.5766218 1.6449244 0.0000000 0.7690214 9.0000000 0.8051959 9.0000000 9.0000000 9.0000000 9.0000000 0.8022757 9.0000000 0.7859394 0.7907074 0.7746184 9.0000000 9.0000000 0.8169917 9.0000000 
taxon_15   0.8081275 0.7974339 9.0000000 9.0000000 9.0000000 9.0000000 0.7830931 0.7974339 0.7727481 0.7506606 9.0000000 0.8003352 9.0000000 0.7690214 0.0000000 2.1441548 0.6913963 4.4451945 9.0000000 9.0000000 9.0000000 0.7802575 9.0000000 0.7802575 0.7616230 0.7300869 9.0000000 9.0000000 0.8003352 9.0000000 
taxon_16   9.0000000 9.0000000 0.8160016 0.7887965 0.8189758 0.8169917 9.0000000 9.0000000 9.0000000 9.0000000 0.7746184 9.0000000 0.7935828 9.0000000 2.1441548 0.0000000 9.0000000 0.6674801 0.7434403 0.8003352 0.7718147 9.0000000 0.8022757 9.0000000 9.0000000 9.0000000 0.8229599 0.8179831 9.0000000 0.7443391 
taxon_17   0.8566619 0.7993668 9.0000000 9.0000000 9.0000000 9.0000000 0.7625438 0.8259619 0.8199698 0.7887965 9.0000000 0.8587540 9.0000000 0.8051959 0.6913963 9.0000000 0.0000000 3.9253341 9.0000000 9.0000000 9.0000000 0.7993668 9.0000000 0.7935828 0.7793147 0.7774327 9.0000000 9.0000000 0.8279699 9.0000000 
taxon_18   9.0000000 9.0000000 0.7964692 0.7945437 0.8081275 0.8309921 9.0000000 9.0000000 9.0000000 9.0000000 0.8081275 9.0000000 0.7983997 9.0000000 4.4451945 0.6674801 3.9253341 0.0000000 0.7579511 0.7887965 0.7718147 9.0000000 0.8209652 9.0000000 9.0000000 9.0000000 0.8279699 0.8514572 9.0000000 0.7597848 
taxon_19   9.0000000 9.0000000 0.8259619 0.8269652 0.8279699 0.7926231 9.0000000 9.0000000 9.0000000 9.0000000 0.7588674 9.0000000 0.8209652 9.0000000 9.0000000 0.7434403 9.0000000 0.7579511 0.0000000 0.3558435 0.2459144 9.0000000 0.7336246 2.3657530 3.8097202 1.7540909 0.7830931 0.7515680 9.0000000 0.6602102 
taxon_20   9.0000000 9.0000000 0.8100883 0.8239592 0.8140253 0.8091072 9.0000000 9.0000000 9.0000000 9.0000000 0.7699513 9.0000000 0.8120542 9.0000000 9.0000000 0.8003352 9.0000000 0.7887965 0.3558435 0.0000000 0.2684582 9.0000000 0.7300869 2.5711695 9.0000000 1.9026765 0.8140253 0.7755553 9.0000000 0.6830629 
taxon_21   9.0000000 9.0000000 0.7983997 0.7897513 0.7897513 0.7607034 9.0000000 9.0000000 9.0000000 9.0000000 0.7625438 9.0000000 0.8081275 9.0000000 9.0000000 0.7718147 9.0000000 0.7718147 0.2459144 0.2684582 0.0000000 9.0000000 0.7074896 1.9415901 2.6816631 1.5012433 0.8081275 0.7597848 9.0000000 0.6364741 
taxon_22   0.8150128 0.8452588 9.0000000 9.0000000 9.0000000 9.0000000 0.7830931 0.7878429 0.8003352 0.8071490 9.0000000 0.8229599 9.0000000 0.8022757 0.7802575 9.0000000 0.7993668 9.0000000 9.0000000 9.0000000 9.0000000 0.0000000 0.7868905 0.6419457 0.6989764 0.5504769 9.0000000 9.0000000 0.8120542 9.0000000 
taxon_23   9.0000000 9.0000000 0.7907074 0.7764934 0.7830931 0.7840406 9.0000000 9.0000000 9.0000000 9.0000000 0.8013048 9.0000000 0.8189758 9.0000000 9.0000000 0.8022757 9.0000000 0.8209652 0.7336246 0.7300869 0.7074896 0.7868905 0.0000000 2.3895645 3.4054735 1.6242944 0.8140253 0.8160016 9.0000000 0.7239357 
taxon_24   0.8229599 0.8022757 9.0000000 9.0000000 9.0000000 9.0000000 0.8003352 0.7783731 0.7764934 0.7416461 9.0000000 0.8013048 9.0000000 0.7859394 0.7802575 9.0000000 0.7935828 9.0000000 2.3657530 2.5711695 1.9415901 0.6419457 2.3895645 0.0000000 0.5165344 0.2417619 9.0000000 9.0000000 0.7736827 2.3657530 
taxon_25   0.8442307 0.7830931 9.0000000 9.0000000 9.0000000 9.0000000 0.7945437 0.8160016 0.8071490 0.7812015 9.0000000 0.8100883 9.0000000 0.7907074 0.7616230 9.0000000 0.7793147 9.0000000 3.8097202 9.0000000 2.6816631 0.6989764 3.4054735 0.5165344 0.0000000 0.3759315 9.0000000 9.0000000 0.7993668 9.0000000 
taxon_26   0.7964692 0.7680926 9.0000000 9.0000000 9.0000000 9.0000000 0.7764934 0.7764934 0.7699513 0.7389627 9.0000000 0.8100883 9.0000000 0.7746184 0.7300869 9.0000000 0.7774327 9.0000000 1.7540909 1.9026765 1.5012433 0.5504769 1.6242944 0.2417619 0.3759315 0.0000000 9.0000000 9.0000000 0.7300869 1.6692180 
taxon_27   9.0000000 9.0000000 0.7926231 0.8091072 0.8340265 0.8110706 9.0000000 9.0000000 9.0000000 9.0000000 0.8160016 9.0000000 0.8350407 9.0000000 9.0000000 0.8229599 9.0000000 0.8279699 0.7830931 0.8140253 0.8081275 9.0000000 0.8140253 9.0000000 9.0000000 9.0000000 0.0000000 0.3076070 9.0000000 0.6822346 
taxon_28   9.0000000 9.0000000 0.8042212 0.7878429 0.8289759 0.7974339 9.0000000 9.0000000 9.0000000 9.0000000 0.8091072 9.0000000 0.8120542 9.0000000 9.0000000 0.8179831 9.0000000 0.8514572 0.7515680 0.7755553 0.7597848 9.0000000 0.8160016 9.0000000 9.0000000 9.0000000 0.3076070 0.0000000 9.0000000 0.5497828 
taxon_29   0.8330136 0.8130391 9.0000000 9.0000000 9.0000000 9.0000000 0.8061718 0.8249599 0.7993668 0.8042212 9.0000000 0.8442307 9.0000000 0.8169917 0.8003352 9.0000000 0.8279699 9.0000000 9.0000000 9.0000000 9.0000000 0.8120542 9.0000000 0.7736827 0.7993668 0.7300869 9.0000000 9.0000000 0.0000000 3.1225021 
taxon_30   9.0000000 9.0000000 0.7718147 0.7283242 0.7859394 0.7783731 9.0000000 9.0000000 9.0000000 9.0000000 0.7371791 9.0000000 0.7680926 9.0000000 9.0000000 0.7443391 9.0000000 0.7597848 0.6602102 0.6830629 0.6364741 9.0000000 0.7239357 2.3657530 9.0000000 1.6692180 0.6822346 0.5497828 3.1225021 0.0000000 
