RF=0.191489
WRF=0.082389
