30
taxon_1    0.0000000 9.0000000 9.0000000 0.7774327 9.0000000 0.8120542 9.0000000 0.7470418 9.0000000 9.0000000 9.0000000 0.8130391 0.7955058 0.7926231 0.8130391 0.7868906 9.0000000 0.7746184 9.0000000 9.0000000 9.0000000 0.8071490 9.0000000 0.8013048 0.8130391 9.0000000 0.7849894 9.0000000 9.0000000 0.7680926 
taxon_2    9.0000000 0.0000000 0.8160016 9.0000000 0.7821467 9.0000000 0.7849894 9.0000000 0.7964692 0.8169917 0.8110706 9.0000000 9.0000000 9.0000000 9.0000000 9.0000000 0.8199698 9.0000000 0.8022757 0.8330137 0.7897513 9.0000000 0.8150128 9.0000000 9.0000000 0.8071490 9.0000000 0.7983997 0.8209652 9.0000000 
taxon_3    9.0000000 0.8160016 0.0000000 0.5730350 0.6772841 9.0000000 0.6650489 9.0000000 0.8022757 0.7452389 0.7727481 9.0000000 9.0000000 9.0000000 9.0000000 9.0000000 0.7974339 9.0000000 0.7907074 0.7634658 0.6634326 9.0000000 0.7074896 9.0000000 9.0000000 0.8130391 9.0000000 0.7727481 0.7690214 9.0000000 
taxon_4    0.7774327 9.0000000 0.5730350 0.0000000 9.0000000 0.6707339 9.0000000 0.6341412 9.0000000 9.0000000 9.0000000 0.7755553 0.7755553 0.7230610 0.7859394 0.8269652 9.0000000 0.7371791 9.0000000 9.0000000 9.0000000 0.7783731 9.0000000 0.8350407 0.8120542 9.0000000 0.7452389 9.0000000 9.0000000 0.7152349 
taxon_5    9.0000000 0.7821467 0.6772841 9.0000000 0.0000000 2.9508716 0.5701778 9.0000000 0.7926231 0.8179831 0.8249599 9.0000000 9.0000000 9.0000000 9.0000000 9.0000000 0.8120542 9.0000000 0.7671649 0.7634658 0.7283242 9.0000000 0.7708824 9.0000000 9.0000000 0.8199698 9.0000000 0.8160016 0.8061718 9.0000000 
taxon_6    0.8120542 9.0000000 9.0000000 0.6707339 2.9508716 0.0000000 3.2898607 0.7248113 9.0000000 9.0000000 9.0000000 0.7935828 0.8091072 0.7926231 0.7983997 0.7774327 9.0000000 0.7699513 9.0000000 9.0000000 9.0000000 0.8239592 9.0000000 0.8249599 0.7708824 9.0000000 0.7840406 9.0000000 9.0000000 0.7680926 
taxon_7    9.0000000 0.7849894 0.6650489 9.0000000 0.5701778 3.2898607 0.0000000 9.0000000 0.8150128 0.8130391 0.7774327 9.0000000 9.0000000 9.0000000 9.0000000 9.0000000 0.8199698 9.0000000 0.8299833 0.7783731 0.7283242 9.0000000 0.7755553 9.0000000 9.0000000 0.7671649 9.0000000 0.7993668 0.8289760 9.0000000 
taxon_8    0.7470418 9.0000000 9.0000000 0.6341412 9.0000000 0.7248113 9.0000000 0.0000000 9.0000000 2.2046715 9.0000000 0.6514195 0.6302693 0.4633752 0.6822346 0.6302693 3.2898607 0.3368016 9.0000000 9.0000000 1.5288846 0.7497543 3.6212353 0.7265657 0.7161004 9.0000000 0.5911430 9.0000000 9.0000000 0.5428766 
taxon_9    9.0000000 0.7964692 0.8022757 9.0000000 0.7926231 9.0000000 0.8150128 9.0000000 0.0000000 0.7213148 0.7974339 9.0000000 9.0000000 9.0000000 9.0000000 9.0000000 0.7727481 9.0000000 0.8150128 0.7983997 0.7248113 9.0000000 0.7926231 9.0000000 9.0000000 0.7859394 9.0000000 0.7983997 0.8081275 9.0000000 
taxon_10   9.0000000 0.8169917 0.7452389 9.0000000 0.8179831 9.0000000 0.8130391 2.2046715 0.7213148 0.0000000 0.7533862 9.0000000 9.0000000 9.0000000 9.0000000 9.0000000 0.7100625 2.5815145 0.8022757 0.7764934 0.6602102 9.0000000 0.7616230 9.0000000 9.0000000 0.7916646 9.0000000 0.7859394 0.7597848 9.0000000 
taxon_11   9.0000000 0.8110706 0.7727481 9.0000000 0.8249599 9.0000000 0.7774327 9.0000000 0.7974339 0.7533862 0.0000000 9.0000000 9.0000000 9.0000000 9.0000000 9.0000000 0.7830931 9.0000000 0.8360563 0.7653131 0.7057792 9.0000000 0.7616230 9.0000000 9.0000000 0.8022757 9.0000000 0.8199698 0.7830931 9.0000000 
taxon_12   0.8130391 9.0000000 9.0000000 0.7755553 9.0000000 0.7935828 9.0000000 0.6514195 9.0000000 9.0000000 9.0000000 0.0000000 0.2892469 0.4910862 0.8209652 0.7878429 9.0000000 0.6530102 9.0000000 9.0000000 9.0000000 0.7727481 9.0000000 0.8239592 0.7671649 9.0000000 0.7570359 9.0000000 9.0000000 0.7178345 
taxon_13   0.7955058 9.0000000 9.0000000 0.7755553 9.0000000 0.8091072 9.0000000 0.6302693 9.0000000 9.0000000 9.0000000 0.2892469 0.0000000 0.4627571 0.7859394 0.7974339 9.0000000 0.6112037 9.0000000 9.0000000 9.0000000 0.7680926 9.0000000 0.8100883 0.7840406 9.0000000 0.7588674 9.0000000 9.0000000 0.7497543 
taxon_14   0.7926231 9.0000000 9.0000000 0.7230610 9.0000000 0.7926231 9.0000000 0.4633752 9.0000000 9.0000000 9.0000000 0.4910862 0.4627571 0.0000000 0.7506606 0.7057792 9.0000000 0.4646128 9.0000000 9.0000000 9.0000000 0.7607034 9.0000000 0.7907074 0.7764934 9.0000000 0.7015202 9.0000000 9.0000000 0.6822346 
taxon_15   0.8130391 9.0000000 9.0000000 0.7859394 9.0000000 0.7983997 9.0000000 0.6822346 9.0000000 9.0000000 9.0000000 0.8209652 0.7859394 0.7506606 0.0000000 0.6233497 4.3295815 0.6789307 9.0000000 9.0000000 9.0000000 0.8051959 9.0000000 0.8259619 0.8042212 9.0000000 0.7974339 9.0000000 9.0000000 0.7524766 
taxon_16   0.7868906 9.0000000 9.0000000 0.8269652 9.0000000 0.7774327 9.0000000 0.6302693 9.0000000 9.0000000 9.0000000 0.7878429 0.7974339 0.7057792 0.6233497 0.0000000 2.4659015 0.6302693 9.0000000 9.0000000 9.0000000 0.7935828 9.0000000 0.8003352 0.7897513 9.0000000 0.8061718 9.0000000 9.0000000 0.7443391 
taxon_17   9.0000000 0.8199698 0.7974339 9.0000000 0.8120542 9.0000000 0.8199698 3.2898607 0.7727481 0.7100625 0.7830931 9.0000000 9.0000000 9.0000000 4.3295815 2.4659015 0.0000000 2.7567256 0.8199698 0.7840406 0.7274445 9.0000000 0.7897513 9.0000000 9.0000000 0.7859394 9.0000000 0.7616230 0.7849894 9.0000000 
taxon_18   0.7746184 9.0000000 9.0000000 0.7371791 9.0000000 0.7699513 9.0000000 0.3368016 9.0000000 2.5815145 9.0000000 0.6530102 0.6112037 0.4646128 0.6789307 0.6302693 2.7567256 0.0000000 9.0000000 9.0000000 2.7436818 0.7588674 9.0000000 0.7597848 0.7662384 9.0000000 0.6723661 9.0000000 9.0000000 0.6302693 
taxon_19   9.0000000 0.8022757 0.7907074 9.0000000 0.7671649 9.0000000 0.8299833 9.0000000 0.8150128 0.8022757 0.8360563 9.0000000 9.0000000 9.0000000 9.0000000 9.0000000 0.8199698 9.0000000 0.0000000 0.8209652 0.7032209 9.0000000 0.7812015 9.0000000 9.0000000 0.7907074 9.0000000 0.8110706 0.8269652 9.0000000 
taxon_20   9.0000000 0.8330137 0.7634658 9.0000000 0.7634658 9.0000000 0.7783731 9.0000000 0.7983997 0.7764934 0.7653131 9.0000000 9.0000000 9.0000000 9.0000000 9.0000000 0.7840406 9.0000000 0.8209652 0.0000000 0.5053353 9.0000000 0.7126442 9.0000000 9.0000000 0.7774327 9.0000000 0.7783731 0.8130391 9.0000000 
taxon_21   9.0000000 0.7897513 0.6634326 9.0000000 0.7283242 9.0000000 0.7283242 1.5288846 0.7248113 0.6602102 0.7057792 9.0000000 9.0000000 9.0000000 9.0000000 9.0000000 0.7274445 2.7436818 0.7032209 0.5053353 0.0000000 9.0000000 0.5198604 9.0000000 9.0000000 0.6989764 2.3976727 0.6830629 0.6814073 1.9550224 
taxon_22   0.8071490 9.0000000 9.0000000 0.7783731 9.0000000 0.8239592 9.0000000 0.7497543 9.0000000 9.0000000 9.0000000 0.7727481 0.7680926 0.7607034 0.8051959 0.7935828 9.0000000 0.7588674 9.0000000 9.0000000 9.0000000 0.0000000 1.5846625 0.7964692 0.7561218 9.0000000 0.7109221 9.0000000 9.0000000 0.7049254 
taxon_23   9.0000000 0.8150128 0.7074896 9.0000000 0.7708824 9.0000000 0.7755553 3.6212353 0.7926231 0.7616230 0.7616230 9.0000000 9.0000000 9.0000000 9.0000000 9.0000000 0.7897513 9.0000000 0.7812015 0.7126442 0.5198604 1.5846625 0.0000000 9.0000000 9.0000000 0.7169670 2.6816631 0.6922348 0.6626257 1.9154239 
taxon_24   0.8013048 9.0000000 9.0000000 0.8350407 9.0000000 0.8249599 9.0000000 0.7265657 9.0000000 9.0000000 9.0000000 0.8239592 0.8100883 0.7907074 0.8259619 0.8003352 9.0000000 0.7597848 9.0000000 9.0000000 9.0000000 0.7964692 9.0000000 0.0000000 0.7300869 9.0000000 0.6218206 9.0000000 9.0000000 0.6764622 
taxon_25   0.8130391 9.0000000 9.0000000 0.8120542 9.0000000 0.7708824 9.0000000 0.7161004 9.0000000 9.0000000 9.0000000 0.7671649 0.7840406 0.7764934 0.8042212 0.7897513 9.0000000 0.7662384 9.0000000 9.0000000 9.0000000 0.7561218 9.0000000 0.7300869 0.0000000 9.0000000 0.5299277 9.0000000 9.0000000 0.6872180 
taxon_26   9.0000000 0.8071490 0.8130391 9.0000000 0.8199698 9.0000000 0.7671649 9.0000000 0.7859394 0.7916646 0.8022757 9.0000000 9.0000000 9.0000000 9.0000000 9.0000000 0.7859394 9.0000000 0.7907074 0.7774327 0.6989764 9.0000000 0.7169670 9.0000000 9.0000000 0.0000000 1.6943248 0.7443391 0.7643889 9.0000000 
taxon_27   0.7849894 9.0000000 9.0000000 0.7452389 9.0000000 0.7840406 9.0000000 0.5911430 9.0000000 9.0000000 9.0000000 0.7570359 0.7588674 0.7015202 0.7974339 0.8061718 9.0000000 0.6723661 9.0000000 9.0000000 2.3976727 0.7109221 2.6816631 0.6218206 0.5299277 1.6943248 0.0000000 9.0000000 9.0000000 0.4733338 
taxon_28   9.0000000 0.7983997 0.7727481 9.0000000 0.8160016 9.0000000 0.7993668 9.0000000 0.7983997 0.7859394 0.8199698 9.0000000 9.0000000 9.0000000 9.0000000 9.0000000 0.7616230 9.0000000 0.8110706 0.7783731 0.6830629 9.0000000 0.6922348 9.0000000 9.0000000 0.7443391 9.0000000 0.0000000 0.5360335 2.4839747 
taxon_29   9.0000000 0.8209652 0.7690214 9.0000000 0.8061718 9.0000000 0.8289760 9.0000000 0.8081275 0.7597848 0.7830931 9.0000000 9.0000000 9.0000000 9.0000000 9.0000000 0.7849894 9.0000000 0.8269652 0.8130391 0.6814073 9.0000000 0.6626257 9.0000000 9.0000000 0.7643889 9.0000000 0.5360335 0.0000000 1.7506426 
taxon_30   0.7680926 9.0000000 9.0000000 0.7152349 9.0000000 0.7680926 9.0000000 0.5428766 9.0000000 9.0000000 9.0000000 0.7178345 0.7497543 0.6822346 0.7524766 0.7443391 9.0000000 0.6302693 9.0000000 9.0000000 1.9550224 0.7049254 1.9154239 0.6764622 0.6872180 9.0000000 0.4733338 2.4839747 1.7506426 0.0000000 
