RF=0.042553
WRF=0.217038
