30
taxon_1    0.0000000 1.4793617 1.6213930 0.8350406 1.5470203 0.8566619 0.7907064 1.5929806 1.2842493 0.8051958 0.7907064 0.8189758 0.8140253 0.8259618 1.5819103 1.6070523 0.8535347 0.8061718 0.8110706 1.5874250 1.5417938 0.8473192 1.6330664 1.5791680 0.8169916 0.8081274 1.5417938 1.5957739 1.5929806 1.5874250 
taxon_2    1.4793617 0.0000000 0.5490893 0.9074373 0.5525631 1.0538531 1.1029816 0.5456315 0.4923704 1.5602481 1.5629219 1.5957739 1.6723106 1.5929806 0.8229598 0.8209652 1.5846626 1.6185029 1.5846626 0.8259618 0.7993668 1.7575553 0.8619030 0.8169916 1.5957739 1.6127557 0.8350406 0.8401323 0.8150127 0.8411548 
taxon_3    1.6213930 0.5490893 0.0000000 0.5759030 0.6602102 1.2464261 1.2805637 0.6691052 0.6674801 1.5874250 1.6600153 1.5957739 1.6600153 1.5957739 0.8442307 0.8061718 1.6070523 1.5629219 1.5037145 0.8140253 0.8259618 1.6301310 0.8229598 0.8042212 1.5549289 1.6156238 0.8452588 0.8279699 0.7945436 0.8229598 
taxon_4    0.8350406 0.9074373 0.5759030 0.0000000 1.1416810 0.6578025 0.6781069 1.1665277 1.1416810 0.8130391 0.8340264 0.8289759 0.8320022 0.8330136 1.6509243 1.5522834 0.8150127 0.8051958 0.8269652 1.6449243 1.6013919 0.8629557 1.6630703 1.6911398 0.8013048 0.8391112 1.6661377 1.6848107 1.4963253 1.6098986 
taxon_5    1.5470203 0.5525631 0.6602102 1.1416810 0.0000000 1.1987911 1.2429210 0.6264169 0.6731835 1.5366034 1.5874250 1.5522834 1.6098986 1.5470203 0.8391112 0.8091072 1.6070523 1.5417938 1.6816661 0.8545757 0.8179830 1.5901976 0.8071490 0.7964692 1.6013919 1.5682983 0.8189758 0.8259618 0.8229598 0.8309920 
taxon_6    0.8566619 1.0538531 1.2464261 0.6578025 1.1987911 0.0000000 0.4923704 0.7840406 1.2714284 0.8421787 0.8249598 0.8452588 0.8432040 0.8289759 1.5237826 1.5846626 0.8120542 0.8199698 0.7955058 1.6127557 1.5901976 0.8566619 1.5710010 1.5061939 0.8229598 0.8169916 1.6301310 1.6723106 1.5791680 1.7104537 
taxon_7    0.7907064 1.1029816 1.2805637 0.6781069 1.2429210 0.4923704 0.0000000 0.8514572 1.2824042 0.8091072 0.8330136 0.8140253 0.8219618 0.8061718 1.5737135 1.7236129 0.8239592 0.8566619 0.8411548 1.7540911 1.5549289 0.8091072 1.5136814 1.4769694 0.8229598 0.8350406 1.5846626 1.5522834 1.6185029 1.6360133 
taxon_8    1.5929806 0.5456315 0.6691052 1.1665277 0.6264169 0.7840406 0.8514572 0.0000000 0.6756412 1.5682983 1.5846626 1.5710010 1.5901976 1.5263293 0.8380915 0.8493853 1.5444025 1.6479183 1.5819103 0.8473192 0.8110706 1.5929806 0.8169916 0.7802570 1.5929806 1.5874250 0.8370732 0.8259618 0.8391112 0.8535347 
taxon_9    1.2842493 0.4923704 0.6674801 1.1416810 0.6731835 1.2714284 1.2824042 0.6756412 0.0000000 1.4465440 1.6242944 1.5602481 1.5819103 1.5263293 0.8350406 0.8209652 1.5764358 1.6754161 1.6272070 0.8289759 0.8169916 1.7472103 0.8810802 0.8330136 1.6661377 1.6479183 0.8442307 0.8219618 0.8473192 0.8309920 
taxon_10   0.8051958 1.5602481 1.5874250 0.8130391 1.5366034 0.8421787 0.8091072 1.5682983 1.4465440 0.0000000 0.7515680 0.7830931 0.7239357 0.4827917 1.3998621 1.2394330 0.7634658 0.6797553 0.7755553 1.5086814 1.1386322 0.8013048 1.4963253 1.3048497 0.6586042 0.5716050 0.9875762 1.4329064 1.3358620 0.9988546 
taxon_11   0.7907064 1.5629219 1.6600153 0.8340264 1.5874250 0.8249598 0.8330136 1.5846626 1.6242944 0.7515680 0.0000000 0.7964692 0.8022757 0.7607028 1.5901976 1.5682983 0.8703657 0.8140253 0.8100882 1.5086814 1.4722075 0.8239592 1.6600153 1.5985776 0.7802570 0.8032478 1.5656053 1.5012433 1.6127557 1.4914393 
taxon_12   0.8189758 1.5957739 1.5957739 0.8289759 1.5522834 0.8452588 0.8140253 1.5710010 1.5602481 0.7830931 0.7964692 0.0000000 0.7926231 0.8140253 1.6070523 1.5791680 0.8140253 0.8360562 0.8091072 1.5086814 1.5237826 0.7974338 1.5417938 1.5012433 0.7897511 0.7783730 1.5136814 1.5575838 1.6539424 1.4063555 
taxon_13   0.8140253 1.6723106 1.6600153 0.8320022 1.6098986 0.8432040 0.8219618 1.5901976 1.5819103 0.7239357 0.8022757 0.7926231 0.0000000 0.7718147 1.5656053 1.6185029 0.8452588 0.7935828 0.8330136 1.6723106 1.5288847 0.8110706 1.5037145 1.5391941 0.7812006 0.7736827 1.5340217 1.5710010 1.5764358 1.5496472 
taxon_14   0.8259618 1.5929806 1.5957739 0.8330136 1.5470203 0.8289759 0.8061718 1.5263293 1.5263293 0.4827917 0.7607028 0.8140253 0.7718147 0.0000000 1.4351620 1.2768962 0.7849894 0.6955980 0.7597844 1.4261801 1.2499472 0.7774326 1.4419708 1.2954157 0.6682922 0.6014778 1.1088070 1.4351620 1.3579519 1.1015322 
taxon_15   1.5819103 0.8229598 0.8442307 1.6509243 0.8391112 1.5237826 1.5737135 0.8380915 0.8350406 1.3998621 1.5901976 1.6070523 1.5656053 1.4351620 0.0000000 0.4981769 1.2714284 0.9255377 1.6127557 0.8229598 0.7907064 1.6213930 0.8299833 0.8100882 1.5237826 1.5061939 0.7570357 0.8229598 0.7479448 0.7616222 
taxon_16   1.6070523 0.8209652 0.8061718 1.5522834 0.8091072 1.5846626 1.7236129 0.8493853 0.8209652 1.2394330 1.5682983 1.5791680 1.6185029 1.2768962 0.4981769 0.0000000 1.0180373 0.4584444 1.5656053 0.8249598 0.7607028 1.5985776 0.8309920 0.7916646 1.4107159 1.2916751 0.7506606 0.7887965 0.7859394 0.7248113 
taxon_17   0.8535347 1.5846626 1.6070523 0.8150127 1.6070523 0.8120542 0.8239592 1.5444025 1.5764358 0.7634658 0.8703657 0.8140253 0.8452588 0.7849894 1.2714284 1.0180373 0.0000000 0.5435644 0.8279699 1.5764358 1.5496472 0.8051958 1.5682983 1.5791680 0.8013048 0.7736827 1.5340217 1.6242944 1.4374244 1.4769694 
taxon_18   0.8061718 1.6185029 1.5629219 0.8051958 1.5417938 0.8199698 0.8566619 1.6479183 1.6754161 0.6797553 0.8140253 0.8360562 0.7935828 0.6955980 0.9255377 0.4584444 0.5435644 0.0000000 0.8022757 1.5366034 1.5086814 0.7993668 1.5496472 1.4841694 0.7680926 0.7187027 1.4329064 1.6013919 1.4217292 1.3934243 
taxon_19   0.8110706 1.5846626 1.5037145 0.8269652 1.6816661 0.7955058 0.8411548 1.5819103 1.6272070 0.7755553 0.8100882 0.8091072 0.8330136 0.7597844 1.6127557 1.5656053 0.8279699 0.8022757 0.0000000 0.5353526 1.0914645 0.7764934 1.5575838 1.4465440 0.7552087 0.7152347 1.3723556 1.4674756 1.4173045 1.3640911 
taxon_20   1.5874250 0.8259618 0.8140253 1.6449243 0.8545757 1.6127557 1.7540911 0.8473192 0.8289759 1.5086814 1.5086814 1.5086814 1.6723106 1.4261801 0.8229598 0.8249598 1.5764358 1.5366034 0.5353526 0.0000000 0.5882162 1.5417938 0.8130391 0.7859394 1.4195136 1.3105677 0.7239357 0.8003352 0.7597844 0.7300869 
taxon_21   1.5417938 0.7993668 0.8259618 1.6013919 0.8179830 1.5901976 1.5549289 0.8110706 0.8169916 1.1386322 1.4722075 1.5237826 1.5288847 1.2499472 0.7907064 0.7607028 1.5496472 1.5086814 1.0914645 0.5882162 0.0000000 1.5136814 0.7718147 0.7398561 1.2154575 1.1280580 0.6119570 0.7570357 0.7389627 0.6248817 
taxon_22   0.8473192 1.7575553 1.6301310 0.8629557 1.5901976 0.8566619 0.8091072 1.5929806 1.7472103 0.8013048 0.8239592 0.7974338 0.8110706 0.7774326 1.6213930 1.5985776 0.8051958 0.7993668 0.7764934 1.5417938 1.5136814 0.0000000 0.4348636 1.5522834 0.7945436 0.7230602 1.4107159 1.6156238 1.4841694 1.4151019 
taxon_23   1.6330664 0.8619030 0.8229598 1.6630703 0.8071490 1.5710010 1.5136814 0.8169916 0.8810802 1.4963253 1.6600153 1.5417938 1.5037145 1.4419708 0.8299833 0.8309920 1.5682983 1.5496472 1.5575838 0.8130391 0.7718147 0.4348636 0.0000000 0.7783730 1.4217292 1.2935431 0.7309697 0.8619030 0.8042212 0.7479448 
taxon_24   1.5791680 0.8169916 0.8042212 1.6911398 0.7964692 1.5061939 1.4769694 0.7802570 0.8330136 1.3048497 1.5985776 1.5012433 1.5391941 1.2954157 0.8100882 0.7916646 1.5791680 1.4841694 1.4465440 0.7859394 0.7398561 1.5522834 0.7783730 0.0000000 1.1792672 0.9559157 0.6466676 0.7625438 0.7849894 0.6318153 
taxon_25   0.8169916 1.5957739 1.5549289 0.8013048 1.6013919 0.8229598 0.8229598 1.5929806 1.6661377 0.6586042 0.7802570 0.7897511 0.7812006 0.6682922 1.5237826 1.4107159 0.8013048 0.7680926 0.7552087 1.4195136 1.2154575 0.7945436 1.4217292 1.1792672 0.0000000 0.2505563 1.0141613 1.3891629 1.3240816 1.0013841 
taxon_26   0.8081274 1.6127557 1.6156238 0.8391112 1.5682983 0.8169916 0.8350406 1.5874250 1.6479183 0.5716050 0.8032478 0.7783730 0.7736827 0.6014778 1.5061939 1.2916751 0.7736827 0.7187027 0.7152347 1.3105677 1.1280580 0.7230602 1.2935431 0.9559157 0.2505563 0.0000000 0.8140253 1.3438196 1.2222305 0.8120542 
taxon_27   1.5417938 0.8350406 0.8452588 1.6661377 0.8189758 1.6301310 1.5846626 0.8370732 0.8442307 0.9875762 1.5656053 1.5136814 1.5340217 1.1088070 0.7570357 0.7506606 1.5340217 1.4329064 1.3723556 0.7239357 0.6119570 1.4107159 0.7309697 0.6466676 1.0141613 0.8140253 0.0000000 0.6955980 0.6325897 0.3742826 
taxon_28   1.5957739 0.8401323 0.8279699 1.6848107 0.8259618 1.6723106 1.5522834 0.8259618 0.8219618 1.4329064 1.5012433 1.5575838 1.5710010 1.4351620 0.8229598 0.7887965 1.6242944 1.6013919 1.4674756 0.8003352 0.7570357 1.6156238 0.8619030 0.7625438 1.3891629 1.3438196 0.6955980 0.0000000 0.7213142 0.5483964 
taxon_29   1.5929806 0.8150127 0.7945436 1.4963253 0.8229598 1.5791680 1.6185029 0.8391112 0.8473192 1.3358620 1.6127557 1.6539424 1.5764358 1.3579519 0.7479448 0.7859394 1.4374244 1.4217292 1.4173045 0.7597844 0.7389627 1.4841694 0.8042212 0.7849894 1.3240816 1.2222305 0.6325897 0.7213142 0.0000000 0.4777327 
taxon_30   1.5874250 0.8411548 0.8229598 1.6098986 0.8309920 1.7104537 1.6360133 0.8535347 0.8309920 0.9988546 1.4914393 1.4063555 1.5496472 1.1015322 0.7616222 0.7248113 1.4769694 1.3934243 1.3640911 0.7300869 0.6248817 1.4151019 0.7479448 0.6318153 1.0013841 0.8120542 0.3742826 0.5483964 0.4777327 0.0000000 
