30
taxon_1    0.0000000 2.2110007 2.6698518 0.8350407 2.4058695 0.8566619 0.7907074 2.5609653 1.7751205 0.8051959 0.7907074 0.8189758 0.8140253 0.8259619 2.5214822 2.6134342 0.8535348 0.8061718 0.8110706 2.5409635 2.3895645 0.8473193 2.7182557 2.5119281 0.8169917 0.8081275 2.3895645 2.5711695 2.5609653 2.5409635 
taxon_2    2.2110007 0.0000000 0.5490893 1.1649507 0.5525631 1.3807114 1.4581004 0.5456315 0.4923704 2.4482536 2.4570257 2.5711695 2.9014034 2.5609653 0.8229599 0.8209652 2.5311596 2.6582237 2.5311596 0.8259619 0.7993668 3.5056223 0.8619031 0.8169917 2.5711695 2.6354947 0.8350407 0.8401323 0.8150128 0.8411548 
taxon_3    2.6698518 0.5490893 0.0000000 0.7309696 0.6602102 1.7039604 1.7680450 0.6691052 0.6674800 2.5409635 2.8401449 2.5711695 2.8401449 2.5711695 0.8442307 0.8061718 2.6134342 2.4570257 2.2774157 0.8140253 0.8259619 2.7058587 0.8229599 0.8042212 2.4310115 2.6467731 0.8452588 0.8279699 0.7945437 0.8229599 
taxon_4    0.8350407 1.1649507 0.7309696 0.0000000 1.5212445 0.6578025 0.6781069 1.5629219 1.5212445 0.8130391 0.8340265 0.8289760 0.8320022 0.8330137 2.7972755 2.4225368 0.8150128 0.8051959 0.8269652 2.7700001 2.5920042 0.8629557 2.8549969 3.0038351 0.8013048 0.8391112 2.8701489 2.9681140 2.2568665 2.6243833 
taxon_5    2.4058695 0.5525631 0.6602102 1.5212445 0.0000000 1.6185029 1.6975227 0.6264172 0.6731835 2.3736065 2.5409635 2.4225368 2.6243833 2.4058695 0.8391112 0.8091072 2.6134342 2.3895645 2.9508719 0.8545757 0.8179831 2.5508971 0.8071490 0.7964692 2.5920042 2.4748836 0.8189758 0.8259619 0.8229599 0.8309921 
taxon_6    0.8566619 1.3807114 1.7039604 0.6578025 1.6185029 0.0000000 0.4923704 0.9963336 1.7506428 0.8421787 0.8249599 0.8452588 0.8432040 0.8289760 2.3351363 2.5311596 0.8120542 0.8199698 0.7955058 2.6354947 2.5508971 0.8566619 2.4839746 2.2843925 0.8229599 0.8169917 2.7058587 2.9014034 2.5119281 3.1225021 
taxon_7    0.7907074 1.4581004 1.7680450 0.6781069 1.6975227 0.4923704 0.0000000 1.0871919 1.7715744 0.8091072 0.8330137 0.8140253 0.8219619 0.8061718 2.4931772 3.2135237 0.8239592 0.8566619 0.8411548 3.4707323 2.4310115 0.8091072 2.3057209 2.2046715 0.8229599 0.8350407 2.5311596 2.4225368 2.6582237 2.7308610 
taxon_8    2.5609653 0.5456315 0.6691052 1.5629219 0.6264172 0.9963336 1.0871919 0.0000000 0.6756412 2.4748836 2.5311596 2.4839746 2.5508971 2.3426740 0.8380915 0.8493854 2.3976727 2.7835139 2.5214822 0.8473193 0.8110706 2.5609653 0.8169917 0.7802566 2.5609653 2.5409635 0.8370732 0.8259619 0.8391112 0.8535348 
taxon_9    1.7751205 0.4923704 0.6674800 1.5212445 0.6731835 1.7506428 1.7715744 0.6756412 0.0000000 2.1269127 2.6816631 2.4482536 2.5214822 2.3426740 0.8350407 0.8209652 2.5024940 2.9175331 2.6936633 0.8289760 0.8169917 3.4054735 0.8810802 0.8330137 2.8701489 2.7835139 0.8442307 0.8219619 0.8473193 0.8309921 
taxon_10   0.8051959 2.4482536 2.5409635 0.8130391 2.3736065 0.8421787 0.8091072 2.4748836 2.1269127 0.0000000 0.7515677 0.7830931 0.7239356 0.4827917 2.0161857 1.6911398 0.7634653 0.6797553 0.7755545 2.2914348 1.5161940 0.8013048 2.2568665 1.8152755 0.6586042 0.5716050 1.2805637 2.0935738 1.8778123 1.2972931 
taxon_11   0.7907074 2.4570257 2.8401449 0.8340265 2.5409635 0.8249599 0.8330137 2.5311596 2.6816631 0.7515677 0.0000000 0.7964692 0.8022757 0.7607029 2.5508971 2.4748836 0.8703658 0.8140253 0.8100883 2.2914348 2.1921712 0.8239592 2.8401449 2.5815145 0.7802566 0.8032478 2.4659015 2.2705032 2.6354947 2.2434732 
taxon_12   0.8189758 2.5711695 2.5711695 0.8289760 2.4225368 0.8452588 0.8140253 2.4839746 2.4482536 0.7830931 0.7964692 0.0000000 0.7926231 0.8140253 2.6134342 2.5119281 0.8140253 0.8360563 0.8091072 2.2914348 2.3351363 0.7974339 2.3895645 2.2705032 0.7897513 0.7783723 2.3057209 2.4395830 2.8112943 2.0310377 
taxon_13   0.8140253 2.9014034 2.8401449 0.8320022 2.6243833 0.8432040 0.8219619 2.5508971 2.5214822 0.7239356 0.8022757 0.7926231 0.0000000 0.7718140 2.4659015 2.6582237 0.8452588 0.7935828 0.8330137 2.9014034 2.3502881 0.8110706 2.2774157 2.3815430 0.7812006 0.7736819 2.3657530 2.4839746 2.5024940 2.4141569 
taxon_14   0.8259619 2.5609653 2.5711695 0.8330137 2.4058695 0.8289760 0.8061718 2.3426740 2.3426740 0.4827917 0.7607029 0.8140253 0.7718140 0.0000000 2.0990284 1.7610356 0.7849894 0.6955980 0.7597844 2.0774441 1.7104537 0.7774318 2.1156343 1.7967566 0.6682922 0.6014779 1.4674756 2.0990284 1.9240454 1.4557748 
taxon_15   2.5214822 0.8229599 0.8442307 2.7972755 0.8391112 2.3351363 2.4931772 0.8380915 0.8350407 2.0161857 2.5508971 2.6134342 2.4659015 2.0990284 0.0000000 0.4981769 1.7506428 1.1905943 2.6354947 0.8229599 0.7907074 2.6698518 0.8299833 0.8100883 2.3351363 2.2843925 0.7570355 0.8229599 0.7479446 0.7616226 
taxon_16   2.6134342 0.8209652 0.8061718 2.4225368 0.8091072 2.5311596 3.2135237 0.8493854 0.8209652 1.6911398 2.4748836 2.5119281 2.6582237 1.7610356 0.4981769 0.0000000 1.3260322 0.5889469 2.4659015 0.8249599 0.7607029 2.5815145 0.8309921 0.7916646 2.0411049 1.7894750 0.7506603 0.7887965 0.7859394 0.7248112 
taxon_17   0.8535348 2.5311596 2.6134342 0.8150128 2.6134342 0.8120542 0.8239592 2.3976727 2.5024940 0.7634653 0.8703658 0.8140253 0.8452588 0.7849894 1.7506428 1.3260322 0.0000000 0.5435644 0.8279699 2.5024940 2.4141569 0.8051959 2.4748836 2.5119281 0.8013048 0.7736819 2.3657530 2.6816631 2.1045230 2.2046715 
taxon_18   0.8061718 2.6582237 2.4570257 0.8051959 2.3895645 0.8199698 0.8566619 2.7835139 2.9175331 0.6797553 0.8140253 0.8360563 0.7935828 0.6955980 1.1905943 0.5889469 0.5435644 0.0000000 0.8022757 2.3736065 2.2914348 0.7993668 2.4141569 2.2238215 0.7680920 0.7187030 2.0935738 2.5920042 2.0668804 2.0016221 
taxon_19   0.8110706 2.5311596 2.2774157 0.8269652 2.9508719 0.7955058 0.8411548 2.5214822 2.6936633 0.7755545 0.8100883 0.8091072 0.8330137 0.7597844 2.6354947 2.4659015 0.8279699 0.8022757 0.0000000 0.6814073 1.4396945 0.7764926 2.4395830 2.1269127 0.7552084 0.7152348 1.9550233 2.1798758 2.0564631 1.9371653 
taxon_20   2.5409635 0.8259619 0.8140253 2.7700001 0.8545757 2.6354947 3.4707323 0.8473193 0.8289760 2.2914348 2.2914348 2.2914348 2.9014034 2.0774441 0.8229599 0.8249599 2.5024940 2.3736065 0.6814073 0.0000000 0.5882162 2.3895645 0.8130391 0.7859394 2.0616537 1.8266113 0.7239356 0.8003352 0.7597844 0.7300867 
taxon_21   2.3895645 0.7993668 0.8259619 2.5920042 0.8179831 2.5508971 2.4310115 0.8110706 0.8169917 1.5161940 2.1921712 2.3351363 2.3502881 1.7104537 0.7907074 0.7607029 2.4141569 2.2914348 1.4396945 0.5882162 0.0000000 2.3057209 0.7718140 0.7398559 1.6479184 1.4987803 0.6119571 0.7570355 0.7389625 0.6248819 
taxon_22   0.8473193 3.5056223 2.7058587 0.8629557 2.5508971 0.8566619 0.8091072 2.5609653 3.4054735 0.8013048 0.8239592 0.7974339 0.8110706 0.7774318 2.6698518 2.5815145 0.8051959 0.7993668 0.7764926 2.3895645 2.3057209 0.0000000 0.5609666 2.4225368 0.7945437 0.7230609 2.0411049 2.6467731 2.2238215 2.0513092 
taxon_23   2.7182557 0.8619031 0.8229599 2.8549969 0.8071490 2.4839746 2.3057209 0.8169917 0.8810802 2.2568665 2.8401449 2.3895645 2.2774157 2.1156343 0.8299833 0.8309921 2.4748836 2.4141569 2.4395830 0.8130391 0.7718140 0.5609666 0.0000000 0.7783723 2.0668804 1.7931070 0.7309696 0.8619031 0.8042212 0.7479446 
taxon_24   2.5119281 0.8169917 0.8042212 3.0038351 0.7964692 2.2843925 2.2046715 0.7802566 0.8330137 1.8152755 2.5815145 2.2705032 2.3815430 1.7967566 0.8100883 0.7916646 2.5119281 2.2238215 2.1269127 0.7859394 0.7398559 2.4225368 0.7783723 0.0000000 1.5846626 1.2342307 0.6466676 0.7625434 0.7849894 0.6318157 
taxon_25   0.8169917 2.5711695 2.4310115 0.8013048 2.5920042 0.8229599 0.8229599 2.5609653 2.8701489 0.6586042 0.7802566 0.7897513 0.7812006 0.6682922 2.3351363 2.0411049 0.8013048 0.7680920 0.7552084 2.0616537 1.6479184 0.7945437 2.0668804 1.5846626 0.0000000 0.2505562 1.3201956 1.9920678 1.8537461 1.3010619 
taxon_26   0.8081275 2.6354947 2.6467731 0.8391112 2.4748836 0.8169917 0.8350407 2.5409635 2.7835139 0.5716050 0.8032478 0.7783723 0.7736819 0.6014779 2.2843925 1.7894750 0.7736819 0.7187030 0.7152348 1.8266113 1.4987803 0.7230609 1.7931070 1.2342307 0.2505562 0.0000000 1.0363945 1.8942965 1.6600154 1.0337444 
taxon_27   2.3895645 0.8350407 0.8452588 2.8701489 0.8189758 2.7058587 2.5311596 0.8370732 0.8442307 1.2805637 2.4659015 2.3057209 2.3657530 1.4674756 0.7570355 0.7506603 2.3657530 2.0935738 1.9550233 0.7239356 0.6119571 2.0411049 0.7309696 0.6466676 1.3201956 1.0363945 0.0000000 0.6955980 0.6325900 0.3742817 
taxon_28   2.5711695 0.8401323 0.8279699 2.9681140 0.8259619 2.9014034 2.4225368 0.8259619 0.8219619 2.0935738 2.2705032 2.4395830 2.4839746 2.0990284 0.8229599 0.7887965 2.6816631 2.5920042 2.1798758 0.8003352 0.7570355 2.6467731 0.8619031 0.7625434 1.9920678 1.8942965 0.6955980 0.0000000 0.7213147 0.5483964 
taxon_29   2.5609653 0.8150128 0.7945437 2.2568665 0.8229599 2.5119281 2.6582237 0.8391112 0.8473193 1.8778123 2.6354947 2.8112943 2.5024940 1.9240454 0.7479446 0.7859394 2.1045230 2.0668804 2.0564631 0.7597844 0.7389625 2.2238215 0.8042212 0.7849894 1.8537461 1.6600154 0.6325900 0.7213147 0.0000000 0.4777327 
taxon_30   2.5409635 0.8411548 0.8229599 2.6243833 0.8309921 3.1225021 2.7308610 0.8535348 0.8309921 1.2972931 2.2434732 2.0310377 2.4141569 1.4557748 0.7616226 0.7248112 2.2046715 2.0016221 1.9371653 0.7300867 0.6248819 2.0513092 0.7479446 0.6318157 1.3010619 1.0337444 0.3742817 0.5483964 0.4777327 0.0000000 
