RF=0.914894
WRF=0.013355
