RF=0.978723
WRF=0.006335
