30
taxon_1    0.0000000 9.0000000 2.7034037 9.0000000 1.0141613 9.0000000 1.0703373 1.0854893 9.0000000 0.8179831 0.7486681 0.3588495 9.0000000 1.1383280 9.0000000 9.0000000 9.0000000 3.0529710 1.1456631 9.0000000 1.2314708 1.1776629 1.1932075 1.1438226 9.0000000 1.2171457 9.0000000 9.0000000 1.1383280 3.1013749 
taxon_2    9.0000000 0.0000000 0.8495923 1.1493577 9.0000000 1.0957634 9.0000000 9.0000000 1.1493577 9.0000000 3.3688806 2.4987535 1.1475081 9.0000000 1.1365054 1.1795884 1.1757423 1.2110891 9.0000000 1.1719157 9.0000000 9.0000000 9.0000000 9.0000000 1.2011023 9.0000000 1.1776629 1.2232516 9.0000000 1.1700098 
taxon_3    2.7034037 0.8495923 0.0000000 1.0393209 9.0000000 1.0141613 9.0000000 9.0000000 1.0923231 2.7488722 2.1689794 1.9460410 1.1096849 9.0000000 1.1438226 1.1795884 1.1892910 1.1346873 9.0000000 1.1700098 9.0000000 9.0000000 9.0000000 9.0000000 1.1892910 9.0000000 1.1757423 1.2212107 9.0000000 1.0854893 
taxon_4    9.0000000 1.1493577 1.0393209 0.0000000 1.4479214 0.5698927 9.0000000 9.0000000 1.0505993 2.6199845 2.6605349 4.3084533 1.2252980 9.0000000 1.2232516 1.1853949 1.1971445 1.1365054 9.0000000 1.2151214 9.0000000 9.0000000 9.0000000 9.0000000 1.2151214 9.0000000 1.1757423 1.2030891 9.0000000 1.2273499 
taxon_5    1.0141613 9.0000000 9.0000000 1.4479214 0.0000000 1.0587604 1.1419866 1.1662123 9.0000000 0.9518725 0.9280610 0.9377744 9.0000000 1.1605519 9.0000000 9.0000000 9.0000000 9.0000000 1.1873405 9.0000000 1.1795884 1.2131026 1.1256619 1.2070784 9.0000000 1.1757423 9.0000000 9.0000000 1.2030891 9.0000000 
taxon_6    9.0000000 1.0957634 1.0141613 0.5698927 1.0587604 0.0000000 9.0000000 9.0000000 1.1185190 2.3657530 2.4876422 2.7334077 1.2030891 9.0000000 1.1776629 1.1419866 1.1719157 1.1815189 9.0000000 1.1991208 9.0000000 9.0000000 9.0000000 9.0000000 1.1456631 9.0000000 1.1853949 1.2171457 9.0000000 1.1873405 
taxon_7    1.0703373 9.0000000 9.0000000 9.0000000 1.1419866 9.0000000 0.0000000 0.3217030 3.3688806 0.6962725 0.8800019 0.9913169 9.0000000 1.2030891 9.0000000 9.0000000 9.0000000 9.0000000 1.1419866 9.0000000 1.1991208 1.2631211 1.2356145 1.2397812 9.0000000 1.2171457 9.0000000 9.0000000 1.1738266 9.0000000 
taxon_8    1.0854893 9.0000000 9.0000000 9.0000000 1.1662123 9.0000000 0.3217030 0.0000000 2.7972761 0.6558819 0.8608519 0.9676929 9.0000000 1.1493577 9.0000000 9.0000000 9.0000000 9.0000000 1.1419866 9.0000000 1.2397812 1.2872108 1.2090811 1.2212107 9.0000000 1.1512118 9.0000000 9.0000000 1.1912467 9.0000000 
taxon_9    9.0000000 1.1493577 1.0923231 1.0505993 9.0000000 1.1185190 3.3688806 2.7972761 0.0000000 1.1401551 2.1546933 3.0298923 1.1568019 9.0000000 1.1834544 1.2151214 1.2191755 1.1719157 9.0000000 1.2439711 9.0000000 9.0000000 9.0000000 9.0000000 1.2232516 9.0000000 1.1700098 1.3354663 9.0000000 1.1475081 
taxon_10   0.8179831 9.0000000 2.7488722 2.6199845 0.9518725 2.3657530 0.6962725 0.6558819 1.1401551 0.0000000 0.4699580 0.6665067 9.0000000 1.0906088 9.0000000 9.0000000 9.0000000 9.0000000 1.1738266 9.0000000 1.1719157 1.1061803 1.2070784 1.2460749 9.0000000 1.1310641 9.0000000 9.0000000 1.1549339 9.0000000 
taxon_11   0.7486681 3.3688806 2.1689794 2.6605349 0.9280610 2.4876422 0.8800019 0.8608519 2.1546933 0.4699580 0.0000000 0.6031149 9.0000000 1.1512118 9.0000000 9.0000000 9.0000000 9.0000000 1.1568019 9.0000000 1.1662123 1.1586745 1.2481846 1.2294076 9.0000000 1.1815189 9.0000000 9.0000000 1.1932075 9.0000000 
taxon_12   0.3588495 2.4987535 1.9460410 4.3084533 0.9377744 2.7334077 0.9913169 0.9676929 3.0298923 0.6665067 0.6031149 0.0000000 9.0000000 1.1202983 9.0000000 9.0000000 9.0000000 4.1928403 1.1549339 9.0000000 1.1991208 1.1776629 1.1456631 1.1493577 9.0000000 1.2232516 9.0000000 9.0000000 1.1568019 2.6745540 
taxon_13   9.0000000 1.1475081 1.1096849 1.2252980 9.0000000 1.2030891 9.0000000 9.0000000 1.1568019 9.0000000 9.0000000 9.0000000 0.0000000 1.1834544 0.8684533 1.2397812 1.1776629 1.2294076 9.0000000 1.1834544 9.0000000 9.0000000 9.0000000 9.0000000 1.1892910 9.0000000 1.1456631 1.1700098 9.0000000 1.1292590 
taxon_14   1.1383280 9.0000000 9.0000000 9.0000000 1.1605519 9.0000000 1.2030891 1.1493577 9.0000000 1.0906088 1.1512118 1.1202983 1.1834544 0.0000000 2.0935736 9.0000000 9.0000000 9.0000000 1.2070784 9.0000000 1.1079306 1.1274583 1.2503003 1.2376949 9.0000000 1.1681086 9.0000000 9.0000000 1.2273499 9.0000000 
taxon_15   9.0000000 1.1365054 1.1438226 1.2232516 9.0000000 1.1776629 9.0000000 9.0000000 1.1834544 9.0000000 9.0000000 9.0000000 0.8684533 2.0935736 0.0000000 1.1757423 1.1114434 1.1719157 9.0000000 1.1892910 9.0000000 9.0000000 9.0000000 9.0000000 1.2294076 9.0000000 1.1643207 1.1624339 9.0000000 1.2110891 
taxon_16   9.0000000 1.1795884 1.1795884 1.1853949 9.0000000 1.1419866 9.0000000 9.0000000 1.2151214 9.0000000 9.0000000 9.0000000 1.2397812 9.0000000 1.1757423 0.0000000 0.9266836 0.8144201 9.0000000 1.2050811 9.0000000 9.0000000 9.0000000 9.0000000 1.2252980 9.0000000 1.2294076 1.2273499 9.0000000 1.1971445 
taxon_17   9.0000000 1.1757423 1.1892910 1.1971445 9.0000000 1.1719157 9.0000000 9.0000000 1.2191755 9.0000000 9.0000000 9.0000000 1.1776629 9.0000000 1.1114434 0.9266836 0.0000000 0.8458764 9.0000000 1.1757423 9.0000000 9.0000000 9.0000000 9.0000000 1.2503003 9.0000000 1.2273499 1.2110891 9.0000000 1.1700098 
taxon_18   3.0529710 1.2110891 1.1346873 1.1365054 9.0000000 1.1815189 9.0000000 9.0000000 1.1719157 9.0000000 9.0000000 4.1928403 1.2294076 9.0000000 1.1719157 0.8144201 0.8458764 0.0000000 9.0000000 1.2761649 9.0000000 9.0000000 9.0000000 9.0000000 1.2481846 9.0000000 1.1892910 1.1834544 9.0000000 1.1044340 
taxon_19   1.1456631 9.0000000 9.0000000 9.0000000 1.1873405 9.0000000 1.1419866 1.1419866 9.0000000 1.1738266 1.1568019 1.1549339 9.0000000 1.2070784 9.0000000 9.0000000 9.0000000 9.0000000 0.0000000 0.7497543 1.0018911 0.9647915 1.1586745 1.1719157 9.0000000 1.2294076 9.0000000 9.0000000 1.1912467 9.0000000 
taxon_20   9.0000000 1.1719157 1.1700098 1.2151214 9.0000000 1.1991208 9.0000000 9.0000000 1.2439711 9.0000000 9.0000000 9.0000000 1.1834544 9.0000000 1.1892910 1.2050811 1.1757423 1.2761649 0.7497543 0.0000000 9.0000000 2.9646337 9.0000000 9.0000000 1.2545496 9.0000000 1.1643207 1.2232516 9.0000000 1.2503003 
taxon_21   1.2314708 9.0000000 9.0000000 9.0000000 1.1795884 9.0000000 1.1991208 1.2397812 9.0000000 1.1719157 1.1662123 1.1991208 9.0000000 1.1079306 9.0000000 9.0000000 9.0000000 9.0000000 1.0018911 9.0000000 0.0000000 0.3143680 1.2397812 1.1700098 9.0000000 1.1971445 9.0000000 9.0000000 1.1834544 9.0000000 
taxon_22   1.1776629 9.0000000 9.0000000 9.0000000 1.2131026 9.0000000 1.2631211 1.2872108 9.0000000 1.1061803 1.1586745 1.1776629 9.0000000 1.1274583 9.0000000 9.0000000 9.0000000 9.0000000 0.9647915 2.9646337 0.3143680 0.0000000 1.2252980 1.1256619 9.0000000 1.1568019 9.0000000 9.0000000 1.1681086 9.0000000 
taxon_23   1.1932075 9.0000000 9.0000000 9.0000000 1.1256619 9.0000000 1.2356145 1.2090811 9.0000000 1.2070784 1.2481846 1.1456631 9.0000000 1.2503003 9.0000000 9.0000000 9.0000000 9.0000000 1.1586745 9.0000000 1.2397812 1.2252980 0.0000000 1.0473595 9.0000000 1.0505993 9.0000000 9.0000000 0.9184718 9.0000000 
taxon_24   1.1438226 9.0000000 9.0000000 9.0000000 1.2070784 9.0000000 1.2397812 1.2212107 9.0000000 1.2460749 1.2294076 1.1493577 9.0000000 1.2376949 9.0000000 9.0000000 9.0000000 9.0000000 1.1719157 9.0000000 1.1700098 1.1256619 1.0473595 0.0000000 2.0870801 0.6982995 9.0000000 9.0000000 0.9619013 9.0000000 
taxon_25   9.0000000 1.2011023 1.1892910 1.2151214 9.0000000 1.1456631 9.0000000 9.0000000 1.2232516 9.0000000 9.0000000 9.0000000 1.1892910 9.0000000 1.2294076 1.2252980 1.2503003 1.2481846 9.0000000 1.2545496 9.0000000 9.0000000 9.0000000 2.0870801 0.0000000 1.6563658 1.1834544 1.1438226 9.0000000 1.2335398 
taxon_26   1.2171457 9.0000000 9.0000000 9.0000000 1.1757423 9.0000000 1.2171457 1.1512118 9.0000000 1.1310641 1.1815189 1.2232516 9.0000000 1.1681086 9.0000000 9.0000000 9.0000000 9.0000000 1.2294076 9.0000000 1.1971445 1.1568019 1.0505993 0.6982995 1.6563658 0.0000000 9.0000000 9.0000000 0.9868303 9.0000000 
taxon_27   9.0000000 1.1776629 1.1757423 1.1757423 9.0000000 1.1853949 9.0000000 9.0000000 1.1700098 9.0000000 9.0000000 9.0000000 1.1456631 9.0000000 1.1643207 1.2294076 1.2273499 1.1892910 9.0000000 1.1643207 9.0000000 9.0000000 9.0000000 9.0000000 1.1834544 9.0000000 0.0000000 0.4827917 4.4451945 1.1549339 
taxon_28   9.0000000 1.2232516 1.2212107 1.2030891 9.0000000 1.2171457 9.0000000 9.0000000 1.3354663 9.0000000 9.0000000 9.0000000 1.1700098 9.0000000 1.1624339 1.2273499 1.2110891 1.1834544 9.0000000 1.2232516 9.0000000 9.0000000 9.0000000 9.0000000 1.1438226 9.0000000 0.4827917 0.0000000 2.9240833 1.2418732 
taxon_29   1.1383280 9.0000000 9.0000000 9.0000000 1.2030891 9.0000000 1.1738266 1.1912467 9.0000000 1.1549339 1.1932075 1.1568019 9.0000000 1.2273499 9.0000000 9.0000000 9.0000000 9.0000000 1.1912467 9.0000000 1.1834544 1.1681086 0.9184718 0.9619013 9.0000000 0.9868303 4.4451945 2.9240833 0.0000000 9.0000000 
taxon_30   3.1013749 1.1700098 1.0854893 1.2273499 9.0000000 1.1873405 9.0000000 9.0000000 1.1475081 9.0000000 9.0000000 2.6745540 1.1292590 9.0000000 1.2110891 1.1971445 1.1700098 1.1044340 9.0000000 1.2503003 9.0000000 9.0000000 9.0000000 9.0000000 1.2335398 9.0000000 1.1549339 1.2418732 9.0000000 0.0000000 
