30
taxon_1    0.0000000 1.3410973 1.2208403 1.5864187 1.3631577 1.1672461 0.9213854 1.3687757 1.5568584 2.4490469 3.3095987 1.7738291 1.8609577 9.0000000 1.9232576 9.0000000 1.9232576 9.0000000 9.0000000 9.0000000 1.8774418 1.8395276 9.0000000 9.0000000 9.0000000 9.0000000 9.0000000 9.0000000 9.0000000 1.8290379 
taxon_2    1.3410973 0.0000000 1.1629481 1.5354285 1.3465518 1.1737396 0.9761308 1.4617087 1.4521948 2.4028785 9.0000000 1.7934380 1.7642136 9.0000000 1.7984215 9.0000000 1.7594517 9.0000000 9.0000000 9.0000000 1.9115386 1.8448280 9.0000000 4.3493195 9.0000000 4.2125783 9.0000000 9.0000000 9.0000000 1.7547198 
taxon_3    1.2208403 1.1629481 0.0000000 0.6593329 0.9434458 0.8559975 0.5117226 1.2139278 1.3744361 2.1253647 3.2381161 1.7134249 1.7407007 9.0000000 1.7642136 9.0000000 1.7224071 9.0000000 9.0000000 9.0000000 1.8186930 1.7547198 9.0000000 9.0000000 9.0000000 9.0000000 9.0000000 3.3886190 9.0000000 1.6492833 
taxon_4    1.5864187 1.5354285 0.6593329 0.0000000 1.2093546 1.0244233 0.5609661 1.7984215 2.2156374 1.3603644 1.6957771 9.0000000 4.0969653 1.8238476 9.0000000 1.8186930 9.0000000 1.8774418 1.7738291 1.8664122 9.0000000 4.2125783 1.8555425 1.8395276 1.7269388 1.7934380 1.7547198 1.8186930 1.7835695 3.4769564 
taxon_5    1.3631577 1.3465518 0.9434458 1.2093546 0.0000000 0.9845295 0.6637253 1.3410973 1.6171919 2.5241095 9.0000000 1.7738291 1.8290379 9.0000000 1.7738291 9.0000000 1.8999999 9.0000000 9.0000000 9.0000000 1.7984215 1.8084887 3.9084795 9.0000000 9.0000000 9.0000000 9.0000000 9.0000000 4.2125783 1.7642136 
taxon_6    1.1672461 1.1737396 0.8559975 1.0244233 0.9845295 0.0000000 0.4723090 1.2588231 1.4396946 2.1569483 9.0000000 1.6411311 1.7407007 9.0000000 1.8555425 9.0000000 1.8555425 9.0000000 9.0000000 9.0000000 1.8395276 1.8135735 9.0000000 9.0000000 5.0365368 9.0000000 4.3493195 9.0000000 3.9968168 1.7835695 
taxon_7    0.9213854 0.9761308 0.5117226 0.5609661 0.6637253 0.4723090 0.0000000 1.0297869 1.2515532 1.7134249 3.5771049 1.6132755 1.7453447 9.0000000 1.8609577 9.0000000 1.7179026 9.0000000 9.0000000 9.0000000 1.9351626 1.9411867 9.0000000 9.0000000 9.0000000 9.0000000 9.0000000 4.7324386 3.3095987 1.7547198 
taxon_8    1.3687757 1.4617087 1.2139278 1.7984215 1.3410973 1.2588231 1.0297869 0.0000000 0.9930234 1.0837134 9.0000000 1.8186930 1.7594517 9.0000000 1.7134249 5.0365368 1.8664122 9.0000000 9.0000000 9.0000000 1.7786835 1.9472596 9.0000000 9.0000000 9.0000000 9.0000000 9.0000000 9.0000000 9.0000000 1.6575252 
taxon_9    1.5568584 1.4521948 1.3744361 2.2156374 1.6171919 1.4396946 1.2515532 0.9930234 0.0000000 1.4490502 9.0000000 1.8719068 1.7835695 3.5253603 1.6828084 9.0000000 1.7835695 9.0000000 9.0000000 9.0000000 1.8609577 1.9232576 9.0000000 9.0000000 9.0000000 9.0000000 3.9084795 9.0000000 9.0000000 1.7269388 
taxon_10   2.4490469 2.4028785 2.1253647 1.3603644 2.5241095 2.1569483 1.7134249 1.0837134 1.4490502 0.0000000 1.7984215 9.0000000 9.0000000 1.7884875 9.0000000 1.8342645 9.0000000 1.8999999 1.8084887 1.6742856 9.0000000 9.0000000 1.8886361 1.6700603 1.9847674 1.7594517 1.6828084 1.8886361 1.6616803 9.0000000 
taxon_11   3.3095987 9.0000000 3.2381161 1.6957771 9.0000000 9.0000000 3.5771049 9.0000000 9.0000000 1.7984215 0.0000000 3.0309260 1.6828084 1.6250877 4.7324386 1.6451961 2.8282083 1.5789187 1.5284191 1.7360853 2.7014011 2.3488983 1.7269388 1.4304542 1.4617087 1.3223127 1.5180264 1.6055035 1.5249389 1.7786835 
taxon_12   1.7738291 1.7934380 1.7134249 9.0000000 1.7738291 1.6411311 1.6132755 1.8186930 1.8719068 9.0000000 3.0309260 0.0000000 1.4183082 9.0000000 1.8886361 9.0000000 1.7179026 5.5562928 9.0000000 9.0000000 1.6093794 1.7134249 9.0000000 9.0000000 9.0000000 9.0000000 9.0000000 9.0000000 9.0000000 1.5043897 
taxon_13   1.8609577 1.7642136 1.7407007 4.0969653 1.8290379 1.7407007 1.7453447 1.7594517 1.7835695 9.0000000 1.6828084 1.4183082 0.0000000 2.3083479 1.6828084 4.2125783 1.7089739 3.0309260 2.9809071 9.0000000 1.7179026 1.5249389 9.0000000 2.4256074 3.2730061 2.2156374 2.8282083 2.8482095 2.9809071 1.1846887 
taxon_14   9.0000000 9.0000000 9.0000000 1.8238476 9.0000000 9.0000000 9.0000000 9.0000000 3.5253603 1.7884875 1.6250877 9.0000000 2.3083479 0.0000000 1.0571955 0.7574517 3.3095987 1.6871065 1.6330665 1.6575252 3.9968168 2.6529972 1.8034382 1.6742856 1.6290665 1.6132755 1.6132755 1.7179026 1.9533821 2.6375327 
taxon_15   1.9232576 1.7984215 1.7642136 9.0000000 1.7738291 1.8555425 1.8609577 1.7134249 1.6828084 9.0000000 4.7324386 1.8886361 1.6828084 1.0571955 0.0000000 0.9711363 1.8186930 9.0000000 9.0000000 4.3493195 1.5678075 1.7045491 9.0000000 9.0000000 3.9968168 3.3095987 9.0000000 9.0000000 9.0000000 1.6055035 
taxon_16   9.0000000 9.0000000 9.0000000 1.8186930 9.0000000 9.0000000 9.0000000 5.0365368 9.0000000 1.8342645 1.6451961 9.0000000 4.2125783 0.7574517 0.9711363 0.0000000 3.6326859 1.6871065 1.8719068 1.6742856 3.0054998 3.2730061 1.6211299 1.6533929 1.6492833 1.5425040 1.6016475 1.7453447 1.6700603 2.7014011 
taxon_17   1.9232576 1.7594517 1.7224071 9.0000000 1.8999999 1.8555425 1.7179026 1.8664122 1.7835695 9.0000000 2.8282083 1.7179026 1.7089739 3.3095987 1.8186930 3.6326859 0.0000000 0.9711363 1.3687757 1.7884875 1.0837134 1.2612621 2.5373841 1.9533821 2.7712189 1.7134249 2.8087267 3.0572445 3.2381161 1.4063558 
taxon_18   9.0000000 9.0000000 9.0000000 1.8774418 9.0000000 9.0000000 9.0000000 9.0000000 9.0000000 1.8999999 1.5789187 5.5562928 3.0309260 1.6871065 9.0000000 1.6871065 0.9711363 0.0000000 0.9105939 1.0856439 1.2962685 1.6211299 1.5077757 1.1294229 1.4183082 1.0817879 1.6093794 1.5145939 1.5568584 2.0517756 
taxon_19   9.0000000 9.0000000 9.0000000 1.7738291 9.0000000 9.0000000 9.0000000 9.0000000 9.0000000 1.8084887 1.5284191 9.0000000 2.9809071 1.6330665 9.0000000 1.8719068 1.3687757 0.9105939 0.0000000 1.2372216 1.5641400 1.8719068 1.5077757 1.2563920 1.4585240 1.2372216 1.9232576 1.6370879 1.5751966 2.3917671 
taxon_20   9.0000000 9.0000000 9.0000000 1.8664122 9.0000000 9.0000000 9.0000000 9.0000000 9.0000000 1.6742856 1.7360853 9.0000000 9.0000000 1.6575252 4.3493195 1.6742856 1.7884875 1.0856439 1.2372216 0.0000000 1.9173752 2.1176723 1.6742856 1.2962685 1.5389579 1.3014055 1.6250877 1.7314981 1.8395276 2.3593879 
taxon_21   1.8774418 1.9115386 1.8186930 9.0000000 1.7984215 1.8395276 1.9351626 1.7786835 1.8609577 9.0000000 2.7014011 1.6093794 1.7179026 3.9968168 1.5678075 3.0054998 1.0837134 1.2962685 1.5641400 1.9173752 0.0000000 1.2911664 3.4314875 1.9657791 2.5508980 1.8664122 2.7354978 9.0000000 9.0000000 1.6290665 
taxon_22   1.8395276 1.8448280 1.7547198 4.2125783 1.8084887 1.8135735 1.9411867 1.9472596 1.9232576 9.0000000 2.3488983 1.7134249 1.5249389 2.6529972 1.7045491 3.2730061 1.2612621 1.6211299 1.8719068 2.1176723 1.2911664 0.0000000 1.4396946 0.7149990 1.2686271 0.6003969 2.8898869 2.8687587 2.5110657 1.1544252 
taxon_23   9.0000000 9.0000000 9.0000000 1.8555425 3.9084795 9.0000000 9.0000000 9.0000000 9.0000000 1.8886361 1.7269388 9.0000000 9.0000000 1.8034382 9.0000000 1.6211299 2.5373841 1.5077757 1.5077757 1.6742856 3.4314875 1.4396946 0.0000000 1.0442801 1.3303057 0.9628854 1.6250877 1.7786835 1.6171919 2.2244094 
taxon_24   9.0000000 4.3493195 9.0000000 1.8395276 9.0000000 9.0000000 9.0000000 9.0000000 9.0000000 1.6700603 1.4304542 9.0000000 2.4256074 1.6742856 9.0000000 1.6533929 1.9533821 1.1294229 1.2563920 1.2962685 1.9657791 0.7149990 1.0442801 0.0000000 0.7268851 0.2597542 1.5678075 1.5864187 1.5641400 1.6171919 
taxon_25   9.0000000 9.0000000 9.0000000 1.7269388 9.0000000 5.0365368 9.0000000 9.0000000 9.0000000 1.9847674 1.4617087 9.0000000 3.2730061 1.6290665 3.9968168 1.6492833 2.7712189 1.4183082 1.4585240 1.5389579 2.5508980 1.2686271 1.3303057 0.7268851 0.0000000 0.5963592 1.6914292 1.6370879 1.6330665 1.9847674 
taxon_26   9.0000000 4.2125783 9.0000000 1.7934380 9.0000000 9.0000000 9.0000000 9.0000000 9.0000000 1.7594517 1.3223127 9.0000000 2.2156374 1.6132755 3.3095987 1.5425040 1.7134249 1.0817879 1.2372216 1.3014055 1.8664122 0.6003969 0.9628854 0.2597542 0.5963592 0.0000000 1.6211299 1.4521948 1.4745845 1.3916782 
taxon_27   9.0000000 9.0000000 9.0000000 1.7547198 9.0000000 4.3493195 9.0000000 9.0000000 3.9084795 1.6828084 1.5180264 9.0000000 2.8282083 1.6132755 9.0000000 1.6016475 2.8087267 1.6093794 1.9232576 1.6250877 2.7354978 2.8898869 1.6250877 1.5678075 1.6914292 1.6211299 0.0000000 1.6700603 1.7045491 2.0378866 
taxon_28   9.0000000 9.0000000 3.3886190 1.8186930 9.0000000 9.0000000 4.7324386 9.0000000 9.0000000 1.8886361 1.6055035 9.0000000 2.8482095 1.7179026 9.0000000 1.7453447 3.0572445 1.5145939 1.6370879 1.7314981 9.0000000 2.8687587 1.7786835 1.5864187 1.6370879 1.4521948 1.6700603 0.0000000 1.3117863 1.3659614 
taxon_29   9.0000000 9.0000000 9.0000000 1.7835695 4.2125783 3.9968168 3.3095987 9.0000000 9.0000000 1.6616803 1.5249389 9.0000000 2.9809071 1.9533821 9.0000000 1.6700603 3.2381161 1.5568584 1.5751966 1.8395276 9.0000000 2.5110657 1.6171919 1.5641400 1.6330665 1.4745845 1.7045491 1.3117863 0.0000000 1.2911664 
taxon_30   1.8290379 1.7547198 1.6492833 3.4769564 1.7642136 1.7835695 1.7547198 1.6575252 1.7269388 9.0000000 1.7786835 1.5043897 1.1846887 2.6375327 1.6055035 2.7014011 1.4063558 2.0517756 2.3917671 2.3593879 1.6290665 1.1544252 2.2244094 1.6171919 1.9847674 1.3916782 2.0378866 1.3659614 1.2911664 0.0000000 
