30
taxon_1    0.0000000 2.8856134 9.0000000 2.8401449 3.6864938 4.1410957 3.2765861 2.4395830 2.9857619 9.0000000 3.6212353 2.8856134 2.9857619 2.5973046 4.6609561 9.0000000 4.9650549 9.0000000 3.2765861 2.7567257 5.4849153 9.0000000 3.9253341 3.3600053 9.0000000 3.7579765 2.1100580 2.2568665 4.2778369 2.1618027 
taxon_2    2.8856134 0.0000000 1.0497880 1.1728706 1.4396946 1.2615065 1.1897795 0.3207830 3.2015235 3.4054737 3.0413429 4.9650549 2.8184042 2.2879054 2.3426742 9.0000000 2.6640152 4.0254827 9.0000000 3.2015235 3.9253341 3.0130376 2.6467731 2.6134342 2.5071964 2.5071964 2.2467992 2.1184380 3.5056223 1.9595550 
taxon_3    9.0000000 1.0497880 0.0000000 1.1333265 1.3260322 1.2350953 1.2247858 0.9388226 2.8625346 3.6864938 2.8401449 4.6609561 9.0000000 2.5973046 2.9094249 9.0000000 3.5612033 2.6467731 9.0000000 9.0000000 9.0000000 3.3171365 2.9857619 3.3171365 4.9650549 4.4451945 2.9340173 3.6212353 9.0000000 2.7972761 
taxon_4    2.8401449 1.1728706 1.1333265 0.0000000 1.2299228 1.2455484 1.1154152 1.1066175 3.8369969 3.6864938 9.0000000 3.2765861 3.6864938 3.1013749 9.0000000 3.4054737 4.1410957 3.1666335 2.8856134 9.0000000 3.3600053 4.2778369 3.0130376 3.7579765 9.0000000 5.4849153 3.6864938 3.5056223 9.0000000 2.9594434 
taxon_5    3.6864938 1.4396946 1.3260322 1.2299228 0.0000000 1.1704858 1.0437315 1.3838702 3.6864938 5.4849153 3.9253341 3.8369969 4.2778369 9.0000000 4.9650549 3.3600053 4.1410957 3.6212353 4.1410957 3.1013749 3.0707584 9.0000000 9.0000000 9.0000000 4.1410957 2.7567257 3.1013749 2.6997362 3.7579765 2.5508980 
taxon_6    4.1410957 1.2615065 1.2350953 1.2455484 1.1704858 0.0000000 0.4639937 1.1873405 3.1332946 3.3171365 3.1013749 3.6864938 9.0000000 3.1332946 9.0000000 3.2015235 3.6864938 4.4451945 9.0000000 9.0000000 3.4538776 9.0000000 3.5612033 3.4054737 9.0000000 3.2381161 3.2381161 2.8625346 9.0000000 2.7567257 
taxon_7    3.2765861 1.1897795 1.2247858 1.1154152 1.0437315 0.4639937 0.0000000 1.1447423 3.1013749 3.5612033 2.9340173 3.4054737 9.0000000 2.9594434 3.2381161 2.8625346 3.0413429 2.9340173 3.4054737 3.2381161 9.0000000 9.0000000 9.0000000 3.4538776 9.0000000 2.8401449 2.7767269 2.7767269 4.2778369 2.6640152 
taxon_8    2.4395830 0.3207830 0.9388226 1.1066175 1.3838702 1.1873405 1.1447423 0.0000000 3.2015235 4.0254827 3.1666335 9.0000000 3.2381161 2.5660501 2.5360461 3.4538776 2.6134342 3.1666335 3.5612033 3.0707584 3.5056223 3.2765861 2.6299184 2.7767269 3.0413429 2.8184042 2.2568665 2.2568665 3.1332946 1.9460411 
taxon_9    2.9857619 3.2015235 2.8625346 3.8369969 3.6864938 3.1332946 3.1013749 3.2015235 0.0000000 1.2481846 2.0385754 2.4794154 2.3775642 4.4451945 3.7579765 2.8184042 3.4054737 9.0000000 9.0000000 9.0000000 3.3171365 9.0000000 9.0000000 9.0000000 9.0000000 9.0000000 4.2778369 4.6609561 2.6640152 2.7972761 
taxon_10   9.0000000 3.4054737 3.6864938 3.6864938 5.4849153 3.3171365 3.5612033 4.0254827 1.2481846 0.0000000 2.3426742 2.2879054 2.0695076 2.9340173 9.0000000 9.0000000 9.0000000 9.0000000 9.0000000 2.8184042 9.0000000 4.9650549 9.0000000 9.0000000 9.0000000 9.0000000 3.0130376 2.6299184 4.6609561 2.3895645 
taxon_11   3.6212353 3.0413429 2.8401449 9.0000000 3.9253341 3.1013749 2.9340173 3.1666335 2.0385754 2.3426742 0.0000000 1.5378976 1.3498437 3.1666335 4.6609561 9.0000000 5.4849153 3.5056223 4.6609561 9.0000000 9.0000000 3.3600053 5.4849153 3.8369969 9.0000000 9.0000000 3.3600053 2.6134342 3.0130376 2.8401449 
taxon_12   2.8856134 4.9650549 4.6609561 3.2765861 3.8369969 3.6864938 3.4054737 9.0000000 2.4794154 2.2879054 1.5378976 0.0000000 1.1401551 3.2015235 4.6609561 4.2778369 3.3171365 3.6864938 9.0000000 3.5612033 9.0000000 3.4054737 9.0000000 9.0000000 9.0000000 4.2778369 3.3600053 3.3600053 3.3600053 2.9340173 
taxon_13   2.9857619 2.8184042 9.0000000 3.6864938 4.2778369 9.0000000 9.0000000 3.2381161 2.3775642 2.0695076 1.3498437 1.1401551 0.0000000 3.7579765 3.0413429 2.8401449 2.2985439 2.9094249 3.4538776 9.0000000 9.0000000 3.0707584 4.6609561 3.5056223 9.0000000 2.9857619 2.8401449 2.8184042 9.0000000 2.8401449 
taxon_14   2.5973046 2.2879054 2.5973046 3.1013749 9.0000000 3.1332946 2.9594434 2.5660501 4.4451945 2.9340173 3.1666335 3.2015235 3.7579765 0.0000000 1.2778114 1.4195140 0.9875762 1.9393744 1.6286676 1.8400560 1.3966365 1.2750692 1.1198531 0.7511142 4.9650549 2.4659015 1.9327665 1.9664044 3.1013749 1.8818995 
taxon_15   4.6609561 2.3426742 2.9094249 9.0000000 4.9650549 9.0000000 3.2381161 2.5360461 3.7579765 9.0000000 4.6609561 4.6609561 3.0413429 1.2778114 0.0000000 1.6374913 1.3057998 2.4931773 2.1269127 2.3657530 2.0854657 1.9327665 1.6927309 1.4129061 2.8856134 9.0000000 2.9340173 2.5815145 3.1332946 2.4794154 
taxon_16   9.0000000 9.0000000 9.0000000 3.4054737 3.3600053 3.2015235 2.8625346 3.4538776 2.8184042 9.0000000 9.0000000 4.2778369 2.8401449 1.4195140 1.6374913 0.0000000 0.5258845 2.4141569 2.0161857 2.2568665 1.9327665 1.8818995 1.6509244 1.4228400 9.0000000 4.6609561 3.4538776 3.2765861 9.0000000 2.5508980 
taxon_17   4.9650549 2.6640152 3.5612033 4.1410957 4.1410957 3.6864938 3.0413429 2.6134342 3.4054737 9.0000000 5.4849153 3.3171365 2.2985439 0.9875762 1.3057998 0.5258845 0.0000000 2.0016221 1.7319556 1.9944450 1.6738620 1.7627818 1.4329073 1.1288084 9.0000000 4.9650549 2.4141569 2.4267622 3.6212353 2.1529268 
taxon_18   9.0000000 4.0254827 2.6467731 3.1666335 3.6212353 4.4451945 2.9340173 3.1666335 9.0000000 9.0000000 3.5056223 3.6864938 2.9094249 1.9393744 2.4931773 2.4141569 2.0016221 0.0000000 0.7416461 1.8059592 1.4129061 2.2985439 2.0695076 1.7219554 9.0000000 3.6864938 2.8184042 3.7579765 9.0000000 2.6467731 
taxon_19   3.2765861 9.0000000 9.0000000 2.8856134 4.1410957 9.0000000 3.4054737 3.5612033 9.0000000 9.0000000 4.6609561 9.0000000 3.4538776 1.6286676 2.1269127 2.0161857 1.7319556 0.7416461 0.0000000 1.7120868 1.2641995 2.0235749 1.7894750 1.4781646 9.0000000 3.4538776 2.4794154 2.3426742 9.0000000 2.2173837 
taxon_20   2.7567257 3.2015235 9.0000000 9.0000000 3.1013749 9.0000000 3.2381161 3.0707584 9.0000000 2.8184042 9.0000000 3.5612033 9.0000000 1.8400560 2.3657530 2.2568665 1.9944450 1.8059592 1.7120868 0.0000000 1.3870414 2.4267622 2.0310377 1.7170049 3.7579765 3.2381161 2.8184042 3.1013749 9.0000000 2.5815145 
taxon_21   5.4849153 3.9253341 9.0000000 3.3600053 3.0707584 3.4538776 9.0000000 3.5056223 3.3171365 9.0000000 9.0000000 9.0000000 9.0000000 1.3966365 2.0854657 1.9327665 1.6738620 1.4129061 1.2641995 1.3870414 0.0000000 1.7319556 1.6028030 1.3231082 9.0000000 4.0254827 2.4526268 2.6299184 5.4849153 2.4931773 
taxon_22   9.0000000 3.0130376 3.3171365 4.2778369 9.0000000 9.0000000 9.0000000 3.2765861 9.0000000 4.9650549 3.3600053 3.4054737 3.0707584 1.2750692 1.9327665 1.8818995 1.7627818 2.2985439 2.0235749 2.4267622 1.7319556 0.0000000 0.4808906 0.7217510 9.0000000 9.0000000 2.6640152 2.7182557 9.0000000 2.5815145 
taxon_23   3.9253341 2.6467731 2.9857619 3.0130376 9.0000000 3.5612033 9.0000000 2.6299184 9.0000000 9.0000000 5.4849153 9.0000000 4.6609561 1.1198531 1.6927309 1.6509244 1.4329073 2.0695076 1.7894750 2.0310377 1.6028030 0.4808906 0.0000000 0.5641423 3.6864938 9.0000000 2.3093354 2.4395830 3.9253341 2.4395830 
taxon_24   3.3600053 2.6134342 3.3171365 3.7579765 9.0000000 3.4054737 3.4538776 2.7767269 9.0000000 9.0000000 3.8369969 9.0000000 3.5056223 0.7511142 1.4129061 1.4228400 1.1288084 1.7219554 1.4781646 1.7170049 1.3231082 0.7217510 0.5641423 0.0000000 3.6212353 3.0707584 2.0161857 1.9595550 2.8401449 1.8636800 
taxon_25   9.0000000 2.5071964 4.9650549 9.0000000 4.1410957 9.0000000 9.0000000 3.0413429 9.0000000 9.0000000 9.0000000 9.0000000 9.0000000 4.9650549 2.8856134 9.0000000 9.0000000 9.0000000 9.0000000 3.7579765 9.0000000 9.0000000 3.6864938 3.6212353 0.0000000 2.3313958 1.6464199 2.2568665 3.7579765 2.1529268 
taxon_26   3.7579765 2.5071964 4.4451945 5.4849153 2.7567257 3.2381161 2.8401449 2.8184042 9.0000000 9.0000000 9.0000000 4.2778369 2.9857619 2.4659015 9.0000000 4.6609561 4.9650549 3.6864938 3.4538776 3.2381161 4.0254827 9.0000000 9.0000000 3.0707584 2.3313958 0.0000000 0.7648508 1.2778114 2.3895645 1.2247858 
taxon_27   2.1100580 2.2467992 2.9340173 3.6864938 3.1013749 3.2381161 2.7767269 2.2568665 4.2778369 3.0130376 3.3600053 3.3600053 2.8401449 1.9327665 2.9340173 3.4538776 2.4141569 2.8184042 2.4794154 2.8184042 2.4526268 2.6640152 2.3093354 2.0161857 1.6464199 0.7648508 0.0000000 0.6494359 1.8004241 0.6294973 
taxon_28   2.2568665 2.1184380 3.6212353 3.5056223 2.6997362 2.8625346 2.7767269 2.2568665 4.6609561 2.6299184 2.6134342 3.3600053 2.8184042 1.9664044 2.5815145 3.2765861 2.4267622 3.7579765 2.3426742 3.1013749 2.6299184 2.7182557 2.4395830 1.9595550 2.2568665 1.2778114 0.6494359 0.0000000 1.5263293 0.3521028 
taxon_29   4.2778369 3.5056223 9.0000000 9.0000000 3.7579765 9.0000000 4.2778369 3.1332946 2.6640152 4.6609561 3.0130376 3.3600053 9.0000000 3.1013749 3.1332946 9.0000000 3.6212353 9.0000000 9.0000000 9.0000000 5.4849153 9.0000000 3.9253341 2.8401449 3.7579765 2.3895645 1.8004241 1.5263293 0.0000000 1.3201956 
taxon_30   2.1618027 1.9595550 2.7972761 2.9594434 2.5508980 2.7567257 2.6640152 1.9460411 2.7972761 2.3895645 2.8401449 2.9340173 2.8401449 1.8818995 2.4794154 2.5508980 2.1529268 2.6467731 2.2173837 2.5815145 2.4931773 2.5815145 2.4395830 1.8636800 2.1529268 1.2247858 0.6294973 0.3521028 1.3201956 0.0000000 
