RF=0.404255
WRF=0.048361
