30
taxon_1    0.0000000 1.0770337 0.8239592 0.7596012 3.4439437 0.8646430 9.0000000 9.0000000 1.1512118 9.0000000 1.2151214 9.0000000 1.1892910 9.0000000 1.0923230 1.1114434 1.1568019 9.0000000 1.1951734 9.0000000 9.0000000 9.0000000 9.0000000 9.0000000 9.0000000 1.1061802 1.1643207 1.2783610 1.1009537 1.0049398 
taxon_2    1.0770337 0.0000000 1.7829815 0.3447826 0.9590223 2.0554300 1.1795884 1.2050811 9.0000000 1.1475081 9.0000000 1.1834544 9.0000000 1.1292590 9.0000000 9.0000000 9.0000000 1.1951734 9.0000000 1.1044340 1.0457449 1.1815189 1.1738265 1.1568019 1.1719157 9.0000000 9.0000000 9.0000000 9.0000000 9.0000000 
taxon_3    0.8239592 1.7829815 0.0000000 1.3260321 9.0000000 1.0720058 9.0000000 9.0000000 1.1475081 9.0000000 1.1256619 9.0000000 1.2939172 9.0000000 1.2314708 1.2356144 1.1853949 9.0000000 1.1834544 9.0000000 9.0000000 9.0000000 9.0000000 9.0000000 9.0000000 1.1892910 1.1892910 1.2314708 1.1549339 1.0489777 
taxon_4    0.7596012 0.3447826 1.3260321 0.0000000 0.8384992 1.5901973 1.1624339 1.1951734 9.0000000 1.0871919 9.0000000 1.1624339 9.0000000 1.0906088 9.0000000 9.0000000 9.0000000 1.1220819 9.0000000 1.1493576 1.0018911 1.1310640 1.1605519 1.1383280 1.1185190 9.0000000 9.0000000 9.0000000 9.0000000 2.3944189 
taxon_5    3.4439437 0.9590223 9.0000000 0.8384992 0.0000000 0.8003352 1.1274583 1.1365054 9.0000000 1.0703373 9.0000000 1.1873404 9.0000000 1.0409217 9.0000000 9.0000000 9.0000000 1.1096849 9.0000000 1.0457449 0.9157544 1.1419866 1.1149728 1.1061802 1.1643207 9.0000000 9.0000000 9.0000000 9.0000000 1.8843626 
taxon_6    0.8646430 2.0554300 1.0720058 1.5901973 0.8003352 0.0000000 9.0000000 9.0000000 1.0820956 9.0000000 1.0604033 9.0000000 1.0923230 9.0000000 1.1185190 1.1220819 1.1114434 9.0000000 1.0992196 5.6522725 2.2691283 9.0000000 9.0000000 9.0000000 9.0000000 1.0787172 1.0554853 1.0888984 1.0313675 0.7220128 
taxon_7    9.0000000 1.1795884 9.0000000 1.1624339 1.1274583 9.0000000 0.0000000 0.6626257 0.9391723 0.8203678 9.0000000 1.2356144 9.0000000 1.1512118 9.0000000 9.0000000 9.0000000 1.1383280 9.0000000 1.1662123 1.0940413 1.1605519 1.1932075 1.1624339 1.1815189 9.0000000 9.0000000 9.0000000 9.0000000 9.0000000 
taxon_8    9.0000000 1.2050811 9.0000000 1.1951734 1.1365054 9.0000000 0.6626257 0.0000000 0.7454190 0.8409502 9.0000000 1.2110891 9.0000000 1.1456630 9.0000000 9.0000000 9.0000000 1.1643207 9.0000000 1.1202983 1.1096849 1.1719157 1.1991208 1.2171457 1.1643207 9.0000000 9.0000000 9.0000000 9.0000000 9.0000000 
taxon_9    1.1512118 9.0000000 1.1475081 9.0000000 9.0000000 1.0820956 0.9391723 0.7454190 0.0000000 1.3719402 1.1149728 9.0000000 1.0871919 9.0000000 1.1310640 1.1530705 1.0604033 9.0000000 1.1549339 9.0000000 9.0000000 9.0000000 9.0000000 9.0000000 9.0000000 1.0522244 1.0505993 1.1815189 1.1815189 0.9619013 
taxon_10   9.0000000 1.1475081 9.0000000 1.0871919 1.0703373 9.0000000 0.8203678 0.8409502 1.3719402 0.0000000 9.0000000 1.0992196 9.0000000 0.9604604 9.0000000 9.0000000 9.0000000 1.1061802 9.0000000 1.0282096 0.8434093 1.0804045 1.1383280 1.0670113 1.0703373 9.0000000 9.0000000 9.0000000 9.0000000 2.0935739 
taxon_11   1.2151214 9.0000000 1.1256619 9.0000000 9.0000000 1.0604033 9.0000000 9.0000000 1.1149728 9.0000000 0.0000000 9.0000000 1.0637000 9.0000000 1.1568019 1.1776629 1.0974895 9.0000000 1.1079305 9.0000000 2.7034034 9.0000000 9.0000000 9.0000000 9.0000000 1.1220819 1.1009537 1.1185190 1.1149728 0.8943626 
taxon_12   9.0000000 1.1834544 9.0000000 1.1624339 1.1873404 9.0000000 1.2356144 1.2110891 9.0000000 1.0992196 9.0000000 0.0000000 1.1079305 0.7368229 3.5728314 9.0000000 2.0935739 1.0670113 9.0000000 0.9049823 0.9928184 1.1795884 1.1132061 1.1643207 1.1185190 9.0000000 9.0000000 9.0000000 9.0000000 9.0000000 
taxon_13   1.1892910 9.0000000 1.2939172 9.0000000 9.0000000 1.0923230 9.0000000 9.0000000 1.0871919 9.0000000 1.0637000 1.1079305 0.0000000 1.2171457 0.9023132 0.9335961 0.7293813 3.3339911 1.0425260 1.7916521 2.2135473 9.0000000 9.0000000 9.0000000 9.0000000 1.0787172 1.0329514 1.1568019 1.1681086 0.9604604 
taxon_14   9.0000000 1.1292590 9.0000000 1.0906088 1.0409217 9.0000000 1.1512118 1.1456630 9.0000000 0.9604604 9.0000000 0.7368229 1.2171457 0.0000000 1.2314708 1.3571371 0.6713863 0.8061718 2.8856134 0.5673315 0.7262145 1.0219334 1.0203725 1.0095364 1.0888984 9.0000000 3.5273629 9.0000000 9.0000000 1.8942965 
taxon_15   1.0923230 9.0000000 1.2314708 9.0000000 9.0000000 1.1185190 9.0000000 9.0000000 1.1310640 9.0000000 1.1568019 3.5728314 0.9023132 1.2314708 0.0000000 0.9476152 0.7530222 9.0000000 1.1383280 2.4042229 3.7885930 9.0000000 9.0000000 9.0000000 9.0000000 1.1549339 1.0753540 1.2524219 1.1853949 1.0034139 
taxon_16   1.1114434 9.0000000 1.2356144 9.0000000 9.0000000 1.1220819 9.0000000 9.0000000 1.1530705 9.0000000 1.1776629 9.0000000 0.9335961 1.3571371 0.9476152 0.0000000 0.7774327 9.0000000 1.1456630 9.0000000 9.0000000 9.0000000 9.0000000 9.0000000 9.0000000 1.1932075 1.1256619 1.2460749 1.1149728 1.0820956 
taxon_17   1.1568019 9.0000000 1.1853949 9.0000000 9.0000000 1.1114434 9.0000000 9.0000000 1.0604033 9.0000000 1.0974895 2.0935739 0.7293813 0.6713863 0.7530222 0.7774327 0.0000000 2.6467729 0.9988546 1.5868713 2.1476513 9.0000000 9.0000000 9.0000000 9.0000000 1.0787172 1.0620499 1.2356144 1.1220819 0.9116967 
taxon_18   9.0000000 1.1951734 9.0000000 1.1220819 1.1096849 9.0000000 1.1383280 1.1643207 9.0000000 1.1061802 9.0000000 1.0670113 3.3339911 0.8061718 9.0000000 9.0000000 2.6467729 0.0000000 9.0000000 0.8251602 0.9157544 1.1700097 1.1475081 1.1256619 1.1238697 9.0000000 9.0000000 9.0000000 9.0000000 9.0000000 
taxon_19   1.1951734 9.0000000 1.1834544 9.0000000 9.0000000 1.0992196 9.0000000 9.0000000 1.1549339 9.0000000 1.1079305 9.0000000 1.0425260 2.8856134 1.1383280 1.1456630 0.9988546 9.0000000 0.0000000 2.4447734 9.0000000 9.0000000 9.0000000 9.0000000 9.0000000 1.1549339 1.1310640 1.1971445 1.2151214 1.0554853 
taxon_20   9.0000000 1.1044340 9.0000000 1.1493576 1.0457449 5.6522725 1.1662123 1.1202983 9.0000000 1.0282096 9.0000000 0.9049823 1.7916521 0.5673315 2.4042229 9.0000000 1.5868713 0.8251602 2.4447734 0.0000000 0.7486681 1.0837905 1.1096849 1.0425260 1.0871919 9.0000000 2.8856134 9.0000000 9.0000000 2.0074137 
taxon_21   9.0000000 1.0457449 9.0000000 1.0018911 0.9157544 2.2691283 1.0940413 1.1096849 9.0000000 0.8434093 2.7034034 0.9928184 2.2135473 0.7262145 3.7885930 9.0000000 2.1476513 0.9157544 9.0000000 0.7486681 0.0000000 1.0110749 1.0064689 0.9130469 1.0234975 2.5569221 1.9354027 9.0000000 9.0000000 1.4235068 
taxon_22   9.0000000 1.1815189 9.0000000 1.1310640 1.1419866 9.0000000 1.1605519 1.1719157 9.0000000 1.0804045 9.0000000 1.1795884 9.0000000 1.0219334 9.0000000 9.0000000 9.0000000 1.1700097 9.0000000 1.0837905 1.0110749 0.0000000 0.8471130 0.6425736 1.0505993 9.0000000 9.0000000 9.0000000 9.0000000 9.0000000 
taxon_23   9.0000000 1.1738265 9.0000000 1.1605519 1.1149728 9.0000000 1.1932075 1.1991208 9.0000000 1.1383280 9.0000000 1.1132061 9.0000000 1.0203725 9.0000000 9.0000000 9.0000000 1.1475081 9.0000000 1.1096849 1.0064689 0.8471130 0.0000000 0.6606927 1.1274583 9.0000000 9.0000000 9.0000000 9.0000000 9.0000000 
taxon_24   9.0000000 1.1568019 9.0000000 1.1383280 1.1061802 9.0000000 1.1624339 1.2171457 9.0000000 1.0670113 9.0000000 1.1643207 9.0000000 1.0095364 9.0000000 9.0000000 9.0000000 1.1256619 9.0000000 1.0425260 0.9130469 0.6425736 0.6606927 0.0000000 1.0080011 2.7972751 2.1476513 9.0000000 9.0000000 3.9253341 
taxon_25   9.0000000 1.1719157 9.0000000 1.1185190 1.1643207 9.0000000 1.1815189 1.1643207 9.0000000 1.0703373 9.0000000 1.1185190 9.0000000 1.0888984 9.0000000 9.0000000 9.0000000 1.1238697 9.0000000 1.0871919 1.0234975 1.0505993 1.1274583 1.0080011 0.0000000 0.6416319 5.1324010 9.0000000 9.0000000 9.0000000 
taxon_26   1.1061802 9.0000000 1.1892910 9.0000000 9.0000000 1.0787172 9.0000000 9.0000000 1.0522244 9.0000000 1.1220819 9.0000000 1.0787172 9.0000000 1.1549339 1.1932075 1.0787172 9.0000000 1.1549339 9.0000000 2.5569221 9.0000000 9.0000000 2.7972751 0.6416319 0.0000000 0.8583351 1.1096849 1.1456630 1.0126165 
taxon_27   1.1643207 9.0000000 1.1892910 9.0000000 9.0000000 1.0554853 9.0000000 9.0000000 1.0505993 9.0000000 1.1009537 9.0000000 1.0329514 3.5273629 1.0753540 1.1256619 1.0620499 9.0000000 1.1310640 2.8856134 1.9354027 9.0000000 9.0000000 2.1476513 5.1324010 0.8583351 0.0000000 1.1834544 1.1149728 0.9157544 
taxon_28   1.2783610 9.0000000 1.2314708 9.0000000 9.0000000 1.0888984 9.0000000 9.0000000 1.1815189 9.0000000 1.1185190 9.0000000 1.1568019 9.0000000 1.2524219 1.2460749 1.2356144 9.0000000 1.1971445 9.0000000 9.0000000 9.0000000 9.0000000 9.0000000 9.0000000 1.1096849 1.1834544 0.0000000 0.8825925 0.9883229 
taxon_29   1.1009537 9.0000000 1.1549339 9.0000000 9.0000000 1.0313675 9.0000000 9.0000000 1.1815189 9.0000000 1.1149728 9.0000000 1.1681086 9.0000000 1.1853949 1.1149728 1.1220819 9.0000000 1.2151214 9.0000000 9.0000000 9.0000000 9.0000000 9.0000000 9.0000000 1.1456630 1.1149728 0.8825925 0.0000000 0.9433819 
taxon_30   1.0049398 9.0000000 1.0489777 2.3944189 1.8843626 0.7220128 9.0000000 9.0000000 0.9619013 2.0935739 0.8943626 9.0000000 0.9604604 1.8942965 1.0034139 1.0820956 0.9116967 9.0000000 1.0554853 2.0074137 1.4235068 9.0000000 9.0000000 3.9253341 9.0000000 1.0126165 0.9157544 0.9883229 0.9433819 0.0000000 
