RF=0.468085
WRF=0.031552
