RF=0.659574
WRF=0.029649
