30
taxon_1    0.0000000 2.4794154 2.7372441 2.6640152 3.4538776 9.0000000 3.2765861 3.5056223 2.8856134 9.0000000 3.1013749 3.3600053 2.6134342 2.4931773 2.8184042 2.7972761 2.8625346 2.9094249 3.2381161 3.2015235 2.9340173 3.6212353 5.4849153 4.2778369 9.0000000 2.9857619 9.0000000 4.4451945 9.0000000 3.3171365 
taxon_2    2.4794154 0.0000000 0.1966732 2.0161857 2.1269127 1.9802937 1.6738620 1.7894750 2.1529268 2.0616541 1.9005727 2.6299184 2.1529268 1.7219554 2.8401449 2.7767269 2.6299184 4.0254827 3.0130376 3.1666335 3.3600053 2.9340173 2.3657530 2.9857619 3.6864938 9.0000000 9.0000000 2.0016221 2.5973046 3.9253341 
taxon_3    2.7372441 0.1966732 0.0000000 2.0538821 2.1269127 1.9393744 1.6242944 1.8517750 2.0461897 1.9460411 1.9005727 2.6299184 2.1618027 1.6156238 2.9594434 2.9857619 2.6816631 3.7579765 2.5360461 2.7567257 5.4849153 3.5612033 2.8184042 3.0130376 3.7579765 3.6212353 3.2015235 1.9664044 2.9340173 4.1410957 
taxon_4    2.6640152 2.0161857 2.0538821 0.0000000 1.1610220 1.3498437 1.1220819 2.5508980 2.3895645 3.3600053 4.2778369 2.7972761 2.4659015 2.4526268 3.4054737 3.4054737 3.8369969 3.2765861 3.2015235 3.5612033 9.0000000 3.6212353 9.0000000 9.0000000 2.8856134 3.3600053 3.0707584 2.9340173 9.0000000 9.0000000 
taxon_5    3.4538776 2.1269127 2.1269127 1.1610220 0.0000000 1.2247858 1.0297869 2.4659015 2.1529268 2.5973046 2.6134342 2.6299184 2.5973046 2.5973046 9.0000000 9.0000000 9.0000000 9.0000000 4.2778369 9.0000000 3.9253341 4.9650549 9.0000000 3.3600053 2.7372441 2.9857619 3.5056223 2.8856134 3.9253341 3.8369969 
taxon_6    9.0000000 1.9802937 1.9393744 1.3498437 1.2247858 0.0000000 0.6626257 2.6467731 2.3895645 2.4267622 2.7972761 2.6816631 2.4794154 2.3093354 2.9594434 3.2765861 3.2765861 3.4538776 3.0707584 4.0254827 3.5612033 4.4451945 3.6864938 3.1013749 2.4931773 2.9094249 4.2778369 2.4794154 3.7579765 9.0000000 
taxon_7    3.2765861 1.6738620 1.6242944 1.1220819 1.0297869 0.6626257 0.0000000 2.4395830 1.7627818 2.5360461 2.4395830 2.2173837 2.1269127 1.7627818 3.2381161 3.6212353 4.2778369 3.2381161 3.0413429 2.8184042 9.0000000 4.9650549 3.3600053 3.0413429 2.6299184 3.7579765 9.0000000 2.1707848 3.0707584 4.9650549 
taxon_8    3.5056223 1.7894750 1.8517750 2.5508980 2.4659015 2.6467731 2.4395830 0.0000000 1.5819103 4.2778369 2.8856134 3.1013749 2.5973046 2.3541248 3.5056223 3.4054737 3.6212353 9.0000000 9.0000000 9.0000000 3.3600053 3.4538776 2.9340173 3.0707584 3.1666335 2.7567257 2.6640152 2.7567257 9.0000000 9.0000000 
taxon_9    2.8856134 2.1529268 2.0461897 2.3895645 2.1529268 2.3895645 1.7627818 1.5819103 0.0000000 2.3426742 2.5214825 2.4931773 2.2173837 1.8458926 9.0000000 9.0000000 9.0000000 4.4451945 9.0000000 9.0000000 4.6609561 9.0000000 9.0000000 4.4451945 9.0000000 9.0000000 3.1666335 2.8856134 3.4054737 3.2015235 
taxon_10   9.0000000 2.0616541 1.9460411 3.3600053 2.5973046 2.4267622 2.5360461 4.2778369 2.3426742 0.0000000 0.9913169 2.6467731 2.8856134 2.4931773 9.0000000 9.0000000 9.0000000 9.0000000 9.0000000 3.3600053 9.0000000 9.0000000 4.9650549 4.0254827 3.6212353 9.0000000 9.0000000 3.5056223 9.0000000 9.0000000 
taxon_11   3.1013749 1.9005727 1.9005727 4.2778369 2.6134342 2.7972761 2.4395830 2.8856134 2.5214825 0.9913169 0.0000000 2.3541248 2.5973046 2.0088685 9.0000000 9.0000000 9.0000000 9.0000000 9.0000000 3.6864938 4.9650549 3.5056223 3.6212353 2.8401449 3.7579765 9.0000000 9.0000000 2.4141569 9.0000000 9.0000000 
taxon_12   3.3600053 2.6299184 2.6299184 2.7972761 2.6299184 2.6816631 2.2173837 3.1013749 2.4931773 2.6467731 2.3541248 0.0000000 0.5010971 0.8561398 4.4451945 4.1410957 3.7579765 2.7182557 2.9857619 2.8184042 9.0000000 3.4538776 4.9650549 2.5660501 9.0000000 3.1332946 3.0413429 2.9857619 9.0000000 9.0000000 
taxon_13   2.6134342 2.1529268 2.1618027 2.4659015 2.5973046 2.4794154 2.1269127 2.5973046 2.2173837 2.8856134 2.5973046 0.5010971 0.0000000 0.7389627 3.4538776 3.8369969 4.4451945 2.7767269 9.0000000 4.4451945 4.9650549 3.2765861 3.5612033 2.8184042 9.0000000 3.4054737 3.0130376 3.2381161 4.4451945 9.0000000 
taxon_14   2.4931773 1.7219554 1.6156238 2.4526268 2.5973046 2.3093354 1.7627818 2.3541248 1.8458926 2.4931773 2.0088685 0.8561398 0.7389627 0.0000000 3.5612033 3.6864938 4.2778369 2.8625346 3.4538776 2.9857619 3.9253341 3.4054737 9.0000000 3.1013749 2.8625346 3.5612033 2.9094249 2.3541248 3.3600053 4.2778369 
taxon_15   2.8184042 2.8401449 2.9594434 3.4054737 9.0000000 2.9594434 3.2381161 3.5056223 9.0000000 9.0000000 9.0000000 4.4451945 3.4538776 3.5612033 0.0000000 0.0528168 0.2104471 1.4890082 1.2944788 1.2534850 1.6242944 1.2944788 1.2171457 2.4141569 3.6212353 9.0000000 2.3657530 1.6832371 3.5612033 9.0000000 
taxon_16   2.7972761 2.7767269 2.9857619 3.4054737 9.0000000 3.2765861 3.6212353 3.4054737 9.0000000 9.0000000 9.0000000 4.1410957 3.8369969 3.6864938 0.0528168 0.0000000 0.1889145 1.4499923 1.2429214 1.2045826 1.5378976 1.2299228 1.1516760 2.3657530 3.0707584 9.0000000 2.4017599 1.6464199 3.4538776 9.0000000 
taxon_17   2.8625346 2.6299184 2.6816631 3.8369969 9.0000000 3.2765861 4.2778369 3.6212353 9.0000000 9.0000000 9.0000000 3.7579765 4.4451945 4.2778369 0.2104471 0.1889145 0.0000000 1.4329073 1.1657390 1.1110034 1.5111773 1.2376949 1.1586745 2.3426742 2.9594434 5.4849153 2.3202845 1.5901977 3.2381161 3.2765861 
taxon_18   2.9094249 4.0254827 3.7579765 3.2765861 9.0000000 3.4538776 3.2381161 9.0000000 4.4451945 9.0000000 9.0000000 2.7182557 2.7767269 2.8625346 1.4890082 1.4499923 1.4329073 0.0000000 1.4431115 1.3438196 1.5301656 1.5074366 1.3348732 2.9594434 3.4538776 9.0000000 9.0000000 2.1441548 3.0130376 3.3171365 
taxon_19   3.2381161 3.0130376 2.5360461 3.2015235 4.2778369 3.0707584 3.0413429 9.0000000 9.0000000 9.0000000 9.0000000 2.9857619 9.0000000 3.4538776 1.2944788 1.2429214 1.1657390 1.4431115 0.0000000 0.2177642 1.3902262 1.1633768 1.0808269 2.8184042 9.0000000 9.0000000 3.1013749 2.0461897 2.7767269 2.7372441 
taxon_20   3.2015235 3.1666335 2.7567257 3.5612033 9.0000000 4.0254827 2.8184042 9.0000000 9.0000000 3.3600053 3.6864938 2.8184042 4.4451945 2.9857619 1.2534850 1.2045826 1.1110034 1.3438196 0.2177642 0.0000000 1.4329073 1.1110034 1.0437315 2.6467731 4.1410957 9.0000000 2.6467731 1.9005727 2.7972761 2.9857619 
taxon_21   2.9340173 3.3600053 5.4849153 9.0000000 3.9253341 3.5612033 9.0000000 3.3600053 4.6609561 9.0000000 4.9650549 9.0000000 4.9650549 3.9253341 1.6242944 1.5378976 1.5111773 1.5301656 1.3902262 1.4329073 0.0000000 1.2171457 1.1704858 3.6864938 2.8856134 4.4451945 3.2381161 2.1441548 9.0000000 9.0000000 
taxon_22   3.6212353 2.9340173 3.5612033 3.6212353 4.9650549 4.4451945 4.9650549 3.4538776 9.0000000 9.0000000 3.5056223 3.4538776 3.2765861 3.4054737 1.2944788 1.2299228 1.2376949 1.5074366 1.1633768 1.1110034 1.2171457 0.0000000 0.2045130 9.0000000 2.7767269 9.0000000 2.9857619 2.0854657 3.0707584 4.4451945 
taxon_23   5.4849153 2.3657530 2.8184042 9.0000000 9.0000000 3.6864938 3.3600053 2.9340173 9.0000000 4.9650549 3.6212353 4.9650549 3.5612033 9.0000000 1.2171457 1.1516760 1.1586745 1.3348732 1.0808269 1.0437315 1.1704858 0.2045130 0.0000000 9.0000000 3.1666335 9.0000000 3.1332946 2.0310377 3.4538776 9.0000000 
taxon_24   4.2778369 2.9857619 3.0130376 9.0000000 3.3600053 3.1013749 3.0413429 3.0707584 4.4451945 4.0254827 2.8401449 2.5660501 2.8184042 3.1013749 2.4141569 2.3657530 2.3426742 2.9594434 2.8184042 2.6467731 3.6864938 9.0000000 9.0000000 0.0000000 2.7372441 2.7372441 3.6864938 1.7420909 9.0000000 9.0000000 
taxon_25   9.0000000 3.6864938 3.7579765 2.8856134 2.7372441 2.4931773 2.6299184 3.1666335 9.0000000 3.6212353 3.7579765 9.0000000 9.0000000 2.8625346 3.6212353 3.0707584 2.9594434 3.4538776 9.0000000 4.1410957 2.8856134 2.7767269 3.1666335 2.7372441 0.0000000 2.0538821 1.7269388 1.6286676 3.6212353 9.0000000 
taxon_26   2.9857619 9.0000000 3.6212353 3.3600053 2.9857619 2.9094249 3.7579765 2.7567257 9.0000000 9.0000000 9.0000000 3.1332946 3.4054737 3.5612033 9.0000000 9.0000000 5.4849153 9.0000000 9.0000000 9.0000000 4.4451945 9.0000000 9.0000000 2.7372441 2.0538821 0.0000000 1.4639462 1.6785349 2.7567257 9.0000000 
taxon_27   9.0000000 9.0000000 3.2015235 3.0707584 3.5056223 4.2778369 9.0000000 2.6640152 3.1666335 9.0000000 9.0000000 3.0413429 3.0130376 2.9094249 2.3657530 2.4017599 2.3202845 9.0000000 3.1013749 2.6467731 3.2381161 2.9857619 3.1332946 3.6864938 1.7269388 1.4639462 0.0000000 1.4295365 3.3600053 2.8401449 
taxon_28   4.4451945 2.0016221 1.9664044 2.9340173 2.8856134 2.4794154 2.1707848 2.7567257 2.8856134 3.5056223 2.4141569 2.9857619 3.2381161 2.3541248 1.6832371 1.6464199 1.5901977 2.1441548 2.0461897 1.9005727 2.1441548 2.0854657 2.0310377 1.7420909 1.6286676 1.6785349 1.4295365 0.0000000 3.0707584 3.5056223 
taxon_29   9.0000000 2.5973046 2.9340173 9.0000000 3.9253341 3.7579765 3.0707584 9.0000000 3.4054737 9.0000000 9.0000000 9.0000000 4.4451945 3.3600053 3.5612033 3.4538776 3.2381161 3.0130376 2.7767269 2.7972761 9.0000000 3.0707584 3.4538776 9.0000000 3.6212353 2.7567257 3.3600053 3.0707584 0.0000000 0.6985533 
taxon_30   3.3171365 3.9253341 4.1410957 9.0000000 3.8369969 9.0000000 4.9650549 9.0000000 3.2015235 9.0000000 9.0000000 9.0000000 9.0000000 4.2778369 9.0000000 9.0000000 3.2765861 3.3171365 2.7372441 2.9857619 9.0000000 4.4451945 9.0000000 9.0000000 9.0000000 9.0000000 2.8401449 3.5056223 0.6985533 0.0000000 
