RF=0.978723
WRF=0.010601
