30
taxon_1    0.0000000 2.1670475 1.6994018 2.1583264 1.8441796 9.0000000 3.4978233 1.9480036 2.2407263 2.2603352 2.3333094 1.4599199 1.2523181 1.5391308 2.9910065 2.2804707 2.8262852 2.2407263 2.3901547 2.2804707 2.9651419 2.5328242 3.4478038 2.9651419 2.4264521 2.3901547 4.3753767 2.2907448 3.1044299 1.7041188 
taxon_2    2.1670475 0.0000000 1.7631657 1.7631657 1.8852055 3.0455762 3.4978233 3.0177948 9.0000000 9.0000000 2.7274583 2.0310376 2.1411828 2.6738640 2.6568179 2.4020597 2.9401397 2.4645958 3.1356844 5.1992826 2.2311108 9.0000000 2.8262852 2.4645958 2.8054506 2.9910065 2.3901547 9.0000000 3.4009145 2.9401397 
taxon_3    1.6994018 1.7631657 0.0000000 1.0836663 0.7475042 9.0000000 3.2381159 2.9159441 3.5514168 2.6568179 2.5472476 2.2407263 1.8973515 2.1497056 3.3567840 3.0177948 9.0000000 9.0000000 2.5328242 2.6738640 4.8162140 2.5922619 3.5514168 9.0000000 2.4911471 2.3555332 2.6238455 2.1161805 4.8162140 2.3011616 
taxon_4    2.1583264 1.7631657 1.0836663 0.0000000 0.9460636 2.4141567 2.4141567 4.0995831 9.0000000 9.0000000 2.4020597 2.3333094 3.1044299 3.9922575 2.5769552 2.7654411 2.6238455 3.2381159 9.0000000 4.8162140 3.2023950 9.0000000 2.7851790 3.1044299 6.0226461 4.3753767 2.8054506 4.0995831 3.0744259 2.5047837 
taxon_5    1.8441796 1.8852055 0.7475042 0.9460636 0.0000000 3.4478038 3.1682983 2.5186729 2.7462092 2.3901547 3.0455762 2.5922619 1.8499048 2.0310376 3.6716737 3.1044299 9.0000000 2.5328242 2.4516644 2.5769552 9.0000000 2.7851790 9.0000000 9.0000000 2.6401505 2.2407263 9.0000000 2.2603352 3.8149654 2.1244224 
taxon_6    9.0000000 3.0455762 9.0000000 2.4141567 3.4478038 0.0000000 0.6135214 2.4389523 2.3117252 9.0000000 2.3668971 2.0458165 2.2907448 2.4020597 3.4009145 2.7274583 2.6738640 2.1847998 9.0000000 3.9922575 2.2804707 4.2248707 2.6078875 2.8697757 9.0000000 4.3753767 2.2122419 4.5638625 2.3117252 2.3784357 
taxon_7    3.4978233 3.4978233 3.2381159 2.4141567 3.1682983 0.6135214 0.0000000 2.2029825 1.9350163 9.0000000 2.2703354 1.8217060 1.9953166 2.4911471 3.2023950 2.4141567 2.5328242 2.2407263 4.3753767 9.0000000 2.2703354 4.8162140 3.3151067 2.9401397 9.0000000 9.0000000 3.1356844 3.2023950 2.2603352 2.4141567 
taxon_8    1.9480036 3.0177948 2.9159441 4.0995831 2.5186729 2.4389523 2.2029825 0.0000000 1.7088657 2.6913067 3.0744259 2.1411828 1.6854262 2.0383906 9.0000000 3.7399026 2.9159441 4.0995831 3.0455762 2.8697757 9.0000000 3.2756239 9.0000000 3.6091375 2.6738640 2.7851790 3.2756239 2.0237560 3.2381159 2.4777539 
taxon_9    2.2407263 9.0000000 3.5514168 9.0000000 2.7462092 2.3117252 1.9350163 1.7088657 0.0000000 2.4141567 4.3753767 2.0023260 1.6947143 2.0608923 3.1044299 2.7091647 2.6913067 2.7851790 6.0226461 2.8054506 3.0744259 2.7462092 9.0000000 3.5514168 2.8477153 2.6238455 2.8262852 2.2703354 2.9651419 2.1583264 
taxon_10   2.2603352 9.0000000 2.6568179 9.0000000 2.3901547 9.0000000 9.0000000 2.6913067 2.4141567 0.0000000 2.0023260 1.9679163 1.6277055 2.2029825 4.0995831 2.7091647 3.2023950 3.5514168 2.5328242 2.3668971 3.8149654 2.5472476 9.0000000 3.6716737 1.8792054 2.5619537 3.4009145 2.5619537 5.1992826 2.4264521 
taxon_11   2.3333094 2.7274583 2.5472476 2.4020597 3.0455762 2.3668971 2.2703354 3.0744259 4.3753767 2.0023260 0.0000000 1.3372627 1.3460176 2.0165444 2.6568179 1.9096974 2.2504667 2.3555332 9.0000000 3.2381159 2.2029825 9.0000000 2.2703354 2.2407263 9.0000000 2.4645958 2.2029825 2.8054506 2.3333094 2.8262852 
taxon_12   1.4599199 2.0310376 2.2407263 2.3333094 2.5922619 2.0458165 1.8217060 2.1411828 2.0023260 1.9679163 1.3372627 0.0000000 0.2764443 1.2627530 1.9814913 1.5583626 1.8912539 1.5861436 3.0455762 2.0023260 1.5583626 2.5769552 2.2122419 1.6449973 2.4516644 2.2311108 1.7136427 2.2703354 1.8673475 1.7041188 
taxon_13   1.2523181 2.1411828 1.8973515 3.1044299 1.8499048 2.2907448 1.9953166 1.6854262 1.6947143 1.6277055 1.3460176 0.2764443 0.0000000 1.0202204 2.2603352 1.4984796 2.0999637 1.6024930 2.3224396 1.7232892 1.6854262 2.0165444 2.2504667 1.7379955 1.7892100 1.7529960 1.8328586 1.8673475 1.9953166 1.4103426 
taxon_14   1.5391308 2.6738640 2.1497056 3.9922575 2.0310376 2.4020597 2.4911471 2.0383906 2.0608923 2.2029825 2.0165444 1.2627530 1.0202204 0.0000000 1.5781006 0.8372470 1.7839282 0.9392064 1.9612198 1.7429624 1.7945291 2.0608923 2.4141567 1.8272616 1.7998863 1.9350163 1.9612198 1.8614881 2.0310376 1.3851831 
taxon_15   2.9910065 2.6568179 3.3567840 2.5769552 3.6716737 3.4009145 3.2023950 9.0000000 3.1044299 4.0995831 2.6568179 1.9814913 2.2603352 1.5781006 0.0000000 1.0317148 2.0685455 1.6994018 9.0000000 9.0000000 2.9910065 4.8162140 3.0455762 3.1356844 3.8149654 9.0000000 3.1044299 9.0000000 2.4911471 2.4911471 
taxon_16   2.2804707 2.4020597 3.0177948 2.7654411 3.1044299 2.7274583 2.4141567 3.7399026 2.7091647 2.7091647 1.9096974 1.5583626 1.4984796 0.8372470 1.0317148 0.0000000 1.6900559 1.0278637 3.3567840 2.5472476 2.0094015 2.9910065 2.4645958 2.1847998 2.5472476 2.9651419 2.3333094 9.0000000 2.6738640 2.3784357 
taxon_17   2.8262852 2.9401397 9.0000000 2.6238455 9.0000000 2.6738640 2.5328242 2.9159441 2.6913067 3.2023950 2.2504667 1.8912539 2.0999637 1.7839282 2.0685455 1.6900559 0.0000000 1.3519116 9.0000000 9.0000000 2.8477153 9.0000000 2.4516644 2.6238455 9.0000000 3.2381159 2.5922619 3.9922575 2.5047837 2.4264521 
taxon_18   2.2407263 2.4645958 9.0000000 3.2381159 2.5328242 2.1847998 2.2407263 4.0995831 2.7851790 3.5514168 2.3555332 1.5861436 1.6024930 0.9392064 1.6994018 1.0278637 1.3519116 0.0000000 3.1044299 2.6568179 1.9746731 2.8697757 2.1327558 1.8161913 3.1044299 3.4009145 1.9814913 3.2023950 2.2603352 2.3333094 
taxon_19   2.3901547 3.1356844 2.5328242 9.0000000 2.4516644 9.0000000 4.3753767 3.0455762 6.0226461 2.5328242 9.0000000 3.0455762 2.3224396 1.9612198 9.0000000 3.3567840 9.0000000 3.1044299 0.0000000 2.4141567 3.1044299 2.3117252 3.2023950 3.2756239 2.2907448 2.4645958 4.3753767 2.1161805 2.8054506 2.0762775 
taxon_20   2.2804707 5.1992826 2.6738640 4.8162140 2.5769552 3.9922575 9.0000000 2.8697757 2.8054506 2.3668971 3.2381159 2.0023260 1.7232892 1.7429624 9.0000000 2.5472476 9.0000000 2.6568179 2.4141567 0.0000000 0.6269046 1.6854262 1.9883721 1.5506106 1.8052820 1.7136427 1.7529960 2.2504667 2.9401397 2.0165444 
taxon_21   2.9651419 2.2311108 4.8162140 3.2023950 9.0000000 2.2804707 2.2703354 9.0000000 3.0744259 3.8149654 2.2029825 1.5583626 1.6854262 1.7945291 2.9910065 2.0094015 2.8477153 1.9746731 3.1044299 0.6269046 0.0000000 1.6762518 1.5166843 1.1783667 2.0023260 1.6449973 1.4599199 2.8262852 2.0165444 1.9350163 
taxon_22   2.5328242 9.0000000 2.5922619 9.0000000 2.7851790 4.2248707 4.8162140 3.2756239 2.7462092 2.5472476 9.0000000 2.5769552 2.0165444 2.0608923 4.8162140 2.9910065 9.0000000 2.8697757 2.3117252 1.6854262 1.6762518 0.0000000 1.0453516 0.5499689 1.4599199 1.3759617 1.3913943 2.2703354 3.1356844 2.0310376 
taxon_23   3.4478038 2.8262852 3.5514168 2.7851790 9.0000000 2.6078875 3.3151067 9.0000000 9.0000000 9.0000000 2.2703354 2.2122419 2.2504667 2.4141567 3.0455762 2.4645958 2.4516644 2.1327558 3.2023950 1.9883721 1.5166843 1.0453516 0.0000000 0.5133038 1.9159475 1.7839282 1.3851831 9.0000000 2.4777539 2.8054506 
taxon_24   2.9651419 2.4645958 9.0000000 3.1044299 9.0000000 2.8697757 2.9401397 3.6091375 3.5514168 3.6716737 2.2407263 1.6449973 1.7379955 1.8272616 3.1356844 2.1847998 2.6238455 1.8161913 3.2756239 1.5506106 1.1783667 0.5499689 0.5133038 0.0000000 1.3060082 1.1878156 0.9206662 3.0177948 2.1670475 1.9159475 
taxon_25   2.4264521 2.8054506 2.4911471 6.0226461 2.6401505 9.0000000 9.0000000 2.6738640 2.8477153 1.8792054 9.0000000 2.4516644 1.7892100 1.7998863 3.8149654 2.5472476 9.0000000 3.1044299 2.2907448 1.8052820 2.0023260 1.4599199 1.9159475 1.3060082 0.0000000 0.8993299 0.8166776 3.0455762 3.4009145 2.1497056 
taxon_26   2.3901547 2.9910065 2.3555332 4.3753767 2.2407263 4.3753767 9.0000000 2.7851790 2.6238455 2.5619537 2.4645958 2.2311108 1.7529960 1.9350163 9.0000000 2.9651419 3.2381159 3.4009145 2.4645958 1.7136427 1.6449973 1.3759617 1.7839282 1.1878156 0.8993299 0.0000000 0.6080148 2.1938360 2.3901547 1.9480036 
taxon_27   4.3753767 2.3901547 2.6238455 2.8054506 9.0000000 2.2122419 3.1356844 3.2756239 2.8262852 3.4009145 2.2029825 1.7136427 1.8328586 1.9612198 3.1044299 2.3333094 2.5922619 1.9814913 4.3753767 1.7529960 1.4599199 1.3913943 1.3851831 0.9206662 0.8166776 0.6080148 0.0000000 2.3117252 1.9612198 2.2504667 
taxon_28   2.2907448 9.0000000 2.1161805 4.0995831 2.2603352 4.5638625 3.2023950 2.0237560 2.2703354 2.5619537 2.8054506 2.2703354 1.8673475 1.8614881 9.0000000 9.0000000 3.9922575 3.2023950 2.1161805 2.2504667 2.8262852 2.2703354 9.0000000 3.0177948 3.0455762 2.1938360 2.3117252 0.0000000 0.4012221 1.4702411 
taxon_29   3.1044299 3.4009145 4.8162140 3.0744259 3.8149654 2.3117252 2.2603352 3.2381159 2.9651419 5.1992826 2.3333094 1.8673475 1.9953166 2.0310376 2.4911471 2.6738640 2.5047837 2.2603352 2.8054506 2.9401397 2.0165444 3.1356844 2.4777539 2.1670475 3.4009145 2.3901547 1.9612198 0.4012221 0.0000000 1.4737134 
taxon_30   1.7041188 2.9401397 2.3011616 2.5047837 2.1244224 2.3784357 2.4141567 2.4777539 2.1583264 2.4264521 2.8262852 1.7041188 1.4103426 1.3851831 2.4911471 2.3784357 2.4264521 2.3333094 2.0762775 2.0165444 1.9350163 2.0310376 2.8054506 1.9159475 2.1497056 1.9480036 2.2504667 1.4702411 1.4737134 0.0000000 
