50
taxon_1    0.0000000 0.1932150 0.1932150 0.1488382 0.1945099 0.1786929 0.1979742 0.1850651 0.1940780 0.1820846 0.2010185 0.1897726 0.1966732 0.1936464 0.1872012 0.1744747 0.1893435 0.1923529 0.1884858 0.1910617 0.1867735 0.1770028 0.1884858 0.1971066 0.1791160 0.1910617 0.1897726 0.1825097 0.1846386 0.1808109 0.1923529 0.1740541 0.1906317 0.1850651 0.1854918 0.1854918 0.1820846 0.1863460 0.1702800 0.1753164 0.1829350 0.1906317 0.1897726 0.1889145 0.1778473 0.1927838 0.1786929 0.1906317 0.1932150 0.1902021 
taxon_2    0.1932150 0.0000000 0.0883367 0.0775399 0.1201266 0.1080944 0.1260182 0.1107942 0.1216931 0.1138918 0.1303683 0.1181729 0.1252300 0.1220853 0.1150577 0.1034885 0.1150577 0.1205179 0.1138918 0.1166137 0.1173929 0.1034885 0.1177828 0.1260182 0.1100219 0.1173929 0.1201266 0.1142809 0.1166137 0.1131162 0.1224777 0.1046373 0.1177828 0.1138918 0.1138918 0.1146692 0.1100219 0.1197354 0.1011961 0.1069402 0.1119543 0.1193445 0.1197354 0.1193445 0.1050206 0.1197354 0.1096360 0.1189538 0.1213012 0.1209094 
taxon_3    0.1932150 0.0883367 0.0000000 0.0764318 0.1236560 0.1065559 0.1236560 0.1104080 0.1228702 0.1119543 0.1279924 0.1154464 0.1264126 0.1216931 0.1150577 0.1034885 0.1154464 0.1205179 0.1158353 0.1185632 0.1162244 0.1042542 0.1150577 0.1256240 0.1073248 0.1142809 0.1162244 0.1135039 0.1138918 0.1111807 0.1244426 0.1046373 0.1185632 0.1127287 0.1119543 0.1138918 0.1107942 0.1177828 0.1031059 0.1038712 0.1131162 0.1181729 0.1205179 0.1201266 0.1038712 0.1216931 0.1096360 0.1193445 0.1197354 0.1205179 
taxon_4    0.1488382 0.0775399 0.0764318 0.0000000 0.0621737 0.0474709 0.0643497 0.0513874 0.0643497 0.0535322 0.0705495 0.0578405 0.0658038 0.0632609 0.0556833 0.0442817 0.0578405 0.0628983 0.0574805 0.0589214 0.0582006 0.0453433 0.0654400 0.0720157 0.0553243 0.0643497 0.0676255 0.0618116 0.0643497 0.0607265 0.0709158 0.0528166 0.0698174 0.0661678 0.0647129 0.0628983 0.0596429 0.0647129 0.0492486 0.0535322 0.0610880 0.0647129 0.0749569 0.0768010 0.0603651 0.0790199 0.0650764 0.0756940 0.0779096 0.0782795 
taxon_5    0.1945099 0.1201266 0.1236560 0.0621737 0.0000000 0.0513874 0.0764318 0.0639865 0.1057879 0.0932275 0.1096360 0.0989107 0.1073248 0.1015777 0.0966323 0.0838502 0.0966323 0.1027236 0.0973910 0.0985305 0.0996718 0.0860901 0.1088648 0.1146692 0.1008147 0.1057879 0.1111807 0.1061718 0.1096360 0.1057879 0.1146692 0.0962532 0.1135039 0.1092503 0.1061718 0.1077095 0.1031059 0.1050206 0.0920960 0.0970115 0.1054042 0.1061718 0.1181729 0.1209094 0.1046373 0.1244426 0.1107942 0.1185632 0.1240492 0.1213012 
taxon_6    0.1786929 0.1080944 0.1065559 0.0474709 0.0513874 0.0000000 0.0614497 0.0488927 0.0898382 0.0771704 0.0951172 0.0838502 0.0917193 0.0879618 0.0812454 0.0687207 0.0805028 0.0864640 0.0819887 0.0827327 0.0842230 0.0709158 0.0951172 0.1004335 0.0842230 0.0905900 0.0936051 0.0887118 0.0917193 0.0883367 0.0966323 0.0805028 0.0962532 0.0943607 0.0932275 0.0905900 0.0868382 0.0909663 0.0782795 0.0823606 0.0890870 0.0932275 0.1011961 0.1034885 0.0872125 0.1069402 0.0924730 0.1023414 0.1084795 0.1046373 
taxon_7    0.1979742 0.1260182 0.1236560 0.0643497 0.0764318 0.0614497 0.0000000 0.0553243 0.1088648 0.0970115 0.1135039 0.1031059 0.1100219 0.1042542 0.0989107 0.0868382 0.0989107 0.1057879 0.0985305 0.1011961 0.1008147 0.0872125 0.1123414 0.1181729 0.1000526 0.1107942 0.1131162 0.1077095 0.1111807 0.1057879 0.1166137 0.0996718 0.1127287 0.1104080 0.1069402 0.1080944 0.1046373 0.1088648 0.0958743 0.0996718 0.1073248 0.1131162 0.1193445 0.1220853 0.1069402 0.1260182 0.1119543 0.1220853 0.1275971 0.1264126 
taxon_8    0.1850651 0.1107942 0.1104080 0.0513874 0.0639865 0.0488927 0.0553243 0.0000000 0.0951172 0.0827327 0.1011961 0.0879618 0.0970115 0.0917193 0.0849693 0.0738526 0.0864640 0.0943607 0.0875871 0.0883367 0.0894625 0.0760628 0.0985305 0.1042542 0.0894625 0.0966323 0.0981505 0.0939828 0.0970115 0.0928502 0.1015777 0.0849693 0.1019595 0.0958743 0.0962532 0.0951172 0.0920960 0.0954956 0.0834775 0.0860901 0.0943607 0.0989107 0.1077095 0.1092503 0.0928502 0.1131162 0.0989107 0.1073248 0.1135039 0.1119543 
taxon_9    0.1940780 0.1216931 0.1228702 0.0643497 0.1057879 0.0898382 0.1088648 0.0951172 0.0000000 0.0709158 0.0860901 0.0768010 0.0924730 0.0898382 0.0842230 0.0709158 0.0860901 0.0909663 0.0864640 0.0872125 0.0857163 0.0745886 0.1073248 0.1177828 0.1011961 0.1119543 0.1131162 0.1077095 0.1073248 0.1038712 0.1166137 0.0981505 0.1154464 0.1092503 0.1088648 0.1073248 0.1054042 0.1077095 0.0958743 0.0992911 0.1050206 0.1100219 0.1209094 0.1216931 0.1077095 0.1260182 0.1115674 0.1224777 0.1252300 0.1240492 
taxon_10   0.1820846 0.1138918 0.1119543 0.0535322 0.0932275 0.0771704 0.0970115 0.0827327 0.0709158 0.0000000 0.0661678 0.0542486 0.0831050 0.0790199 0.0738526 0.0610880 0.0753254 0.0790199 0.0753254 0.0779096 0.0764318 0.0639865 0.0992911 0.1046373 0.0894625 0.1000526 0.1008147 0.0947388 0.0962532 0.0936051 0.1065559 0.0868382 0.1031059 0.0981505 0.0962532 0.0970115 0.0920960 0.0985305 0.0853427 0.0872125 0.0962532 0.1000526 0.1100219 0.1127287 0.0958743 0.1123414 0.1008147 0.1119543 0.1166137 0.1107942 
taxon_11   0.2010185 0.1303683 0.1279924 0.0705495 0.1096360 0.0951172 0.1135039 0.1011961 0.0860901 0.0661678 0.0000000 0.0632609 0.1004335 0.0985305 0.0928502 0.0790199 0.0939828 0.0977706 0.0947388 0.0962532 0.0947388 0.0827327 0.1166137 0.1244426 0.1096360 0.1170032 0.1193445 0.1146692 0.1123414 0.1107942 0.1244426 0.1046373 0.1205179 0.1142809 0.1127287 0.1166137 0.1127287 0.1193445 0.1054042 0.1046373 0.1100219 0.1154464 0.1279924 0.1283879 0.1107942 0.1287835 0.1181729 0.1279924 0.1319565 0.1264126 
taxon_12   0.1897726 0.1181729 0.1154464 0.0578405 0.0989107 0.0838502 0.1031059 0.0879618 0.0768010 0.0542486 0.0632609 0.0000000 0.0860901 0.0842230 0.0782795 0.0654400 0.0797610 0.0864640 0.0808740 0.0812454 0.0812454 0.0690861 0.1054042 0.1111807 0.0958743 0.1050206 0.1077095 0.1015777 0.1031059 0.0996718 0.1119543 0.0928502 0.1065559 0.1038712 0.1015777 0.1023414 0.0985305 0.1034885 0.0898382 0.0932275 0.1008147 0.1046373 0.1162244 0.1177828 0.1015777 0.1185632 0.1061718 0.1166137 0.1224777 0.1154464 
taxon_13   0.1966732 0.1252300 0.1264126 0.0658038 0.1073248 0.0917193 0.1100219 0.0970115 0.0924730 0.0831050 0.1004335 0.0860901 0.0000000 0.0943607 0.0879618 0.0749569 0.0879618 0.0924730 0.0898382 0.0913427 0.0898382 0.0782795 0.1119543 0.1177828 0.1034885 0.1119543 0.1146692 0.1084795 0.1096360 0.1050206 0.1177828 0.0989107 0.1146692 0.1127287 0.1115674 0.1084795 0.1042542 0.1088648 0.0970115 0.0992911 0.1065559 0.1107942 0.1220853 0.1236560 0.1069402 0.1256240 0.1115674 0.1236560 0.1264126 0.1252300 
taxon_14   0.1936464 0.1220853 0.1216931 0.0632609 0.1015777 0.0879618 0.1042542 0.0917193 0.0898382 0.0790199 0.0985305 0.0842230 0.0943607 0.0000000 0.0578405 0.0453433 0.0742205 0.0834775 0.0779096 0.0805028 0.0790199 0.0665320 0.1107942 0.1166137 0.1008147 0.1069402 0.1131162 0.1054042 0.1073248 0.1054042 0.1142809 0.0962532 0.1115674 0.1073248 0.1077095 0.1046373 0.1015777 0.1111807 0.0958743 0.0996718 0.1065559 0.1092503 0.1209094 0.1220853 0.1042542 0.1240492 0.1104080 0.1201266 0.1240492 0.1216931 
taxon_15   0.1872012 0.1150577 0.1150577 0.0556833 0.0966323 0.0812454 0.0989107 0.0849693 0.0842230 0.0738526 0.0928502 0.0782795 0.0879618 0.0578405 0.0000000 0.0199290 0.0694517 0.0768010 0.0723828 0.0742205 0.0731173 0.0607265 0.1000526 0.1084795 0.0924730 0.1023414 0.1054042 0.0985305 0.1011961 0.0989107 0.1073248 0.0894625 0.1050206 0.1011961 0.0996718 0.0996718 0.0958743 0.1015777 0.0879618 0.0920960 0.0989107 0.1034885 0.1127287 0.1158353 0.0981505 0.1197354 0.1046373 0.1138918 0.1181729 0.1166137 
taxon_16   0.1744747 0.1034885 0.1034885 0.0442817 0.0838502 0.0687207 0.0868382 0.0738526 0.0709158 0.0610880 0.0790199 0.0654400 0.0749569 0.0453433 0.0199290 0.0000000 0.0574805 0.0654400 0.0600040 0.0618116 0.0607265 0.0485370 0.0909663 0.0973910 0.0808740 0.0898382 0.0939828 0.0868382 0.0887118 0.0864640 0.0954956 0.0775399 0.0943607 0.0890870 0.0898382 0.0879618 0.0831050 0.0905900 0.0771704 0.0808740 0.0872125 0.0909663 0.0996718 0.1038712 0.0872125 0.1073248 0.0920960 0.1019595 0.1050206 0.1050206 
taxon_17   0.1893435 0.1150577 0.1154464 0.0578405 0.0966323 0.0805028 0.0989107 0.0864640 0.0860901 0.0753254 0.0939828 0.0797610 0.0879618 0.0742205 0.0694517 0.0574805 0.0000000 0.0756940 0.0723828 0.0745886 0.0742205 0.0603651 0.1042542 0.1127287 0.0962532 0.1042542 0.1092503 0.0981505 0.1027236 0.0996718 0.1080944 0.0890870 0.1065559 0.1038712 0.1008147 0.1008147 0.0981505 0.1050206 0.0905900 0.0939828 0.1000526 0.1034885 0.1127287 0.1142809 0.0989107 0.1177828 0.1031059 0.1146692 0.1181729 0.1142809 
taxon_18   0.1923529 0.1205179 0.1205179 0.0628983 0.1027236 0.0864640 0.1057879 0.0943607 0.0909663 0.0790199 0.0977706 0.0864640 0.0924730 0.0834775 0.0768010 0.0654400 0.0756940 0.0000000 0.0643497 0.0672608 0.0665320 0.0535322 0.1080944 0.1131162 0.0977706 0.1065559 0.1107942 0.1027236 0.1054042 0.1023414 0.1123414 0.0939828 0.1084795 0.1050206 0.1054042 0.1057879 0.0996718 0.1069402 0.0947388 0.0966323 0.1046373 0.1088648 0.1177828 0.1209094 0.1042542 0.1216931 0.1084795 0.1193445 0.1240492 0.1193445 
taxon_19   0.1884858 0.1138918 0.1158353 0.0574805 0.0973910 0.0819887 0.0985305 0.0875871 0.0864640 0.0753254 0.0947388 0.0808740 0.0898382 0.0779096 0.0723828 0.0600040 0.0723828 0.0643497 0.0000000 0.0428686 0.0439282 0.0306164 0.0996718 0.1088648 0.0943607 0.1034885 0.1050206 0.0989107 0.1011961 0.0981505 0.1092503 0.0898382 0.1065559 0.1015777 0.1000526 0.1008147 0.0966323 0.1027236 0.0905900 0.0913427 0.0996718 0.1031059 0.1119543 0.1177828 0.1004335 0.1173929 0.1061718 0.1138918 0.1201266 0.1162244 
taxon_20   0.1910617 0.1166137 0.1185632 0.0589214 0.0985305 0.0827327 0.1011961 0.0883367 0.0872125 0.0779096 0.0962532 0.0812454 0.0913427 0.0805028 0.0742205 0.0618116 0.0745886 0.0672608 0.0428686 0.0000000 0.0421631 0.0288823 0.1027236 0.1084795 0.0966323 0.1038712 0.1073248 0.1015777 0.1027236 0.1008147 0.1080944 0.0902140 0.1088648 0.1050206 0.1038712 0.1031059 0.0951172 0.1038712 0.0902140 0.0939828 0.1008147 0.1050206 0.1138918 0.1189538 0.1019595 0.1193445 0.1073248 0.1173929 0.1213012 0.1158353 
taxon_21   0.1867735 0.1173929 0.1162244 0.0582006 0.0996718 0.0842230 0.1008147 0.0894625 0.0857163 0.0764318 0.0947388 0.0812454 0.0898382 0.0790199 0.0731173 0.0607265 0.0742205 0.0665320 0.0439282 0.0421631 0.0000000 0.0161731 0.1031059 0.1096360 0.0951172 0.1046373 0.1077095 0.1000526 0.1031059 0.1015777 0.1119543 0.0913427 0.1069402 0.1027236 0.1004335 0.1015777 0.0977706 0.1038712 0.0905900 0.0932275 0.1011961 0.1042542 0.1150577 0.1177828 0.1004335 0.1189538 0.1069402 0.1166137 0.1185632 0.1166137 
taxon_22   0.1770028 0.1034885 0.1042542 0.0453433 0.0860901 0.0709158 0.0872125 0.0760628 0.0745886 0.0639865 0.0827327 0.0690861 0.0782795 0.0665320 0.0607265 0.0485370 0.0603651 0.0535322 0.0306164 0.0288823 0.0161731 0.0000000 0.0905900 0.0962532 0.0819887 0.0917193 0.0943607 0.0872125 0.0902140 0.0875871 0.0981505 0.0786496 0.0954956 0.0894625 0.0890870 0.0887118 0.0834775 0.0917193 0.0775399 0.0801318 0.0883367 0.0913427 0.1015777 0.1050206 0.0879618 0.1054042 0.0928502 0.1034885 0.1065559 0.1027236 
taxon_23   0.1884858 0.1177828 0.1150577 0.0654400 0.1088648 0.0951172 0.1123414 0.0985305 0.1073248 0.0992911 0.1166137 0.1054042 0.1119543 0.1107942 0.1000526 0.0909663 0.1042542 0.1080944 0.0996718 0.1027236 0.1031059 0.0905900 0.0000000 0.1096360 0.0947388 0.1004335 0.1038712 0.1000526 0.1023414 0.0992911 0.1077095 0.0875871 0.1077095 0.1042542 0.1046373 0.1019595 0.0973910 0.1011961 0.0898382 0.0913427 0.1000526 0.1034885 0.1150577 0.1173929 0.1008147 0.1173929 0.1050206 0.1142809 0.1193445 0.1162244 
taxon_24   0.1971066 0.1260182 0.1256240 0.0720157 0.1146692 0.1004335 0.1181729 0.1042542 0.1177828 0.1046373 0.1244426 0.1111807 0.1177828 0.1166137 0.1084795 0.0973910 0.1127287 0.1131162 0.1088648 0.1084795 0.1096360 0.0962532 0.1096360 0.0000000 0.0386453 0.0860901 0.0887118 0.0819887 0.0853427 0.0816170 0.0917193 0.0738526 0.1146692 0.1088648 0.1069402 0.1061718 0.1019595 0.1084795 0.0939828 0.0985305 0.1034885 0.1080944 0.1193445 0.1244426 0.1065559 0.1236560 0.1111807 0.1197354 0.1272021 0.1224777 
taxon_25   0.1791160 0.1100219 0.1073248 0.0553243 0.1008147 0.0842230 0.1000526 0.0894625 0.1011961 0.0894625 0.1096360 0.0958743 0.1034885 0.1008147 0.0924730 0.0808740 0.0962532 0.0977706 0.0943607 0.0966323 0.0951172 0.0819887 0.0947388 0.0386453 0.0000000 0.0698174 0.0720157 0.0650764 0.0683555 0.0647129 0.0745886 0.0567611 0.0977706 0.0920960 0.0913427 0.0894625 0.0864640 0.0917193 0.0779096 0.0819887 0.0887118 0.0936051 0.1054042 0.1077095 0.0917193 0.1088648 0.0962532 0.1061718 0.1119543 0.1069402 
taxon_26   0.1910617 0.1173929 0.1142809 0.0643497 0.1057879 0.0905900 0.1107942 0.0966323 0.1119543 0.1000526 0.1170032 0.1050206 0.1119543 0.1069402 0.1023414 0.0898382 0.1042542 0.1065559 0.1034885 0.1038712 0.1046373 0.0917193 0.1004335 0.0860901 0.0698174 0.0000000 0.0698174 0.0639865 0.0676255 0.0647129 0.0753254 0.0560424 0.1042542 0.1004335 0.0996718 0.0985305 0.0928502 0.0973910 0.0853427 0.0887118 0.0943607 0.1000526 0.1142809 0.1166137 0.0973910 0.1177828 0.1031059 0.1138918 0.1170032 0.1138918 
taxon_27   0.1897726 0.1201266 0.1162244 0.0676255 0.1111807 0.0936051 0.1131162 0.0981505 0.1131162 0.1008147 0.1193445 0.1077095 0.1146692 0.1131162 0.1054042 0.0939828 0.1092503 0.1107942 0.1050206 0.1073248 0.1077095 0.0943607 0.1038712 0.0887118 0.0720157 0.0698174 0.0000000 0.0578405 0.0665320 0.0628983 0.0742205 0.0546070 0.1080944 0.1011961 0.1027236 0.0989107 0.0977706 0.1011961 0.0902140 0.0920960 0.1000526 0.1034885 0.1173929 0.1173929 0.1019595 0.1209094 0.1077095 0.1166137 0.1213012 0.1197354 
taxon_28   0.1825097 0.1142809 0.1135039 0.0618116 0.1061718 0.0887118 0.1077095 0.0939828 0.1077095 0.0947388 0.1146692 0.1015777 0.1084795 0.1054042 0.0985305 0.0868382 0.0981505 0.1027236 0.0989107 0.1015777 0.1000526 0.0872125 0.1000526 0.0819887 0.0650764 0.0639865 0.0578405 0.0000000 0.0614497 0.0578405 0.0683555 0.0488927 0.1023414 0.0973910 0.0962532 0.0939828 0.0905900 0.0947388 0.0838502 0.0868382 0.0920960 0.0966323 0.1096360 0.1127287 0.0943607 0.1146692 0.1011961 0.1111807 0.1158353 0.1127287 
taxon_29   0.1846386 0.1166137 0.1138918 0.0643497 0.1096360 0.0917193 0.1111807 0.0970115 0.1073248 0.0962532 0.1123414 0.1031059 0.1096360 0.1073248 0.1011961 0.0887118 0.1027236 0.1054042 0.1011961 0.1027236 0.1031059 0.0902140 0.1023414 0.0853427 0.0683555 0.0676255 0.0665320 0.0614497 0.0000000 0.0158326 0.0628983 0.0439282 0.1046373 0.1000526 0.0992911 0.0970115 0.0939828 0.0970115 0.0864640 0.0890870 0.0954956 0.1004335 0.1119543 0.1135039 0.0970115 0.1173929 0.1031059 0.1138918 0.1185632 0.1150577 
taxon_30   0.1808109 0.1131162 0.1111807 0.0607265 0.1057879 0.0883367 0.1057879 0.0928502 0.1038712 0.0936051 0.1107942 0.0996718 0.1050206 0.1054042 0.0989107 0.0864640 0.0996718 0.1023414 0.0981505 0.1008147 0.1015777 0.0875871 0.0992911 0.0816170 0.0647129 0.0647129 0.0628983 0.0578405 0.0158326 0.0000000 0.0592821 0.0404021 0.1011961 0.0962532 0.0962532 0.0943607 0.0902140 0.0939828 0.0816170 0.0853427 0.0909663 0.0958743 0.1084795 0.1104080 0.0939828 0.1146692 0.1000526 0.1107942 0.1154464 0.1127287 
taxon_31   0.1923529 0.1224777 0.1244426 0.0709158 0.1146692 0.0966323 0.1166137 0.1015777 0.1166137 0.1065559 0.1244426 0.1119543 0.1177828 0.1142809 0.1073248 0.0954956 0.1080944 0.1123414 0.1092503 0.1080944 0.1119543 0.0981505 0.1077095 0.0917193 0.0745886 0.0753254 0.0742205 0.0683555 0.0628983 0.0592821 0.0000000 0.0337479 0.1123414 0.1088648 0.1069402 0.1065559 0.1023414 0.1042542 0.0936051 0.0970115 0.1011961 0.1088648 0.1181729 0.1209094 0.1031059 0.1248362 0.1111807 0.1201266 0.1256240 0.1240492 
taxon_32   0.1740541 0.1046373 0.1046373 0.0528166 0.0962532 0.0805028 0.0996718 0.0849693 0.0981505 0.0868382 0.1046373 0.0928502 0.0989107 0.0962532 0.0894625 0.0775399 0.0890870 0.0939828 0.0898382 0.0902140 0.0913427 0.0786496 0.0875871 0.0738526 0.0567611 0.0560424 0.0546070 0.0488927 0.0439282 0.0404021 0.0337479 0.0000000 0.0924730 0.0879618 0.0864640 0.0857163 0.0816170 0.0845961 0.0738526 0.0782795 0.0853427 0.0887118 0.0989107 0.1008147 0.0834775 0.1050206 0.0913427 0.1008147 0.1061718 0.1034885 
taxon_33   0.1906317 0.1177828 0.1185632 0.0698174 0.1135039 0.0962532 0.1127287 0.1019595 0.1154464 0.1031059 0.1205179 0.1065559 0.1146692 0.1115674 0.1050206 0.0943607 0.1065559 0.1084795 0.1065559 0.1088648 0.1069402 0.0954956 0.1077095 0.1146692 0.0977706 0.1042542 0.1080944 0.1023414 0.1046373 0.1011961 0.1123414 0.0924730 0.0000000 0.0779096 0.0768010 0.0989107 0.0977706 0.1011961 0.0860901 0.0905900 0.0973910 0.1023414 0.1213012 0.1209094 0.1046373 0.1209094 0.1084795 0.1201266 0.1216931 0.1189538 
taxon_34   0.1850651 0.1138918 0.1127287 0.0661678 0.1092503 0.0943607 0.1104080 0.0958743 0.1092503 0.0981505 0.1142809 0.1038712 0.1127287 0.1073248 0.1011961 0.0890870 0.1038712 0.1050206 0.1015777 0.1050206 0.1027236 0.0894625 0.1042542 0.1088648 0.0920960 0.1004335 0.1011961 0.0973910 0.1000526 0.0962532 0.1088648 0.0879618 0.0779096 0.0000000 0.0549656 0.0951172 0.0936051 0.0970115 0.0834775 0.0860901 0.0951172 0.1000526 0.1138918 0.1158353 0.1011961 0.1173929 0.1065559 0.1131162 0.1205179 0.1166137 
taxon_35   0.1854918 0.1138918 0.1119543 0.0647129 0.1061718 0.0932275 0.1069402 0.0962532 0.1088648 0.0962532 0.1127287 0.1015777 0.1115674 0.1077095 0.0996718 0.0898382 0.1008147 0.1054042 0.1000526 0.1038712 0.1004335 0.0890870 0.1046373 0.1069402 0.0913427 0.0996718 0.1027236 0.0962532 0.0992911 0.0962532 0.1069402 0.0864640 0.0768010 0.0549656 0.0000000 0.0943607 0.0943607 0.0970115 0.0838502 0.0845961 0.0924730 0.0981505 0.1127287 0.1154464 0.0985305 0.1185632 0.1050206 0.1154464 0.1205179 0.1146692 
taxon_36   0.1854918 0.1146692 0.1138918 0.0628983 0.1077095 0.0905900 0.1080944 0.0951172 0.1073248 0.0970115 0.1166137 0.1023414 0.1084795 0.1046373 0.0996718 0.0879618 0.1008147 0.1057879 0.1008147 0.1031059 0.1015777 0.0887118 0.1019595 0.1061718 0.0894625 0.0985305 0.0989107 0.0939828 0.0970115 0.0943607 0.1065559 0.0857163 0.0989107 0.0951172 0.0943607 0.0000000 0.0883367 0.0905900 0.0790199 0.0831050 0.0894625 0.0924730 0.1111807 0.1131162 0.0973910 0.1150577 0.1015777 0.1115674 0.1173929 0.1115674 
taxon_37   0.1820846 0.1100219 0.1107942 0.0596429 0.1031059 0.0868382 0.1046373 0.0920960 0.1054042 0.0920960 0.1127287 0.0985305 0.1042542 0.1015777 0.0958743 0.0831050 0.0981505 0.0996718 0.0966323 0.0951172 0.0977706 0.0834775 0.0973910 0.1019595 0.0864640 0.0928502 0.0977706 0.0905900 0.0939828 0.0902140 0.1023414 0.0816170 0.0977706 0.0936051 0.0943607 0.0883367 0.0000000 0.0853427 0.0731173 0.0738526 0.0842230 0.0887118 0.1077095 0.1088648 0.0928502 0.1138918 0.0977706 0.1100219 0.1135039 0.1100219 
taxon_38   0.1863460 0.1197354 0.1177828 0.0647129 0.1050206 0.0909663 0.1088648 0.0954956 0.1077095 0.0985305 0.1193445 0.1034885 0.1088648 0.1111807 0.1015777 0.0905900 0.1050206 0.1069402 0.1027236 0.1038712 0.1038712 0.0917193 0.1011961 0.1084795 0.0917193 0.0973910 0.1011961 0.0947388 0.0970115 0.0939828 0.1042542 0.0845961 0.1011961 0.0970115 0.0970115 0.0905900 0.0853427 0.0000000 0.0488927 0.0790199 0.0875871 0.0913427 0.1115674 0.1123414 0.0981505 0.1146692 0.1023414 0.1138918 0.1173929 0.1138918 
taxon_39   0.1702800 0.1011961 0.1031059 0.0492486 0.0920960 0.0782795 0.0958743 0.0834775 0.0958743 0.0853427 0.1054042 0.0898382 0.0970115 0.0958743 0.0879618 0.0771704 0.0905900 0.0947388 0.0905900 0.0902140 0.0905900 0.0775399 0.0898382 0.0939828 0.0779096 0.0853427 0.0902140 0.0838502 0.0864640 0.0816170 0.0936051 0.0738526 0.0860901 0.0834775 0.0838502 0.0790199 0.0731173 0.0488927 0.0000000 0.0643497 0.0734849 0.0768010 0.0996718 0.0996718 0.0838502 0.0996718 0.0879618 0.1000526 0.1015777 0.0989107 
taxon_40   0.1753164 0.1069402 0.1038712 0.0535322 0.0970115 0.0823606 0.0996718 0.0860901 0.0992911 0.0872125 0.1046373 0.0932275 0.0992911 0.0996718 0.0920960 0.0808740 0.0939828 0.0966323 0.0913427 0.0939828 0.0932275 0.0801318 0.0913427 0.0985305 0.0819887 0.0887118 0.0920960 0.0868382 0.0890870 0.0853427 0.0970115 0.0782795 0.0905900 0.0860901 0.0845961 0.0831050 0.0738526 0.0790199 0.0643497 0.0000000 0.0592821 0.0607265 0.1008147 0.1050206 0.0875871 0.1046373 0.0913427 0.1027236 0.1050206 0.1034885 
taxon_41   0.1829350 0.1119543 0.1131162 0.0610880 0.1054042 0.0890870 0.1073248 0.0943607 0.1050206 0.0962532 0.1100219 0.1008147 0.1065559 0.1065559 0.0989107 0.0872125 0.1000526 0.1046373 0.0996718 0.1008147 0.1011961 0.0883367 0.1000526 0.1034885 0.0887118 0.0943607 0.1000526 0.0920960 0.0954956 0.0909663 0.1011961 0.0853427 0.0973910 0.0951172 0.0924730 0.0894625 0.0842230 0.0875871 0.0734849 0.0592821 0.0000000 0.0632609 0.1084795 0.1111807 0.0962532 0.1135039 0.0992911 0.1104080 0.1146692 0.1088648 
taxon_42   0.1906317 0.1193445 0.1181729 0.0647129 0.1061718 0.0932275 0.1131162 0.0989107 0.1100219 0.1000526 0.1154464 0.1046373 0.1107942 0.1092503 0.1034885 0.0909663 0.1034885 0.1088648 0.1031059 0.1050206 0.1042542 0.0913427 0.1034885 0.1080944 0.0936051 0.1000526 0.1034885 0.0966323 0.1004335 0.0958743 0.1088648 0.0887118 0.1023414 0.1000526 0.0981505 0.0924730 0.0887118 0.0913427 0.0768010 0.0607265 0.0632609 0.0000000 0.1135039 0.1181729 0.1015777 0.1201266 0.1050206 0.1146692 0.1209094 0.1138918 
taxon_43   0.1897726 0.1197354 0.1205179 0.0749569 0.1181729 0.1011961 0.1193445 0.1077095 0.1209094 0.1100219 0.1279924 0.1162244 0.1220853 0.1209094 0.1127287 0.0996718 0.1127287 0.1177828 0.1119543 0.1138918 0.1150577 0.1015777 0.1150577 0.1193445 0.1054042 0.1142809 0.1173929 0.1096360 0.1119543 0.1084795 0.1181729 0.0989107 0.1213012 0.1138918 0.1127287 0.1111807 0.1077095 0.1115674 0.0996718 0.1008147 0.1084795 0.1135039 0.0000000 0.1135039 0.0985305 0.1181729 0.1011961 0.1135039 0.1185632 0.1162244 
taxon_44   0.1889145 0.1193445 0.1201266 0.0768010 0.1209094 0.1034885 0.1220853 0.1092503 0.1216931 0.1127287 0.1283879 0.1177828 0.1236560 0.1220853 0.1158353 0.1038712 0.1142809 0.1209094 0.1177828 0.1189538 0.1177828 0.1050206 0.1173929 0.1244426 0.1077095 0.1166137 0.1173929 0.1127287 0.1135039 0.1104080 0.1209094 0.1008147 0.1209094 0.1158353 0.1154464 0.1131162 0.1088648 0.1123414 0.0996718 0.1050206 0.1111807 0.1181729 0.1135039 0.0000000 0.0340966 0.0782795 0.0643497 0.0805028 0.0872125 0.0845961 
taxon_45   0.1778473 0.1050206 0.1038712 0.0603651 0.1046373 0.0872125 0.1069402 0.0928502 0.1077095 0.0958743 0.1107942 0.1015777 0.1069402 0.1042542 0.0981505 0.0872125 0.0989107 0.1042542 0.1004335 0.1019595 0.1004335 0.0879618 0.1008147 0.1065559 0.0917193 0.0973910 0.1019595 0.0943607 0.0970115 0.0939828 0.1031059 0.0834775 0.1046373 0.1011961 0.0985305 0.0973910 0.0928502 0.0981505 0.0838502 0.0875871 0.0962532 0.1015777 0.0985305 0.0340966 0.0000000 0.0628983 0.0485370 0.0654400 0.0709158 0.0676255 
taxon_46   0.1927838 0.1197354 0.1216931 0.0790199 0.1244426 0.1069402 0.1260182 0.1131162 0.1260182 0.1123414 0.1287835 0.1185632 0.1256240 0.1240492 0.1197354 0.1073248 0.1177828 0.1216931 0.1173929 0.1193445 0.1189538 0.1054042 0.1173929 0.1236560 0.1088648 0.1177828 0.1209094 0.1146692 0.1173929 0.1146692 0.1248362 0.1050206 0.1209094 0.1173929 0.1185632 0.1150577 0.1138918 0.1146692 0.0996718 0.1046373 0.1135039 0.1201266 0.1181729 0.0782795 0.0628983 0.0000000 0.0628983 0.0838502 0.0864640 0.0842230 
taxon_47   0.1786929 0.1096360 0.1096360 0.0650764 0.1107942 0.0924730 0.1119543 0.0989107 0.1115674 0.1008147 0.1181729 0.1061718 0.1115674 0.1104080 0.1046373 0.0920960 0.1031059 0.1084795 0.1061718 0.1073248 0.1069402 0.0928502 0.1050206 0.1111807 0.0962532 0.1031059 0.1077095 0.1011961 0.1031059 0.1000526 0.1111807 0.0913427 0.1084795 0.1065559 0.1050206 0.1015777 0.0977706 0.1023414 0.0879618 0.0913427 0.0992911 0.1050206 0.1011961 0.0643497 0.0485370 0.0628983 0.0000000 0.0712823 0.0745886 0.0738526 
taxon_48   0.1906317 0.1189538 0.1193445 0.0756940 0.1185632 0.1023414 0.1220853 0.1073248 0.1224777 0.1119543 0.1279924 0.1166137 0.1236560 0.1201266 0.1138918 0.1019595 0.1146692 0.1193445 0.1138918 0.1173929 0.1166137 0.1034885 0.1142809 0.1197354 0.1061718 0.1138918 0.1166137 0.1111807 0.1138918 0.1107942 0.1201266 0.1008147 0.1201266 0.1131162 0.1154464 0.1115674 0.1100219 0.1138918 0.1000526 0.1027236 0.1104080 0.1146692 0.1135039 0.0805028 0.0654400 0.0838502 0.0712823 0.0000000 0.0823606 0.0827327 
taxon_49   0.1932150 0.1213012 0.1197354 0.0779096 0.1240492 0.1084795 0.1275971 0.1135039 0.1252300 0.1166137 0.1319565 0.1224777 0.1264126 0.1240492 0.1181729 0.1050206 0.1181729 0.1240492 0.1201266 0.1213012 0.1185632 0.1065559 0.1193445 0.1272021 0.1119543 0.1170032 0.1213012 0.1158353 0.1185632 0.1154464 0.1256240 0.1061718 0.1216931 0.1205179 0.1205179 0.1173929 0.1135039 0.1173929 0.1015777 0.1050206 0.1146692 0.1209094 0.1185632 0.0872125 0.0709158 0.0864640 0.0745886 0.0823606 0.0000000 0.0658038 
taxon_50   0.1902021 0.1209094 0.1205179 0.0782795 0.1213012 0.1046373 0.1264126 0.1119543 0.1240492 0.1107942 0.1264126 0.1154464 0.1252300 0.1216931 0.1166137 0.1050206 0.1142809 0.1193445 0.1162244 0.1158353 0.1166137 0.1027236 0.1162244 0.1224777 0.1069402 0.1138918 0.1197354 0.1127287 0.1150577 0.1127287 0.1240492 0.1034885 0.1189538 0.1166137 0.1146692 0.1115674 0.1100219 0.1138918 0.0989107 0.1034885 0.1088648 0.1138918 0.1162244 0.0845961 0.0676255 0.0842230 0.0738526 0.0827327 0.0658038 0.0000000 
