30
taxon_1    0.0000000 1.3820970 1.8384978 4.3753767 2.3117252 2.0237560 2.3668971 2.0237560 2.0762775 2.3011617 2.0237560 1.7683027 1.9480036 3.3151067 2.0685455 2.3901548 2.3117252 2.7091647 1.7683027 2.0685455 1.9612198 3.2023950 3.0177952 1.7041188 2.2603353 2.9651421 9.0000000 3.2381161 2.8477153 1.0713542 
taxon_2    1.3820970 0.0000000 2.0023260 9.0000000 2.1583264 2.4911475 2.4645960 2.1244224 2.6568179 2.5619547 2.0458165 2.0685455 2.2504667 3.1044299 2.5186735 2.6738640 3.1356844 3.4009145 1.9096974 1.9096974 1.9034991 2.5619547 2.8697757 2.3333094 3.1356844 5.1993359 9.0000000 2.9401397 2.7462092 1.3343672 
taxon_3    1.8384978 2.0023260 0.0000000 1.3729133 1.2627532 0.5863838 1.9222500 1.7136427 1.3882826 3.8983851 2.5619547 2.5472484 2.7851791 6.0232951 3.6091383 3.4478047 3.3567841 9.0000000 2.3901548 2.7274583 2.5619547 9.0000000 3.1682983 3.1356844 3.2381161 9.0000000 9.0000000 9.0000000 3.1682983 1.9480036 
taxon_4    4.3753767 9.0000000 1.3729133 0.0000000 1.9953166 1.0033024 2.9910067 2.9651421 1.8052820 2.8697757 9.0000000 9.0000000 2.2311108 3.6716745 9.0000000 9.0000000 9.0000000 2.4389525 3.3567841 6.0232951 9.0000000 2.8054506 2.6738640 2.4777543 2.5047842 2.6238455 3.2381161 3.8149659 3.1356844 9.0000000 
taxon_5    2.3117252 2.1583264 1.2627532 1.9953166 0.0000000 1.0612462 2.2804707 2.1244224 1.7580636 9.0000000 2.5328249 2.3668971 3.1044299 3.1356844 2.8925047 3.4978233 3.2023950 9.0000000 3.2023950 3.4478047 2.8054506 9.0000000 9.0000000 9.0000000 3.8983851 3.4978233 9.0000000 3.8983851 3.3567841 2.3901548 
taxon_6    2.0237560 2.4911475 0.5863838 1.0033024 1.0612462 0.0000000 1.9096974 1.6066367 1.0126541 2.2504667 9.0000000 3.3151067 2.0685455 2.5328249 4.2248737 3.7399033 4.5638625 2.6738640 3.4478047 9.0000000 9.0000000 2.8925047 2.6238455 2.4645960 2.5328249 2.3333094 2.4389525 2.4777543 2.0919849 2.1847998 
taxon_7    2.3668971 2.4645960 1.9222500 2.9910067 2.2804707 1.9096974 0.0000000 1.8384978 2.0310377 2.9651421 2.5619547 2.1847998 3.7399033 9.0000000 2.6738640 9.0000000 3.7399033 2.9159441 3.3151067 2.4911475 2.6568179 4.2248737 9.0000000 3.2756239 4.3753767 3.2023950 9.0000000 9.0000000 9.0000000 2.1670475 
taxon_8    2.0237560 2.1244224 1.7136427 2.9651421 2.1244224 1.6066367 1.8384978 0.0000000 0.6348233 9.0000000 2.9910067 2.4911475 3.3567841 9.0000000 2.8925047 2.6568179 2.8054506 9.0000000 2.7462092 2.2407263 2.4911475 9.0000000 9.0000000 2.9651421 9.0000000 3.8983851 5.1993359 2.9651421 9.0000000 1.9814913 
taxon_9    2.0762775 2.6568179 1.3882826 1.8052820 1.7580636 1.0126541 2.0310377 0.6348233 0.0000000 2.5472484 9.0000000 3.4009145 2.1758711 2.7654411 3.7399033 9.0000000 9.0000000 2.3224397 3.8983851 2.7654411 2.5472484 2.4264522 2.1497057 2.2407263 2.7091647 2.4777543 2.5922619 2.4389525 2.3011617 2.0458165 
taxon_10   2.3011617 2.5619547 3.8983851 2.8697757 9.0000000 2.2504667 2.9651421 9.0000000 2.5472484 0.0000000 0.3863783 0.1874413 1.0355858 2.6738640 2.8477153 2.5769552 4.0995831 2.1327558 2.0762775 2.4264522 2.3333094 2.1583264 1.9414819 1.8614881 2.1758711 2.3117252 2.3668971 2.1670475 2.1497057 1.7429624 
taxon_11   2.0237560 2.0458165 2.5619547 9.0000000 2.5328249 9.0000000 2.5619547 2.9910067 9.0000000 0.3863783 0.0000000 0.2624709 1.1949814 3.3567841 2.1758711 2.2907448 2.2907448 2.6078875 1.9814913 2.0533165 1.8973515 3.0177952 2.6568179 2.5472484 2.6401505 4.5638625 4.5638625 2.7654411 3.3567841 1.6363016 
taxon_12   1.7683027 2.0685455 2.5472484 9.0000000 2.3668971 3.3151067 2.1847998 2.4911475 3.4009145 0.1874413 0.2624709 0.0000000 1.0297869 4.5638625 2.1670475 2.0762775 2.3224397 2.5619547 1.6994018 1.9096974 1.8217060 3.4009145 2.6738640 2.2703354 2.7274583 3.2381161 4.3753767 2.8262852 2.9910067 1.5278241 
taxon_13   1.9480036 2.2504667 2.7851791 2.2311108 3.1044299 2.0685455 3.7399033 3.3567841 2.1758711 1.0355858 1.1949814 1.0297869 0.0000000 2.4777543 2.8477153 2.9910067 3.1356844 2.1758711 1.7631657 2.5186735 1.9286060 1.9953166 2.0685455 1.5622689 2.0383907 2.6238455 2.7091647 2.6401505 2.5186735 1.4737141 
taxon_14   3.3151067 3.1044299 6.0232951 3.6716745 3.1356844 2.5328249 9.0000000 9.0000000 2.7654411 2.6738640 3.3567841 4.5638625 2.4777543 0.0000000 2.3333094 2.8054506 2.8262852 1.7839282 1.5622689 3.8983851 2.6738640 2.2804707 2.6401505 2.3901548 2.8925047 2.8477153 2.3011617 2.6401505 2.6568179 2.7462092 
taxon_15   2.0685455 2.5186735 3.6091383 9.0000000 2.8925047 4.2248737 2.6738640 2.8925047 3.7399033 2.8477153 2.1758711 2.1670475 2.8477153 2.3333094 0.0000000 0.5853185 0.5571118 1.7945291 0.9995941 2.4141569 1.9883721 3.6716745 2.8477153 2.8262852 9.0000000 9.0000000 2.8054506 3.4978233 9.0000000 2.0094015 
taxon_16   2.3901548 2.6738640 3.4478047 9.0000000 3.4978233 3.7399033 9.0000000 2.6568179 9.0000000 2.5769552 2.2907448 2.0762775 2.9910067 2.8054506 0.5853185 0.0000000 0.4970404 1.6406368 0.9582167 2.2122419 2.0999637 3.5514175 3.4978233 2.9401397 9.0000000 9.0000000 3.5514175 3.6716745 3.4478047 2.0762775 
taxon_17   2.3117252 3.1356844 3.3567841 9.0000000 3.2023950 4.5638625 3.7399033 2.8054506 9.0000000 4.0995831 2.2907448 2.3224397 3.1356844 2.8262852 0.5571118 0.4970404 0.0000000 1.6671883 0.9240032 2.8477153 2.1758711 3.6091383 3.4978233 2.6238455 9.0000000 9.0000000 3.9922575 9.0000000 4.0995831 2.1244224 
taxon_18   2.7091647 3.4009145 9.0000000 2.4389525 9.0000000 2.6738640 2.9159441 9.0000000 2.3224397 2.1327558 2.6078875 2.5619547 2.1758711 1.7839282 1.7945291 1.6406368 1.6671883 0.0000000 0.9940658 4.0995831 2.2122419 2.1847998 2.1758711 2.1670475 9.0000000 2.7091647 2.4389525 2.3443391 2.4911475 2.4645960 
taxon_19   1.7683027 1.9096974 2.3901548 3.3567841 3.2023950 3.4478047 3.3151067 2.7462092 3.8983851 2.0762775 1.9814913 1.6994018 1.7631657 1.5622689 0.9995941 0.9582167 0.9240032 0.9940658 0.0000000 1.9096974 1.3976578 2.3668971 2.4911475 2.0840901 9.0000000 9.0000000 2.9910067 3.2381161 3.7399033 1.5622689 
taxon_20   2.0685455 1.9096974 2.7274583 6.0232951 3.4478047 9.0000000 2.4911475 2.2407263 2.7654411 2.4264522 2.0533165 1.9096974 2.5186735 3.8983851 2.4141569 2.2122419 2.8477153 4.0995831 1.9096974 0.0000000 0.6080148 1.9814913 1.5821113 2.6078875 4.2248737 9.0000000 3.4478047 3.6091383 2.9910067 1.8107168 
taxon_21   1.9612198 1.9034991 2.5619547 9.0000000 2.8054506 9.0000000 2.6568179 2.4911475 2.5472484 2.3333094 1.8973515 1.8217060 1.9286060 2.6738640 1.9883721 2.0999637 2.1758711 2.2122419 1.3976578 0.6080148 0.0000000 1.4167671 1.1830764 2.2407263 9.0000000 9.0000000 9.0000000 9.0000000 9.0000000 1.5166852 
taxon_22   3.2023950 2.5619547 9.0000000 2.8054506 9.0000000 2.8925047 4.2248737 9.0000000 2.4264522 2.1583264 3.0177952 3.4009145 1.9953166 2.2804707 3.6716745 3.5514175 3.6091383 2.1847998 2.3668971 1.9814913 1.4167671 0.0000000 1.4265075 2.1847998 2.5619547 2.7851791 2.7654411 2.6738640 2.5186735 2.1411828 
taxon_23   3.0177952 2.8697757 3.1682983 2.6738640 9.0000000 2.6238455 9.0000000 9.0000000 2.1497057 1.9414819 2.6568179 2.6738640 2.0685455 2.6401505 2.8477153 3.4978233 3.4978233 2.1758711 2.4911475 1.5821113 1.1830764 1.4265075 0.0000000 2.2504667 3.0177952 2.6401505 2.3011617 2.6078875 2.2407263 2.4141569 
taxon_24   1.7041188 2.3333094 3.1356844 2.4777543 9.0000000 2.4645960 3.2756239 2.9651421 2.2407263 1.8614881 2.5472484 2.2703354 1.5622689 2.3901548 2.8262852 2.9401397 2.6238455 2.1670475 2.0840901 2.6078875 2.2407263 2.1847998 2.2504667 0.0000000 1.8912539 2.2029825 2.9651421 2.5186735 2.2504667 1.0857382 
taxon_25   2.2603353 3.1356844 3.2381161 2.5047842 3.8983851 2.5328249 4.3753767 9.0000000 2.7091647 2.1758711 2.6401505 2.7274583 2.0383907 2.8925047 9.0000000 9.0000000 9.0000000 9.0000000 9.0000000 4.2248737 9.0000000 2.5619547 3.0177952 1.8912539 0.0000000 1.8973515 2.0840901 2.3224397 1.9679163 1.3460179 
taxon_26   2.9651421 5.1993359 9.0000000 2.6238455 3.4978233 2.3333094 3.2023950 3.8983851 2.4777543 2.3117252 4.5638625 3.2381161 2.6238455 2.8477153 9.0000000 9.0000000 9.0000000 2.7091647 9.0000000 9.0000000 9.0000000 2.7851791 2.6401505 2.2029825 1.8973515 0.0000000 1.9480036 2.3668971 2.3011617 1.8107168 
taxon_27   9.0000000 9.0000000 9.0000000 3.2381161 9.0000000 2.4389525 9.0000000 5.1993359 2.5922619 2.3668971 4.5638625 4.3753767 2.7091647 2.3011617 2.8054506 3.5514175 3.9922575 2.4389525 2.9910067 3.4478047 9.0000000 2.7654411 2.3011617 2.9651421 2.0840901 1.9480036 0.0000000 1.6808250 1.5057094 1.8673475 
taxon_28   3.2381161 2.9401397 9.0000000 3.8149659 3.8983851 2.4777543 9.0000000 2.9651421 2.4389525 2.1670475 2.7654411 2.8262852 2.6401505 2.6401505 3.4978233 3.6716745 9.0000000 2.3443391 3.2381161 3.6091383 9.0000000 2.6738640 2.6078875 2.5186735 2.3224397 2.3668971 1.6808250 0.0000000 1.0713542 2.0608923 
taxon_29   2.8477153 2.7462092 3.1682983 3.1356844 3.3567841 2.0919849 9.0000000 9.0000000 2.3011617 2.1497057 3.3567841 2.9910067 2.5186735 2.6568179 9.0000000 3.4478047 4.0995831 2.4911475 3.7399033 2.9910067 9.0000000 2.5186735 2.2407263 2.2504667 1.9679163 2.3011617 1.5057094 1.0713542 0.0000000 1.8217060 
taxon_30   1.0713542 1.3343672 1.9480036 9.0000000 2.3901548 2.1847998 2.1670475 1.9814913 2.0458165 1.7429624 1.6363016 1.5278241 1.4737141 2.7462092 2.0094015 2.0762775 2.1244224 2.4645960 1.5622689 1.8107168 1.5166852 2.1411828 2.4141569 1.0857382 1.3460179 1.8107168 1.8673475 2.0608923 1.8217060 0.0000000 
