30
taxon_1    0.0000000 9.0000000 1.1776629 9.0000000 9.0000000 9.0000000 9.0000000 0.9143989 9.0000000 9.0000000 1.1365054 1.0820956 1.0888984 1.0409217 9.0000000 1.0940413 1.1383280 1.1096849 1.0489777 9.0000000 9.0000000 9.0000000 1.1220819 9.0000000 1.1220819 9.0000000 1.0923231 9.0000000 1.0686724 1.3120999 
taxon_2    9.0000000 0.0000000 1.6104692 0.6193806 1.2030891 1.1853949 1.1776629 9.0000000 1.1346873 1.1586745 9.0000000 9.0000000 9.0000000 9.0000000 1.2030891 9.0000000 9.0000000 9.0000000 9.0000000 1.2273499 1.2916751 1.2696146 9.0000000 1.1991208 9.0000000 1.2151214 9.0000000 1.1892910 9.0000000 1.0906088 
taxon_3    1.1776629 1.6104692 0.0000000 1.5575838 9.0000000 9.0000000 9.0000000 1.2030891 9.0000000 9.0000000 1.1776629 1.1605519 1.1932075 1.1853949 9.0000000 1.2050811 1.2131026 1.2090811 1.2110891 9.0000000 9.0000000 9.0000000 1.1873405 9.0000000 1.2131026 9.0000000 1.2545496 9.0000000 1.1932075 9.0000000 
taxon_4    9.0000000 0.6193806 1.5575838 0.0000000 1.1873405 1.1873405 1.1991208 9.0000000 1.1274583 1.1493577 9.0000000 9.0000000 9.0000000 9.0000000 1.1365054 9.0000000 9.0000000 9.0000000 9.0000000 1.1912467 1.2356145 1.1892910 9.0000000 1.1873405 9.0000000 1.1757423 9.0000000 1.1951734 9.0000000 1.0587604 
taxon_5    9.0000000 1.2030891 9.0000000 1.1873405 0.0000000 0.8026642 0.3297319 1.8048488 1.1310641 1.0957634 9.0000000 3.3006519 9.0000000 9.0000000 1.0003704 9.0000000 9.0000000 9.0000000 9.0000000 1.1132061 1.1009538 1.1132061 9.0000000 1.0522244 9.0000000 1.1568019 9.0000000 1.0653539 3.5273629 1.0637001 
taxon_6    9.0000000 1.1853949 9.0000000 1.1873405 0.8026642 0.0000000 0.7136793 4.3084517 1.1700098 1.1586745 9.0000000 9.0000000 9.0000000 9.0000000 1.0871919 9.0000000 9.0000000 9.0000000 9.0000000 1.1853949 1.2110891 1.2171457 9.0000000 1.1383280 9.0000000 1.1912467 9.0000000 1.1873405 9.0000000 1.1346873 
taxon_7    9.0000000 1.1776629 9.0000000 1.1991208 0.3297319 0.7136793 0.0000000 1.7289415 1.1274583 1.0906088 9.0000000 9.0000000 9.0000000 9.0000000 1.0203725 9.0000000 9.0000000 9.0000000 9.0000000 1.1586745 1.0804045 1.0871919 9.0000000 1.0203725 9.0000000 1.1512118 9.0000000 1.0637001 5.6522725 1.0637001 
taxon_8    0.9143989 9.0000000 1.2030891 9.0000000 1.8048488 4.3084517 1.7289415 0.0000000 2.8313728 2.7972761 0.9794111 0.7945435 0.8956814 0.8299831 1.6419423 0.9308229 0.9253082 1.0441337 0.9253082 9.0000000 9.0000000 9.0000000 1.0141603 2.6069407 1.1256619 9.0000000 0.9749950 4.6125508 0.9049818 2.5691176 
taxon_9    9.0000000 1.1346873 9.0000000 1.1274583 1.1310641 1.1700098 1.1274583 2.8313728 0.0000000 0.2447132 9.0000000 9.0000000 9.0000000 9.0000000 1.0377234 9.0000000 9.0000000 9.0000000 9.0000000 1.1624339 1.1757423 1.1892910 9.0000000 1.1971445 9.0000000 1.1438226 9.0000000 1.1586745 9.0000000 1.1202983 
taxon_10   9.0000000 1.1586745 9.0000000 1.1493577 1.0957634 1.1586745 1.0906088 2.7972761 0.2447132 0.0000000 9.0000000 9.0000000 9.0000000 9.0000000 1.0787172 9.0000000 9.0000000 9.0000000 9.0000000 1.1605519 1.1643207 1.1568019 9.0000000 1.2191755 9.0000000 1.2273499 9.0000000 1.1853949 9.0000000 1.1009538 
taxon_11   1.1365054 9.0000000 1.1776629 9.0000000 9.0000000 9.0000000 9.0000000 0.9794111 9.0000000 9.0000000 0.0000000 0.4684625 1.1795884 1.1719157 9.0000000 1.1853949 1.1932075 1.1456631 1.1549339 9.0000000 9.0000000 9.0000000 1.1096849 9.0000000 1.2090811 9.0000000 1.1605519 9.0000000 1.1757423 9.0000000 
taxon_12   1.0820956 9.0000000 1.1605519 9.0000000 3.3006519 9.0000000 9.0000000 0.7945435 9.0000000 9.0000000 0.4684625 0.0000000 1.0974896 1.0620499 9.0000000 1.1202983 1.1238698 1.1292590 1.1114434 9.0000000 9.0000000 9.0000000 1.1149729 9.0000000 1.2545496 9.0000000 1.1383280 9.0000000 1.0571211 9.0000000 
taxon_13   1.0888984 9.0000000 1.1932075 9.0000000 9.0000000 9.0000000 9.0000000 0.8956814 9.0000000 9.0000000 1.1795884 1.0974896 0.0000000 0.2074082 1.5769814 1.1292590 1.0457449 1.1328735 1.1220819 9.0000000 9.0000000 9.0000000 1.2070784 9.0000000 1.2090811 9.0000000 1.1738266 9.0000000 1.1202983 9.0000000 
taxon_14   1.0409217 9.0000000 1.1853949 9.0000000 9.0000000 9.0000000 9.0000000 0.8299831 9.0000000 9.0000000 1.1719157 1.0620499 0.2074082 0.0000000 1.1971445 1.0957634 1.0587604 1.1328735 1.0820956 9.0000000 9.0000000 9.0000000 1.1873405 9.0000000 1.1932075 9.0000000 1.1719157 9.0000000 1.1530705 9.0000000 
taxon_15   9.0000000 1.2030891 9.0000000 1.1365054 1.0003704 1.0871919 1.0203725 1.6419423 1.0377234 1.0787172 9.0000000 9.0000000 1.5769814 1.1971445 0.0000000 9.0000000 9.0000000 9.0000000 9.0000000 1.1274583 1.0974896 1.1438226 9.0000000 1.0923231 9.0000000 1.1549339 9.0000000 1.0804045 9.0000000 1.1586745 
taxon_16   1.0940413 9.0000000 1.2050811 9.0000000 9.0000000 9.0000000 9.0000000 0.9308229 9.0000000 9.0000000 1.1853949 1.1202983 1.1292590 1.0957634 9.0000000 0.0000000 1.0361294 1.1365054 1.1220819 9.0000000 9.0000000 9.0000000 1.1114434 9.0000000 1.2050811 9.0000000 1.1834544 9.0000000 1.1328735 9.0000000 
taxon_17   1.1383280 9.0000000 1.2131026 9.0000000 9.0000000 9.0000000 9.0000000 0.9253082 9.0000000 9.0000000 1.1932075 1.1238698 1.0457449 1.0587604 9.0000000 1.0361294 0.0000000 1.1310641 1.0703373 9.0000000 9.0000000 9.0000000 1.1096849 9.0000000 1.1624339 9.0000000 1.1719157 9.0000000 1.1292590 9.0000000 
taxon_18   1.1096849 9.0000000 1.2090811 9.0000000 9.0000000 9.0000000 9.0000000 1.0441337 9.0000000 9.0000000 1.1456631 1.1292590 1.1328735 1.1328735 9.0000000 1.1365054 1.1310641 0.0000000 0.6435163 5.6522725 3.0529710 4.0926915 0.9036461 2.1689798 0.9853399 9.0000000 0.8348374 9.0000000 1.0670113 9.0000000 
taxon_19   1.0489777 9.0000000 1.2110891 9.0000000 9.0000000 9.0000000 9.0000000 0.9253082 9.0000000 9.0000000 1.1549339 1.1114434 1.1220819 1.0820956 9.0000000 1.1220819 1.0703373 0.6435163 0.0000000 2.6199845 2.3381425 2.0431347 0.7262144 1.7170049 0.9198337 2.8856132 0.7563043 9.0000000 0.9691470 9.0000000 
taxon_20   9.0000000 1.2273499 9.0000000 1.1912467 1.1132061 1.1853949 1.1586745 9.0000000 1.1624339 1.1605519 9.0000000 9.0000000 9.0000000 9.0000000 1.1274583 9.0000000 9.0000000 5.6522725 2.6199845 0.0000000 0.7618069 0.7272685 1.2503003 0.9143989 3.2381152 1.0522244 2.1762262 1.1238698 9.0000000 1.1401551 
taxon_21   9.0000000 1.2916751 9.0000000 1.2356145 1.1009538 1.2110891 1.0804045 9.0000000 1.1757423 1.1643207 9.0000000 9.0000000 9.0000000 9.0000000 1.0974896 9.0000000 9.0000000 3.0529710 2.3381425 0.7618069 0.0000000 0.6832286 1.0854893 0.8904183 2.9240833 0.9749950 2.1201253 1.1310641 9.0000000 1.1310641 
taxon_22   9.0000000 1.2696146 9.0000000 1.1892910 1.1132061 1.2171457 1.0871919 9.0000000 1.1892910 1.1568019 9.0000000 9.0000000 9.0000000 9.0000000 1.1438226 9.0000000 9.0000000 4.0926915 2.0431347 0.7272685 0.6832286 0.0000000 0.6713862 0.8722827 3.3006519 0.9808889 2.1001241 1.2050811 9.0000000 1.1310641 
taxon_23   1.1220819 9.0000000 1.1873405 9.0000000 9.0000000 9.0000000 9.0000000 1.0141603 9.0000000 9.0000000 1.1096849 1.1149729 1.2070784 1.1873405 9.0000000 1.1114434 1.1096849 0.9036461 0.7262144 1.2503003 1.0854893 0.6713862 0.0000000 1.6242944 0.9130464 2.5449219 0.7673502 9.0000000 1.1096849 9.0000000 
taxon_24   9.0000000 1.1991208 9.0000000 1.1873405 1.0522244 1.1383280 1.0203725 2.6069407 1.1971445 1.2191755 9.0000000 9.0000000 9.0000000 9.0000000 1.0923231 9.0000000 9.0000000 2.1689798 1.7170049 0.9143989 0.8904183 0.8722827 1.6242944 0.0000000 1.9249126 0.7887963 1.1605519 1.0587604 4.4451945 1.1009538 
taxon_25   1.1220819 9.0000000 1.2131026 9.0000000 9.0000000 9.0000000 9.0000000 1.1256619 9.0000000 9.0000000 1.2090811 1.2545496 1.2090811 1.1932075 9.0000000 1.2050811 1.1624339 0.9853399 0.9198337 3.2381152 2.9240833 3.3006519 0.9130464 1.9249126 0.0000000 1.4963253 0.4158219 9.0000000 1.0736780 9.0000000 
taxon_26   9.0000000 1.2151214 9.0000000 1.1757423 1.1568019 1.1912467 1.1512118 9.0000000 1.1438226 1.2273499 9.0000000 9.0000000 9.0000000 9.0000000 1.1549339 9.0000000 9.0000000 9.0000000 2.8856132 1.0522244 0.9749950 0.9808889 2.5449219 0.7887963 1.4963253 0.0000000 0.8336209 1.1586745 4.6125508 1.1149729 
taxon_27   1.0923231 9.0000000 1.2545496 9.0000000 9.0000000 9.0000000 9.0000000 0.9749950 9.0000000 9.0000000 1.1605519 1.1383280 1.1738266 1.1719157 9.0000000 1.1834544 1.1719157 0.8348374 0.7563043 2.1762262 2.1201253 2.1001241 0.7673502 1.1605519 0.4158219 0.8336209 0.0000000 9.0000000 0.9647908 9.0000000 
taxon_28   9.0000000 1.1892910 9.0000000 1.1951734 1.0653539 1.1873405 1.0637001 4.6125508 1.1586745 1.1853949 9.0000000 9.0000000 9.0000000 9.0000000 1.0804045 9.0000000 9.0000000 9.0000000 9.0000000 1.1238698 1.1310641 1.2050811 9.0000000 1.0587604 9.0000000 1.1586745 9.0000000 0.0000000 4.8283096 1.1401551 
taxon_29   1.0686724 9.0000000 1.1932075 9.0000000 3.5273629 9.0000000 5.6522725 0.9049818 9.0000000 9.0000000 1.1757423 1.0571211 1.1202983 1.1530705 9.0000000 1.1328735 1.1292590 1.0670113 0.9691470 9.0000000 9.0000000 9.0000000 1.1096849 4.4451945 1.0736780 4.6125508 0.9647908 4.8283096 0.0000000 9.0000000 
taxon_30   1.3120999 1.0906088 9.0000000 1.0587604 1.0637001 1.1346873 1.0637001 2.5691176 1.1202983 1.1009538 9.0000000 9.0000000 9.0000000 9.0000000 1.1586745 9.0000000 9.0000000 9.0000000 9.0000000 1.1401551 1.1310641 1.1310641 9.0000000 1.1009538 9.0000000 1.1149729 9.0000000 1.1401551 9.0000000 0.0000000 
