30
taxon_1    0.0000000 9.0000000 0.7625435 0.7783727 0.8003346 9.0000000 9.0000000 0.7643885 9.0000000 0.7746180 9.0000000 0.7353995 9.0000000 0.8022751 0.7916641 9.0000000 0.7802571 0.7588671 9.0000000 4.0620753 9.0000000 9.0000000 9.0000000 0.7533859 0.7955053 0.7993663 9.0000000 0.7897509 9.0000000 1.0090243 
taxon_2    9.0000000 0.0000000 1.0731202 9.0000000 9.0000000 0.7993663 0.7616227 9.0000000 0.8432040 9.0000000 0.7830926 9.0000000 0.7868901 9.0000000 9.0000000 0.7983992 9.0000000 9.0000000 0.7974333 0.7746180 0.8360553 0.8130384 0.7802571 9.0000000 9.0000000 9.0000000 0.8189751 9.0000000 0.8299825 0.7708820 
taxon_3    0.7625435 1.0731202 0.0000000 0.6642402 0.7336244 9.0000000 2.5024940 0.7708820 9.0000000 0.8100876 9.0000000 0.7515678 9.0000000 0.7849890 0.8061712 9.0000000 0.7993663 0.7955053 9.0000000 9.0000000 9.0000000 9.0000000 9.0000000 0.7643885 0.8003346 0.7793143 9.0000000 0.7607030 9.0000000 3.2381161 
taxon_4    0.7783727 9.0000000 0.6642402 0.0000000 0.5191940 1.5737132 1.0457449 0.7680922 9.0000000 0.8091066 9.0000000 0.7524763 9.0000000 0.8003346 0.8120535 9.0000000 0.8013043 0.8100876 9.0000000 9.0000000 9.0000000 9.0000000 9.0000000 0.8100876 0.8179823 0.8081269 9.0000000 0.8042206 9.0000000 3.7579762 
taxon_5    0.8003346 9.0000000 0.7336244 0.5191940 0.0000000 0.8693027 1.5575838 0.7746180 9.0000000 0.8229591 9.0000000 0.7653127 9.0000000 0.8169910 0.8130384 9.0000000 0.8110699 0.8110699 9.0000000 9.0000000 9.0000000 9.0000000 9.0000000 0.8061712 0.8189751 0.8239584 9.0000000 0.7552085 9.0000000 9.0000000 
taxon_6    9.0000000 0.7993663 9.0000000 1.5737132 0.8693027 0.0000000 0.5306036 9.0000000 0.8259611 9.0000000 0.7935822 9.0000000 0.8179823 9.0000000 9.0000000 0.8598022 9.0000000 9.0000000 0.8229591 0.8229591 0.8071484 0.7878425 0.8051953 9.0000000 9.0000000 9.0000000 0.8391112 9.0000000 0.7916641 0.7699510 
taxon_7    9.0000000 0.7616227 2.5024940 1.0457449 1.5575838 0.5306036 0.0000000 4.9650549 0.8071484 9.0000000 0.8061712 9.0000000 0.8370722 9.0000000 9.0000000 0.7755549 9.0000000 9.0000000 0.7634655 0.7764930 0.7993663 0.7878425 0.7964687 9.0000000 9.0000000 9.0000000 0.7945432 9.0000000 0.7783727 0.7265655 
taxon_8    0.7643885 9.0000000 0.7708820 0.7680922 0.7746180 9.0000000 4.9650549 0.0000000 2.7182557 0.6863851 9.0000000 0.7292048 9.0000000 0.7736823 0.8022751 9.0000000 0.7878425 0.7764930 9.0000000 3.6641041 9.0000000 9.0000000 9.0000000 0.7579508 0.7764930 0.7727477 9.0000000 0.7552085 9.0000000 2.9175331 
taxon_9    9.0000000 0.8432040 9.0000000 9.0000000 9.0000000 0.8259611 0.8071484 2.7182557 0.0000000 1.5710009 0.8091066 9.0000000 0.8249591 9.0000000 9.0000000 0.8340255 9.0000000 9.0000000 0.7515678 0.7292048 0.8013043 0.7907069 0.7821463 9.0000000 9.0000000 9.0000000 0.8380915 9.0000000 0.7897509 0.7588671 
taxon_10   0.7746180 9.0000000 0.8100876 0.8091066 0.8229591 9.0000000 9.0000000 0.6863851 1.5710009 0.0000000 9.0000000 0.7552085 9.0000000 0.7964687 0.8022751 9.0000000 0.7849890 0.7718143 9.0000000 4.7492932 9.0000000 9.0000000 9.0000000 0.8100876 0.7964687 0.7945432 9.0000000 0.7897509 9.0000000 9.0000000 
taxon_11   9.0000000 0.7830926 9.0000000 9.0000000 9.0000000 0.7935822 0.8061712 9.0000000 0.8091066 9.0000000 0.0000000 9.0000000 0.8169910 9.0000000 9.0000000 0.7983992 9.0000000 9.0000000 0.7783727 0.7178344 0.7506603 0.8022751 0.8013043 9.0000000 9.0000000 9.0000000 0.8189751 9.0000000 0.7488487 0.7764930 
taxon_12   0.7353995 9.0000000 0.7515678 0.7524763 0.7653127 9.0000000 9.0000000 0.7292048 9.0000000 0.7552085 9.0000000 0.0000000 3.7579762 0.6594067 0.7135066 9.0000000 0.7161003 0.7169668 2.2914348 1.7039611 2.6936633 4.2294313 2.2046715 0.6872179 0.7398559 0.7239355 2.7972755 0.7416458 2.6698518 2.4141569 
taxon_13   9.0000000 0.7868901 9.0000000 9.0000000 9.0000000 0.8179823 0.8370722 9.0000000 0.8249591 9.0000000 0.8169910 3.7579762 0.0000000 1.7858606 9.0000000 0.7926226 9.0000000 9.0000000 0.6972852 0.6066991 0.7425424 0.7634655 0.7643885 9.0000000 9.0000000 9.0000000 0.7708820 9.0000000 0.7812011 0.7425424 
taxon_14   0.8022751 9.0000000 0.7849890 0.8003346 0.8169910 9.0000000 9.0000000 0.7736823 9.0000000 0.7964687 9.0000000 0.6594067 1.7858606 0.0000000 0.7169668 4.0620753 0.6797552 0.6364740 1.8381196 1.4329073 3.3171365 9.0000000 2.7835139 0.7327384 0.7588671 0.7588671 9.0000000 0.7362887 3.5422149 3.1225021 
taxon_15   0.7916641 9.0000000 0.8061712 0.8120535 0.8130384 9.0000000 9.0000000 0.8022751 9.0000000 0.8022751 9.0000000 0.7135066 9.0000000 0.7169668 0.0000000 3.3171365 0.6642402 0.6731834 1.6692180 1.8537453 9.0000000 9.0000000 4.0620753 0.7625435 0.7736823 0.7840402 9.0000000 0.8249591 9.0000000 9.0000000 
taxon_16   9.0000000 0.7983992 9.0000000 9.0000000 9.0000000 0.8598022 0.7755549 9.0000000 0.8340255 9.0000000 0.7983992 9.0000000 0.7926226 4.0620753 3.3171365 0.0000000 1.0871919 2.1441548 0.5470127 0.6256491 0.7345114 0.7887961 0.7718143 9.0000000 9.0000000 9.0000000 0.8179823 9.0000000 0.7897509 0.7671646 
taxon_17   0.7802571 9.0000000 0.7993663 0.8013043 0.8110699 9.0000000 9.0000000 0.7878425 9.0000000 0.7849890 9.0000000 0.7161003 9.0000000 0.6797552 0.6642402 1.0871919 0.0000000 0.5889468 1.4217292 1.8342635 9.0000000 9.0000000 4.9650549 0.7588671 0.7887961 0.7597845 9.0000000 0.7878425 9.0000000 9.0000000 
taxon_18   0.7588671 9.0000000 0.7955053 0.8100876 0.8110699 9.0000000 9.0000000 0.7764930 9.0000000 0.7718143 9.0000000 0.7169668 9.0000000 0.6364740 0.6731834 2.1441548 0.5889468 0.0000000 1.1044340 1.7302796 9.0000000 9.0000000 3.5422149 0.7607030 0.7783727 0.7783727 9.0000000 0.7643885 9.0000000 9.0000000 
taxon_19   9.0000000 0.7974333 9.0000000 9.0000000 9.0000000 0.8229591 0.7634655 9.0000000 0.7515678 9.0000000 0.7783727 2.2914348 0.6972852 1.8381196 1.6692180 0.5470127 1.4217292 1.1044340 0.0000000 0.4108478 0.6789306 0.7178344 0.6939144 2.9681140 9.0000000 9.0000000 0.7362887 5.2691537 0.7479446 0.7032208 
taxon_20   4.0620753 0.7746180 9.0000000 9.0000000 9.0000000 0.8229591 0.7764930 3.6641041 0.7292048 4.7492932 0.7178344 1.7039611 0.6066991 1.4329073 1.8537453 0.6256491 1.8342635 1.7302796 0.4108478 0.0000000 0.6427306 0.6838920 0.5999927 2.2434732 3.0038351 2.9014034 0.6930741 3.2381161 0.6880517 0.6294972 
taxon_21   9.0000000 0.8360553 9.0000000 9.0000000 9.0000000 0.8071484 0.7993663 9.0000000 0.8013043 9.0000000 0.7506603 2.6936633 0.7425424 3.3171365 9.0000000 0.7345114 9.0000000 9.0000000 0.6789306 0.6427306 0.0000000 0.7256878 0.6740018 2.9340173 3.8653021 3.3454417 0.7662381 9.0000000 0.7488487 0.7407503 
taxon_22   9.0000000 0.8130384 9.0000000 9.0000000 9.0000000 0.7878425 0.7878425 9.0000000 0.7907069 9.0000000 0.8022751 4.2294313 0.7634655 9.0000000 9.0000000 0.7887961 9.0000000 9.0000000 0.7178344 0.6838920 0.7256878 0.0000000 0.5258845 2.1045221 2.6134342 2.6134342 0.7746180 9.0000000 0.7736823 0.7736823 
taxon_23   9.0000000 0.7802571 9.0000000 9.0000000 9.0000000 0.8051953 0.7964687 9.0000000 0.7821463 9.0000000 0.8013043 2.2046715 0.7643885 2.7835139 4.0620753 0.7718143 4.9650549 3.5422149 0.6939144 0.5999927 0.6740018 0.5258845 0.0000000 1.5366034 2.1156341 1.9550231 0.7371789 9.0000000 0.7561215 0.7362887 
taxon_24   0.7533859 9.0000000 0.7643885 0.8100876 0.8061712 9.0000000 9.0000000 0.7579508 9.0000000 0.8100876 9.0000000 0.6872179 9.0000000 0.7327384 0.7625435 9.0000000 0.7588671 0.7607030 2.9681140 2.2434732 2.9340173 2.1045221 1.5366034 0.0000000 0.6029659 0.6279556 9.0000000 0.7643885 3.6212353 9.0000000 
taxon_25   0.7955053 9.0000000 0.8003346 0.8179823 0.8189751 9.0000000 9.0000000 0.7764930 9.0000000 0.7964687 9.0000000 0.7398559 9.0000000 0.7588671 0.7736823 9.0000000 0.7887961 0.7783727 9.0000000 3.0038351 3.8653021 2.6134342 2.1156341 0.6029659 0.0000000 0.4131572 9.0000000 0.7736823 9.0000000 9.0000000 
taxon_26   0.7993663 9.0000000 0.7793143 0.8081269 0.8239584 9.0000000 9.0000000 0.7727477 9.0000000 0.7945432 9.0000000 0.7239355 9.0000000 0.7588671 0.7840402 9.0000000 0.7597845 0.7783727 9.0000000 2.9014034 3.3454417 2.6134342 1.9550231 0.6279556 0.4131572 0.0000000 9.0000000 0.7736823 9.0000000 9.0000000 
taxon_27   9.0000000 0.8189751 9.0000000 9.0000000 9.0000000 0.8391112 0.7945432 9.0000000 0.8380915 9.0000000 0.8189751 2.7972755 0.7708820 9.0000000 9.0000000 0.8179823 9.0000000 9.0000000 0.7362887 0.6930741 0.7662381 0.7746180 0.7371789 9.0000000 9.0000000 9.0000000 0.0000000 9.0000000 0.7497540 0.7634655 
taxon_28   0.7897509 9.0000000 0.7607030 0.8042206 0.7552085 9.0000000 9.0000000 0.7552085 9.0000000 0.7897509 9.0000000 0.7416458 9.0000000 0.7362887 0.8249591 9.0000000 0.7878425 0.7643885 5.2691537 3.2381161 9.0000000 9.0000000 9.0000000 0.7643885 0.7736823 0.7736823 9.0000000 0.0000000 1.4841694 9.0000000 
taxon_29   9.0000000 0.8299825 9.0000000 9.0000000 9.0000000 0.7916641 0.7783727 9.0000000 0.7897509 9.0000000 0.7488487 2.6698518 0.7812011 3.5422149 9.0000000 0.7897509 9.0000000 9.0000000 0.7479446 0.6880517 0.7488487 0.7736823 0.7561215 3.6212353 9.0000000 9.0000000 0.7497540 1.4841694 0.0000000 0.7300867 
taxon_30   1.0090243 0.7708820 3.2381161 3.7579762 9.0000000 0.7699510 0.7265655 2.9175331 0.7588671 9.0000000 0.7764930 2.4141569 0.7425424 3.1225021 9.0000000 0.7671646 9.0000000 9.0000000 0.7032208 0.6294972 0.7407503 0.7736823 0.7362887 9.0000000 9.0000000 9.0000000 0.7634655 9.0000000 0.7300867 0.0000000 
