50
taxon_1    0.0000000 0.1177828 0.1627883 0.1636170 0.1644466 0.1812352 0.1545509 0.1665248 0.1656928 0.1611335 0.0996725 0.1582465 0.2155393 0.2235799 0.2173187 0.2111093 0.2285363 0.2146512 0.1850650 0.2280844 0.2159838 0.2276327 0.2285363 0.1842123 0.2390069 0.2058276 0.2053891 0.2399243 0.2133210 0.2335258 0.2276327 0.2067053 0.1803868 0.2058276 0.2067053 0.1748954 0.2005828 0.2159838 0.2111093 0.2182099 0.2186560 0.2133210 0.2173187 0.2014544 0.2204427 0.2097854 0.2023270 0.2023270 0.2213377 0.2089041 
taxon_2    0.1177828 0.0000000 0.1084804 0.1107952 0.1100228 0.1232630 0.0989115 0.1138928 0.1080952 0.1046381 0.0432218 0.1104089 0.1623742 0.1690262 0.1644466 0.1594825 0.1774249 0.1623742 0.1359416 0.1816598 0.1669411 0.1770027 0.1799630 0.1347438 0.1897726 0.1566018 0.1557808 0.1906317 0.1644466 0.1812352 0.1744746 0.1582465 0.1311620 0.1594825 0.1574237 0.1279924 0.1520973 0.1677744 0.1640317 0.1656928 0.1706984 0.1636170 0.1694439 0.1553706 0.1715359 0.1590703 0.1496516 0.1516891 0.1698618 0.1574237 
taxon_3    0.1627883 0.1084804 0.0000000 0.0734853 0.0749573 0.1170032 0.0951178 0.1111817 0.1054050 0.0992919 0.0727504 0.1545509 0.2106677 0.2191023 0.2124356 0.2067053 0.2249284 0.2111093 0.1782700 0.2204427 0.2067053 0.2199957 0.2217856 0.1757376 0.2267302 0.1979741 0.1975402 0.2326161 0.2071445 0.2258288 0.2182099 0.1997122 0.1748954 0.2075840 0.2032006 0.1727940 0.1971066 0.2142076 0.2058276 0.2155393 0.2195488 0.2111093 0.2173187 0.2018906 0.2124356 0.2010185 0.1897726 0.1966732 0.2137642 0.1966732 
taxon_4    0.1636170 0.1107952 0.0734853 0.0000000 0.0351440 0.1224777 0.0970122 0.1142809 0.1069411 0.1034893 0.0760633 0.1578350 0.2128782 0.2240291 0.2177642 0.2124356 0.2276327 0.2128782 0.1846385 0.2280844 0.2146512 0.2249284 0.2285363 0.1816598 0.2335258 0.2058276 0.2053891 0.2394655 0.2146512 0.2298938 0.2231309 0.2097854 0.1825097 0.2150951 0.2093446 0.1786929 0.2053891 0.2186560 0.2097854 0.2195488 0.2231309 0.2177642 0.2217856 0.2062663 0.2217856 0.2089041 0.1988427 0.2040753 0.2217856 0.2036378 
taxon_5    0.1644466 0.1100228 0.0749573 0.0351440 0.0000000 0.1201266 0.0951178 0.1150577 0.1061727 0.1034893 0.0764323 0.1566018 0.2093446 0.2195488 0.2142076 0.2089041 0.2235799 0.2097854 0.1837863 0.2267302 0.2133210 0.2249284 0.2298938 0.1786929 0.2330708 0.2045130 0.2040753 0.2344365 0.2119932 0.2271813 0.2222338 0.2062663 0.1791160 0.2111093 0.2062663 0.1761591 0.2023270 0.2173187 0.2102264 0.2142076 0.2204427 0.2146512 0.2195488 0.2032006 0.2186560 0.2080238 0.1971066 0.2018906 0.2199957 0.2010185 
taxon_6    0.1812352 0.1232630 0.1170032 0.1224777 0.1201266 0.0000000 0.1088657 0.1236560 0.1181729 0.1146691 0.0905907 0.1719550 0.2249284 0.2344365 0.2280844 0.2226822 0.2422228 0.2280844 0.1945099 0.2408429 0.2276327 0.2394655 0.2449904 0.1962400 0.2500908 0.2213377 0.2204427 0.2500908 0.2262793 0.2408429 0.2348923 0.2155393 0.1940780 0.2217856 0.2182099 0.1889145 0.2133210 0.2312537 0.2226822 0.2303468 0.2385486 0.2303468 0.2353484 0.2119932 0.2330708 0.2186560 0.2102264 0.2133210 0.2298938 0.2168734 
taxon_7    0.1545509 0.0989115 0.0951178 0.0970122 0.0951178 0.1088657 0.0000000 0.0905907 0.0845966 0.0812459 0.0654404 0.1439759 0.2014544 0.2106677 0.2045130 0.1997122 0.2159838 0.2027637 0.1673576 0.2097854 0.1966732 0.2084638 0.2128782 0.1673576 0.2231309 0.1910616 0.1906317 0.2267302 0.1975402 0.2146512 0.2040753 0.1906317 0.1661087 0.1923529 0.1923529 0.1611335 0.1846385 0.2010185 0.1949421 0.2023270 0.2040753 0.1979741 0.2053891 0.1897726 0.2062663 0.1940780 0.1837863 0.1872012 0.1997122 0.1906317 
taxon_8    0.1665248 0.1138928 0.1111817 0.1142809 0.1150577 0.1236560 0.0905907 0.0000000 0.0753258 0.0698178 0.0793908 0.1611335 0.2142076 0.2231309 0.2164285 0.2115511 0.2326161 0.2173187 0.1854918 0.2289886 0.2142076 0.2258288 0.2303468 0.1833605 0.2358047 0.2067053 0.2062663 0.2449904 0.2186560 0.2294410 0.2235799 0.2080238 0.1837863 0.2106677 0.2084638 0.1803868 0.2023270 0.2146512 0.2111093 0.2213377 0.2244786 0.2173187 0.2226822 0.2058276 0.2235799 0.2119932 0.2005828 0.2045130 0.2208901 0.2062663 
taxon_9    0.1656928 0.1080952 0.1054050 0.1069411 0.1061727 0.1181729 0.0845966 0.0753258 0.0000000 0.0610883 0.0756944 0.1557808 0.2067053 0.2173187 0.2111093 0.2067053 0.2276327 0.2133210 0.1774249 0.2226822 0.2053891 0.2204427 0.2258288 0.1774249 0.2303468 0.1988427 0.1984083 0.2371754 0.2111093 0.2222338 0.2177642 0.2023270 0.1770027 0.2093446 0.2049509 0.1757376 0.1975402 0.2133210 0.2058276 0.2173187 0.2173187 0.2119932 0.2173187 0.2023270 0.2146512 0.2067053 0.1945099 0.1966732 0.2159838 0.2018906 
taxon_10   0.1611335 0.1046381 0.0992919 0.1034893 0.1034893 0.1146691 0.0812459 0.0698178 0.0610883 0.0000000 0.0705499 0.1537322 0.2075840 0.2168734 0.2106677 0.2062663 0.2244786 0.2111093 0.1770027 0.2191023 0.2053891 0.2208901 0.2249284 0.1757376 0.2276327 0.1975402 0.1971066 0.2376329 0.2084638 0.2204427 0.2150951 0.2014544 0.1757376 0.2049509 0.2005828 0.1732138 0.1958071 0.2119932 0.2045130 0.2146512 0.2182099 0.2102264 0.2168734 0.1979741 0.2102264 0.2032006 0.1906317 0.1958071 0.2142076 0.1997122 
taxon_11   0.0996725 0.0432218 0.0727504 0.0760633 0.0764323 0.0905907 0.0654404 0.0793908 0.0756944 0.0705499 0.0000000 0.0913433 0.1455932 0.1520973 0.1468084 0.1415566 0.1582465 0.1455932 0.1166137 0.1607204 0.1476197 0.1607204 0.1632025 0.1142809 0.1686087 0.1367412 0.1363413 0.1715359 0.1472139 0.1607204 0.1549607 0.1403498 0.1138928 0.1423622 0.1391450 0.1096369 0.1327518 0.1480256 0.1431686 0.1492448 0.1520973 0.1464031 0.1525057 0.1375416 0.1500587 0.1383429 0.1283878 0.1315591 0.1488382 0.1351429 
taxon_12   0.1582465 0.1104089 0.1545509 0.1578350 0.1566018 0.1719550 0.1439759 0.1611335 0.1557808 0.1537322 0.0913433 0.0000000 0.1492448 0.1557808 0.1516891 0.1464031 0.1574237 0.1476197 0.1260182 0.1611335 0.1496516 0.1615469 0.1661087 0.1197354 0.1723744 0.1427653 0.1435722 0.1761591 0.1545509 0.1681914 0.1574237 0.1468084 0.1197354 0.1484318 0.1472139 0.1146691 0.1375416 0.1516891 0.1464031 0.1574237 0.1607204 0.1545509 0.1607204 0.1480256 0.1594825 0.1468084 0.1395464 0.1379421 0.1541414 0.1415566 
taxon_13   0.2155393 0.1623742 0.2106677 0.2128782 0.2093446 0.2249284 0.2014544 0.2142076 0.2067053 0.2075840 0.1455932 0.1492448 0.0000000 0.0351440 0.0299224 0.0247368 0.0805033 0.0734853 0.1694439 0.2106677 0.2001474 0.2080238 0.2128782 0.1706984 0.2204427 0.1889145 0.1889145 0.2231309 0.2018906 0.2159838 0.2045130 0.1945099 0.1665248 0.1988427 0.1962400 0.1652772 0.1910616 0.2032006 0.1945099 0.2040753 0.2102264 0.2014544 0.2084638 0.1919222 0.2080238 0.1927838 0.1889145 0.1906317 0.2058276 0.1889145 
taxon_14   0.2235799 0.1690262 0.2191023 0.2240291 0.2195488 0.2344365 0.2106677 0.2231309 0.2173187 0.2168734 0.1520973 0.1557808 0.0351440 0.0000000 0.0209567 0.0212996 0.0879624 0.0805033 0.1770027 0.2168734 0.2075840 0.2159838 0.2186560 0.1774249 0.2289886 0.1962400 0.1966732 0.2308002 0.2097854 0.2262793 0.2146512 0.2067053 0.1774249 0.2062663 0.2053891 0.1732138 0.1979741 0.2102264 0.2023270 0.2084638 0.2159838 0.2071445 0.2133210 0.1971066 0.2137642 0.1997122 0.1958071 0.1966732 0.2119932 0.1979741 
taxon_15   0.2173187 0.1644466 0.2124356 0.2177642 0.2142076 0.2280844 0.2045130 0.2164285 0.2111093 0.2106677 0.1468084 0.1516891 0.0299224 0.0209567 0.0000000 0.0158326 0.0816175 0.0756944 0.1732138 0.2159838 0.2053891 0.2128782 0.2168734 0.1732138 0.2244786 0.1910616 0.1906317 0.2267302 0.2053891 0.2213377 0.2115511 0.2010185 0.1723744 0.2023270 0.2014544 0.1681914 0.1923529 0.2080238 0.1984083 0.2075840 0.2142076 0.2045130 0.2119932 0.1945099 0.2097854 0.1966732 0.1919222 0.1932149 0.2080238 0.1945099 
taxon_16   0.2111093 0.1594825 0.2067053 0.2124356 0.2089041 0.2226822 0.1997122 0.2115511 0.2067053 0.2062663 0.1415566 0.1464031 0.0247368 0.0212996 0.0158326 0.0000000 0.0782800 0.0716493 0.1681914 0.2089041 0.1979741 0.2067053 0.2102264 0.1669411 0.2182099 0.1846385 0.1850650 0.2186560 0.1979741 0.2155393 0.2049509 0.1945099 0.1656928 0.1949421 0.1940780 0.1615469 0.1859188 0.2001474 0.1902020 0.2027637 0.2075840 0.2001474 0.2049509 0.1884858 0.2040753 0.1906317 0.1850650 0.1867735 0.2014544 0.1876291 
taxon_17   0.2285363 0.1774249 0.2249284 0.2276327 0.2235799 0.2422228 0.2159838 0.2326161 0.2276327 0.2244786 0.1582465 0.1574237 0.0805033 0.0879624 0.0816175 0.0782800 0.0000000 0.0582009 0.1825097 0.2280844 0.2164285 0.2240291 0.2262793 0.1816598 0.2308002 0.2005828 0.2010185 0.2317076 0.2128782 0.2312537 0.2195488 0.2111093 0.1803868 0.2119932 0.2115511 0.1770027 0.2001474 0.2159838 0.2045130 0.2142076 0.2208901 0.2115511 0.2191023 0.2036378 0.2159838 0.2014544 0.1962400 0.2001474 0.2146512 0.2040753 
taxon_18   0.2146512 0.1623742 0.2111093 0.2128782 0.2097854 0.2280844 0.2027637 0.2173187 0.2133210 0.2111093 0.1455932 0.1476197 0.0734853 0.0805033 0.0756944 0.0716493 0.0582009 0.0000000 0.1723744 0.2159838 0.2049509 0.2115511 0.2164285 0.1694439 0.2204427 0.1880573 0.1876291 0.2244786 0.2014544 0.2186560 0.2062663 0.1997122 0.1681914 0.2005828 0.1992773 0.1656928 0.1910616 0.2062663 0.1936464 0.2045130 0.2111093 0.2036378 0.2115511 0.1923529 0.2062663 0.1940780 0.1872012 0.1889145 0.2058276 0.1932149 
taxon_19   0.1850650 0.1359416 0.1782700 0.1846385 0.1837863 0.1945099 0.1673576 0.1854918 0.1774249 0.1770027 0.1166137 0.1260182 0.1694439 0.1770027 0.1732138 0.1681914 0.1825097 0.1723744 0.0000000 0.1019602 0.0932282 0.1046381 0.1073256 0.1000533 0.1500587 0.1209094 0.1209094 0.1525057 0.1275971 0.1492448 0.1443799 0.1307650 0.1023422 0.1244425 0.1252299 0.0951178 0.1228702 0.1367412 0.1291794 0.1480256 0.1533231 0.1488382 0.1537322 0.1407519 0.1533231 0.1439759 0.1359416 0.1347438 0.1516891 0.1399480 
taxon_20   0.2280844 0.1816598 0.2204427 0.2280844 0.2267302 0.2408429 0.2097854 0.2289886 0.2226822 0.2191023 0.1607204 0.1611335 0.2106677 0.2168734 0.2159838 0.2089041 0.2280844 0.2159838 0.1019602 0.0000000 0.0528168 0.0985312 0.0985312 0.1455932 0.1932149 0.1661087 0.1661087 0.1975402 0.1719550 0.1884858 0.1799630 0.1698618 0.1407519 0.1690262 0.1677744 0.1391450 0.1615469 0.1753164 0.1686087 0.1863460 0.1889145 0.1846385 0.1893434 0.1808109 0.1962400 0.1808109 0.1744746 0.1765808 0.1953745 0.1803868 
taxon_21   0.2159838 0.1669411 0.2067053 0.2146512 0.2133210 0.2276327 0.1966732 0.2142076 0.2053891 0.2053891 0.1476197 0.1496516 0.2001474 0.2075840 0.2053891 0.1979741 0.2164285 0.2049509 0.0932282 0.0528168 0.0000000 0.0868388 0.0853433 0.1351429 0.1808109 0.1557808 0.1557808 0.1854918 0.1615469 0.1786929 0.1711170 0.1590703 0.1303683 0.1582465 0.1586583 0.1275971 0.1520973 0.1681914 0.1611335 0.1761591 0.1820846 0.1774249 0.1816598 0.1694439 0.1854918 0.1723744 0.1648618 0.1661087 0.1825097 0.1698618 
taxon_22   0.2276327 0.1770027 0.2199957 0.2249284 0.2249284 0.2394655 0.2084638 0.2258288 0.2204427 0.2208901 0.1607204 0.1615469 0.2080238 0.2159838 0.2128782 0.2067053 0.2240291 0.2115511 0.1046381 0.0985312 0.0868388 0.0000000 0.0742210 0.1443799 0.1910616 0.1640317 0.1640317 0.1988427 0.1723744 0.1914918 0.1808109 0.1736338 0.1431686 0.1694439 0.1694439 0.1411541 0.1640317 0.1799630 0.1753164 0.1923529 0.1914918 0.1884858 0.1936464 0.1812352 0.1984083 0.1854918 0.1774249 0.1795394 0.1940780 0.1795394 
taxon_23   0.2285363 0.1799630 0.2217856 0.2285363 0.2298938 0.2449904 0.2128782 0.2303468 0.2258288 0.2249284 0.1632025 0.1661087 0.2128782 0.2186560 0.2168734 0.2102264 0.2262793 0.2164285 0.1073256 0.0985312 0.0853433 0.0742210 0.0000000 0.1480256 0.1902020 0.1661087 0.1665248 0.1997122 0.1740541 0.1897726 0.1820846 0.1723744 0.1439759 0.1715359 0.1744746 0.1415566 0.1673576 0.1795394 0.1753164 0.1897726 0.1927838 0.1889145 0.1936464 0.1825097 0.1962400 0.1833605 0.1753164 0.1778473 0.1923529 0.1774249 
taxon_24   0.1842123 0.1347438 0.1757376 0.1816598 0.1786929 0.1962400 0.1673576 0.1833605 0.1774249 0.1757376 0.1142809 0.1197354 0.1706984 0.1774249 0.1732138 0.1669411 0.1816598 0.1694439 0.1000533 0.1455932 0.1351429 0.1443799 0.1480256 0.0000000 0.1023422 0.0779101 0.0786501 0.1111817 0.0842236 0.1459980 0.1427653 0.1272021 0.1004343 0.1295755 0.1272021 0.0939835 0.1173929 0.1319564 0.1268072 0.1468084 0.1525057 0.1464031 0.1520973 0.1399480 0.1541414 0.1415566 0.1319564 0.1363413 0.1520973 0.1399480 
taxon_25   0.2390069 0.1897726 0.2267302 0.2335258 0.2330708 0.2500908 0.2231309 0.2358047 0.2303468 0.2276327 0.1686087 0.1723744 0.2204427 0.2289886 0.2244786 0.2182099 0.2308002 0.2204427 0.1500587 0.1932149 0.1808109 0.1910616 0.1902020 0.1023422 0.0000000 0.0731177 0.0734853 0.1283878 0.1031067 0.1971066 0.1910616 0.1748954 0.1488382 0.1765808 0.1753164 0.1419593 0.1673576 0.1846385 0.1799630 0.1975402 0.2032006 0.1940780 0.2014544 0.1880573 0.2001474 0.1889145 0.1803868 0.1842123 0.2001474 0.1846385 
taxon_26   0.2058276 0.1566018 0.1979741 0.2058276 0.2045130 0.2213377 0.1910616 0.2067053 0.1988427 0.1975402 0.1367412 0.1427653 0.1889145 0.1962400 0.1910616 0.1846385 0.2005828 0.1880573 0.1209094 0.1661087 0.1557808 0.1640317 0.1661087 0.0779101 0.0731177 0.0000000 0.0036750 0.1015785 0.0749573 0.1656928 0.1627883 0.1488382 0.1209094 0.1455932 0.1435722 0.1131172 0.1379421 0.1537322 0.1464031 0.1690262 0.1736338 0.1619604 0.1698618 0.1607204 0.1748954 0.1627883 0.1541414 0.1553706 0.1723744 0.1582465 
taxon_27   0.2053891 0.1557808 0.1975402 0.2053891 0.2040753 0.2204427 0.1906317 0.2062663 0.1984083 0.1971066 0.1363413 0.1435722 0.1889145 0.1966732 0.1906317 0.1850650 0.2010185 0.1876291 0.1209094 0.1661087 0.1557808 0.1640317 0.1665248 0.0786501 0.0734853 0.0036750 0.0000000 0.1015785 0.0749573 0.1656928 0.1619604 0.1488382 0.1209094 0.1455932 0.1443799 0.1131172 0.1383429 0.1541414 0.1468084 0.1690262 0.1736338 0.1619604 0.1698618 0.1603075 0.1740541 0.1627883 0.1541414 0.1549607 0.1723744 0.1582465 
taxon_28   0.2399243 0.1906317 0.2326161 0.2394655 0.2344365 0.2500908 0.2267302 0.2449904 0.2371754 0.2376329 0.1715359 0.1761591 0.2231309 0.2308002 0.2267302 0.2186560 0.2317076 0.2244786 0.1525057 0.1975402 0.1854918 0.1988427 0.1997122 0.1111817 0.1283878 0.1015785 0.1015785 0.0000000 0.1008155 0.1992773 0.1936464 0.1778473 0.1492448 0.1774249 0.1744746 0.1415566 0.1702800 0.1872012 0.1786929 0.1988427 0.2058276 0.1936464 0.2010185 0.1910616 0.2032006 0.1923529 0.1837863 0.1893434 0.2045130 0.1884858 
taxon_29   0.2133210 0.1644466 0.2071445 0.2146512 0.2119932 0.2262793 0.1975402 0.2186560 0.2111093 0.2084638 0.1472139 0.1545509 0.2018906 0.2097854 0.2053891 0.1979741 0.2128782 0.2014544 0.1275971 0.1719550 0.1615469 0.1723744 0.1740541 0.0842236 0.1031067 0.0749573 0.0749573 0.1008155 0.0000000 0.1748954 0.1698618 0.1541414 0.1279924 0.1512812 0.1545509 0.1201266 0.1476197 0.1615469 0.1545509 0.1757376 0.1846385 0.1732138 0.1820846 0.1677744 0.1829350 0.1677744 0.1615469 0.1661087 0.1816598 0.1686087 
taxon_30   0.2335258 0.1812352 0.2258288 0.2298938 0.2271813 0.2408429 0.2146512 0.2294410 0.2222338 0.2204427 0.1607204 0.1681914 0.2159838 0.2262793 0.2213377 0.2155393 0.2312537 0.2186560 0.1492448 0.1884858 0.1786929 0.1914918 0.1897726 0.1459980 0.1971066 0.1656928 0.1656928 0.1992773 0.1748954 0.0000000 0.1272021 0.1127297 0.0838507 0.1541414 0.1537322 0.1185632 0.1443799 0.1594825 0.1553706 0.1923529 0.1975402 0.1910616 0.1958071 0.1820846 0.2014544 0.1867735 0.1795394 0.1795394 0.1953745 0.1837863 
taxon_31   0.2276327 0.1744746 0.2182099 0.2231309 0.2222338 0.2348923 0.2040753 0.2235799 0.2177642 0.2150951 0.1549607 0.1574237 0.2045130 0.2146512 0.2115511 0.2049509 0.2195488 0.2062663 0.1443799 0.1799630 0.1711170 0.1808109 0.1820846 0.1427653 0.1910616 0.1627883 0.1619604 0.1936464 0.1698618 0.1272021 0.0000000 0.1057887 0.0760633 0.1480256 0.1488382 0.1138928 0.1399480 0.1533231 0.1492448 0.1825097 0.1919222 0.1837863 0.1893434 0.1736338 0.1914918 0.1782700 0.1732138 0.1736338 0.1897726 0.1795394 
taxon_32   0.2067053 0.1582465 0.1997122 0.2097854 0.2062663 0.2155393 0.1906317 0.2080238 0.2023270 0.2014544 0.1403498 0.1468084 0.1945099 0.2067053 0.2010185 0.1945099 0.2111093 0.1997122 0.1307650 0.1698618 0.1590703 0.1736338 0.1723744 0.1272021 0.1748954 0.1488382 0.1488382 0.1778473 0.1541414 0.1127297 0.1057887 0.0000000 0.0485372 0.1315591 0.1331498 0.0996725 0.1268072 0.1403498 0.1335480 0.1694439 0.1744746 0.1677744 0.1723744 0.1598949 0.1770027 0.1623742 0.1566018 0.1598949 0.1744746 0.1619604 
taxon_33   0.1803868 0.1311620 0.1748954 0.1825097 0.1791160 0.1940780 0.1661087 0.1837863 0.1770027 0.1757376 0.1138928 0.1197354 0.1665248 0.1774249 0.1723744 0.1656928 0.1803868 0.1681914 0.1023422 0.1407519 0.1303683 0.1431686 0.1439759 0.1004343 0.1488382 0.1209094 0.1209094 0.1492448 0.1279924 0.0838507 0.0760633 0.0485372 0.0000000 0.1050215 0.1061727 0.0709162 0.0985312 0.1111817 0.1046381 0.1435722 0.1496516 0.1403498 0.1476197 0.1335480 0.1529143 0.1395464 0.1315591 0.1335480 0.1492448 0.1375416 
taxon_34   0.2058276 0.1594825 0.2075840 0.2150951 0.2111093 0.2217856 0.1923529 0.2106677 0.2093446 0.2049509 0.1423622 0.1484318 0.1988427 0.2062663 0.2023270 0.1949421 0.2119932 0.2005828 0.1244425 0.1690262 0.1582465 0.1694439 0.1715359 0.1295755 0.1765808 0.1455932 0.1455932 0.1774249 0.1512812 0.1541414 0.1480256 0.1315591 0.1050215 0.0000000 0.0425160 0.0756944 0.1236560 0.1359416 0.1323540 0.1736338 0.1761591 0.1702800 0.1770027 0.1644466 0.1765808 0.1661087 0.1574237 0.1619604 0.1770027 0.1656928 
taxon_35   0.2067053 0.1574237 0.2032006 0.2093446 0.2062663 0.2182099 0.1923529 0.2084638 0.2049509 0.2005828 0.1391450 0.1472139 0.1962400 0.2053891 0.2014544 0.1940780 0.2115511 0.1992773 0.1252299 0.1677744 0.1586583 0.1694439 0.1744746 0.1272021 0.1753164 0.1435722 0.1443799 0.1744746 0.1545509 0.1537322 0.1488382 0.1331498 0.1061727 0.0425160 0.0000000 0.0760633 0.1256240 0.1371413 0.1339464 0.1748954 0.1782700 0.1690262 0.1765808 0.1648618 0.1774249 0.1669411 0.1590703 0.1623742 0.1774249 0.1640317 
taxon_36   0.1748954 0.1279924 0.1727940 0.1786929 0.1761591 0.1889145 0.1611335 0.1803868 0.1757376 0.1732138 0.1096369 0.1146691 0.1652772 0.1732138 0.1681914 0.1615469 0.1770027 0.1656928 0.0951178 0.1391450 0.1275971 0.1411541 0.1415566 0.0939835 0.1419593 0.1131172 0.1131172 0.1415566 0.1201266 0.1185632 0.1138928 0.0996725 0.0709162 0.0756944 0.0760633 0.0000000 0.0875876 0.1027244 0.0981512 0.1407519 0.1459980 0.1363413 0.1419593 0.1327518 0.1427653 0.1323540 0.1248361 0.1275971 0.1431686 0.1323540 
taxon_37   0.2005828 0.1520973 0.1971066 0.2053891 0.2023270 0.2133210 0.1846385 0.2023270 0.1975402 0.1958071 0.1327518 0.1375416 0.1910616 0.1979741 0.1923529 0.1859188 0.2001474 0.1910616 0.1228702 0.1615469 0.1520973 0.1640317 0.1673576 0.1173929 0.1673576 0.1379421 0.1383429 0.1702800 0.1476197 0.1443799 0.1399480 0.1268072 0.0985312 0.1236560 0.1256240 0.0875876 0.0000000 0.1131172 0.1088657 0.1623742 0.1686087 0.1607204 0.1690262 0.1594825 0.1702800 0.1590703 0.1520973 0.1525057 0.1698618 0.1578350 
taxon_38   0.2159838 0.1677744 0.2142076 0.2186560 0.2173187 0.2312537 0.2010185 0.2146512 0.2133210 0.2119932 0.1480256 0.1516891 0.2032006 0.2102264 0.2080238 0.2001474 0.2159838 0.2062663 0.1367412 0.1753164 0.1681914 0.1799630 0.1795394 0.1319564 0.1846385 0.1537322 0.1541414 0.1872012 0.1615469 0.1594825 0.1533231 0.1403498 0.1111817 0.1359416 0.1371413 0.1027244 0.1131172 0.0000000 0.0779101 0.1774249 0.1820846 0.1748954 0.1829350 0.1702800 0.1876291 0.1732138 0.1656928 0.1681914 0.1854918 0.1706984 
taxon_39   0.2111093 0.1640317 0.2058276 0.2097854 0.2102264 0.2226822 0.1949421 0.2111093 0.2058276 0.2045130 0.1431686 0.1464031 0.1945099 0.2023270 0.1984083 0.1902020 0.2045130 0.1936464 0.1291794 0.1686087 0.1611335 0.1753164 0.1753164 0.1268072 0.1799630 0.1464031 0.1468084 0.1786929 0.1545509 0.1553706 0.1492448 0.1335480 0.1046381 0.1323540 0.1339464 0.0981512 0.1088657 0.0779101 0.0000000 0.1681914 0.1753164 0.1686087 0.1732138 0.1640317 0.1808109 0.1677744 0.1607204 0.1603075 0.1765808 0.1648618 
taxon_40   0.2182099 0.1656928 0.2155393 0.2195488 0.2142076 0.2303468 0.2023270 0.2213377 0.2173187 0.2146512 0.1492448 0.1574237 0.2040753 0.2084638 0.2075840 0.2027637 0.2142076 0.2045130 0.1480256 0.1863460 0.1761591 0.1923529 0.1897726 0.1468084 0.1975402 0.1690262 0.1690262 0.1988427 0.1757376 0.1923529 0.1825097 0.1694439 0.1435722 0.1736338 0.1748954 0.1407519 0.1623742 0.1774249 0.1681914 0.0000000 0.1287835 0.1205179 0.1260182 0.1590703 0.1748954 0.1619604 0.1561912 0.1533231 0.1757376 0.1623742 
taxon_41   0.2186560 0.1706984 0.2195488 0.2231309 0.2204427 0.2385486 0.2040753 0.2244786 0.2173187 0.2182099 0.1520973 0.1607204 0.2102264 0.2159838 0.2142076 0.2075840 0.2208901 0.2111093 0.1533231 0.1889145 0.1820846 0.1914918 0.1927838 0.1525057 0.2032006 0.1736338 0.1736338 0.2058276 0.1846385 0.1975402 0.1919222 0.1744746 0.1496516 0.1761591 0.1782700 0.1459980 0.1686087 0.1820846 0.1753164 0.1287835 0.0000000 0.0849698 0.0879624 0.1640317 0.1833605 0.1686087 0.1611335 0.1640317 0.1765808 0.1673576 
taxon_42   0.2133210 0.1636170 0.2111093 0.2177642 0.2146512 0.2303468 0.1979741 0.2173187 0.2119932 0.2102264 0.1464031 0.1545509 0.2014544 0.2071445 0.2045130 0.2001474 0.2115511 0.2036378 0.1488382 0.1846385 0.1774249 0.1884858 0.1889145 0.1464031 0.1940780 0.1619604 0.1619604 0.1936464 0.1732138 0.1910616 0.1837863 0.1677744 0.1403498 0.1702800 0.1690262 0.1363413 0.1607204 0.1748954 0.1686087 0.1205179 0.0849698 0.0000000 0.0603654 0.1578350 0.1770027 0.1611335 0.1549607 0.1570127 0.1748954 0.1607204 
taxon_43   0.2173187 0.1694439 0.2173187 0.2217856 0.2195488 0.2353484 0.2053891 0.2226822 0.2173187 0.2168734 0.1525057 0.1607204 0.2084638 0.2133210 0.2119932 0.2049509 0.2191023 0.2115511 0.1537322 0.1893434 0.1816598 0.1936464 0.1936464 0.1520973 0.2014544 0.1698618 0.1698618 0.2010185 0.1820846 0.1958071 0.1893434 0.1723744 0.1476197 0.1770027 0.1765808 0.1419593 0.1690262 0.1829350 0.1732138 0.1260182 0.0879624 0.0603654 0.0000000 0.1648618 0.1825097 0.1665248 0.1603075 0.1619604 0.1786929 0.1644466 
taxon_44   0.2014544 0.1553706 0.2018906 0.2062663 0.2032006 0.2119932 0.1897726 0.2058276 0.2023270 0.1979741 0.1375416 0.1480256 0.1919222 0.1971066 0.1945099 0.1884858 0.2036378 0.1923529 0.1407519 0.1808109 0.1694439 0.1812352 0.1825097 0.1399480 0.1880573 0.1607204 0.1603075 0.1910616 0.1677744 0.1820846 0.1736338 0.1598949 0.1335480 0.1644466 0.1648618 0.1327518 0.1594825 0.1702800 0.1640317 0.1590703 0.1640317 0.1578350 0.1648618 0.0000000 0.1545509 0.1423622 0.1359416 0.1359416 0.1529143 0.1391450 
taxon_45   0.2204427 0.1715359 0.2124356 0.2217856 0.2186560 0.2330708 0.2062663 0.2235799 0.2146512 0.2102264 0.1500587 0.1594825 0.2080238 0.2137642 0.2097854 0.2040753 0.2159838 0.2062663 0.1533231 0.1962400 0.1854918 0.1984083 0.1962400 0.1541414 0.2001474 0.1748954 0.1740541 0.2032006 0.1829350 0.2014544 0.1914918 0.1770027 0.1529143 0.1765808 0.1774249 0.1427653 0.1702800 0.1876291 0.1808109 0.1748954 0.1833605 0.1770027 0.1825097 0.1545509 0.0000000 0.0639869 0.0553246 0.0985312 0.1115684 0.1034893 
taxon_46   0.2097854 0.1590703 0.2010185 0.2089041 0.2080238 0.2186560 0.1940780 0.2119932 0.2067053 0.2032006 0.1383429 0.1468084 0.1927838 0.1997122 0.1966732 0.1906317 0.2014544 0.1940780 0.1439759 0.1808109 0.1723744 0.1854918 0.1833605 0.1415566 0.1889145 0.1627883 0.1627883 0.1923529 0.1677744 0.1867735 0.1782700 0.1623742 0.1395464 0.1661087 0.1669411 0.1323540 0.1590703 0.1732138 0.1677744 0.1619604 0.1686087 0.1611335 0.1665248 0.1423622 0.0639869 0.0000000 0.0344457 0.0849698 0.0985312 0.0890876 
taxon_47   0.2023270 0.1496516 0.1897726 0.1988427 0.1971066 0.2102264 0.1837863 0.2005828 0.1945099 0.1906317 0.1283878 0.1395464 0.1889145 0.1958071 0.1919222 0.1850650 0.1962400 0.1872012 0.1359416 0.1744746 0.1648618 0.1774249 0.1753164 0.1319564 0.1803868 0.1541414 0.1541414 0.1837863 0.1615469 0.1795394 0.1732138 0.1566018 0.1315591 0.1574237 0.1590703 0.1248361 0.1520973 0.1656928 0.1607204 0.1561912 0.1611335 0.1549607 0.1603075 0.1359416 0.0553246 0.0344457 0.0000000 0.0771708 0.0920967 0.0801323 
taxon_48   0.2023270 0.1516891 0.1966732 0.2040753 0.2018906 0.2133210 0.1872012 0.2045130 0.1966732 0.1958071 0.1315591 0.1379421 0.1906317 0.1966732 0.1932149 0.1867735 0.2001474 0.1889145 0.1347438 0.1765808 0.1661087 0.1795394 0.1778473 0.1363413 0.1842123 0.1553706 0.1549607 0.1893434 0.1661087 0.1795394 0.1736338 0.1598949 0.1335480 0.1619604 0.1623742 0.1275971 0.1525057 0.1681914 0.1603075 0.1533231 0.1640317 0.1570127 0.1619604 0.1359416 0.0985312 0.0849698 0.0771708 0.0000000 0.0924737 0.0827333 
taxon_49   0.2213377 0.1698618 0.2137642 0.2217856 0.2199957 0.2298938 0.1997122 0.2208901 0.2159838 0.2142076 0.1488382 0.1541414 0.2058276 0.2119932 0.2080238 0.2014544 0.2146512 0.2058276 0.1516891 0.1953745 0.1825097 0.1940780 0.1923529 0.1520973 0.2001474 0.1723744 0.1723744 0.2045130 0.1816598 0.1953745 0.1897726 0.1744746 0.1492448 0.1770027 0.1774249 0.1431686 0.1698618 0.1854918 0.1765808 0.1757376 0.1765808 0.1748954 0.1786929 0.1529143 0.1115684 0.0985312 0.0920967 0.0924737 0.0000000 0.0823611 
taxon_50   0.2089041 0.1574237 0.1966732 0.2036378 0.2010185 0.2168734 0.1906317 0.2062663 0.2018906 0.1997122 0.1351429 0.1415566 0.1889145 0.1979741 0.1945099 0.1876291 0.2040753 0.1932149 0.1399480 0.1803868 0.1698618 0.1795394 0.1774249 0.1399480 0.1846385 0.1582465 0.1582465 0.1884858 0.1686087 0.1837863 0.1795394 0.1619604 0.1375416 0.1656928 0.1640317 0.1323540 0.1578350 0.1706984 0.1648618 0.1623742 0.1673576 0.1607204 0.1644466 0.1391450 0.1034893 0.0890876 0.0801323 0.0827333 0.0823611 0.0000000 
