RF=0.000000
WRF=0.209608
