RF=0.021277
WRF=0.199772
