30
taxon_1    0.0000000 1.2070784 2.6238455 9.0000000 2.8262852 2.5769552 2.5769552 9.0000000 2.2029825 3.8149659 3.2023950 9.0000000 9.0000000 3.6091383 9.0000000 2.1497057 2.2122419 2.2311108 9.0000000 3.2023950 2.9159441 4.8162167 2.9401397 9.0000000 9.0000000 2.3224397 3.1682983 2.9651421 9.0000000 9.0000000 
taxon_2    1.2070784 0.0000000 9.0000000 2.1670475 2.1327558 3.2756239 1.9612198 2.7091647 3.0455762 9.0000000 4.0995831 2.4645960 2.8477153 2.5186735 3.0455762 3.7399033 3.1682983 3.3567841 1.9883721 4.8162167 4.8162167 2.3333094 3.3151067 9.0000000 2.4645960 3.2023950 2.3011617 3.6716745 2.7654411 2.6078875 
taxon_3    2.6238455 9.0000000 0.0000000 1.8732530 1.5506106 1.5861436 1.5429379 9.0000000 2.7851791 2.8925047 2.4389525 9.0000000 3.6716745 9.0000000 3.6091383 2.2703354 2.3784358 2.3668971 9.0000000 2.4777543 2.4020598 3.7399033 2.5922619 2.6738640 4.0995831 2.9910067 5.1993359 2.5619547 9.0000000 9.0000000 
taxon_4    9.0000000 2.1670475 1.8732530 0.0000000 1.1760230 1.5983721 1.1306234 2.7091647 9.0000000 9.0000000 9.0000000 2.4911475 2.7274583 2.6738640 2.5472484 9.0000000 9.0000000 3.2381161 2.3443391 3.5514175 9.0000000 2.3333094 4.0995831 9.0000000 3.2381161 9.0000000 2.6078875 3.8983851 2.4141569 2.2311108 
taxon_5    2.8262852 2.1327558 1.5506106 1.1760230 0.0000000 0.9058305 0.6102126 2.5328249 9.0000000 9.0000000 9.0000000 2.4645960 2.3224397 2.6568179 3.2756239 2.7851791 9.0000000 9.0000000 2.6738640 9.0000000 9.0000000 2.4645960 9.0000000 9.0000000 3.3567841 9.0000000 2.7091647 9.0000000 2.4911475 2.3901548 
taxon_6    2.5769552 3.2756239 1.5861436 1.5983721 0.9058305 0.0000000 0.5418880 2.9651421 3.2023950 3.4978233 3.2023950 3.4009145 9.0000000 9.0000000 9.0000000 2.1327558 2.4645960 2.4264522 3.8149659 2.7091647 2.7091647 3.8149659 2.8925047 3.8149659 9.0000000 2.7851791 9.0000000 3.4478047 9.0000000 4.0995831 
taxon_7    2.5769552 1.9612198 1.5429379 1.1306234 0.6102126 0.5418880 0.0000000 2.6738640 9.0000000 9.0000000 9.0000000 2.0383907 2.3117252 2.5328249 2.7274583 2.5047842 9.0000000 3.7399033 2.5186735 9.0000000 9.0000000 3.2756239 3.2381161 9.0000000 2.7462092 4.2248737 2.4020598 4.8162167 2.6238455 2.2407263 
taxon_8    9.0000000 2.7091647 9.0000000 2.7091647 2.5328249 2.9651421 2.6738640 0.0000000 3.8983851 9.0000000 9.0000000 2.8054506 2.9401397 2.3555333 2.4777543 3.4478047 3.1356844 2.9910067 2.3224397 3.7399033 9.0000000 2.8477153 3.9922575 3.8983851 2.4516647 2.5922619 2.1938360 9.0000000 2.4141569 2.3555333 
taxon_9    2.2029825 3.0455762 2.7851791 9.0000000 9.0000000 3.2023950 9.0000000 3.8983851 0.0000000 2.0237560 2.1497057 2.5047842 2.5769552 2.7654411 2.4264522 1.8107168 1.7330613 1.9883721 2.0999637 1.8732530 2.1938360 2.4141569 2.1411828 2.0458165 2.1938360 1.9159475 1.9480036 1.9414819 2.3901548 2.3117252 
taxon_10   3.8149659 9.0000000 2.8925047 9.0000000 9.0000000 3.4978233 9.0000000 9.0000000 2.0237560 0.0000000 0.7292265 6.0232951 4.5638625 9.0000000 3.9922575 2.1670475 2.1938360 2.4911475 2.6913067 2.3333094 2.3224397 9.0000000 2.1244224 3.0177952 3.3151067 2.1497057 2.7274583 2.3784358 2.7091647 2.7654411 
taxon_11   3.2023950 4.0995831 2.4389525 9.0000000 9.0000000 3.2023950 9.0000000 9.0000000 2.1497057 0.7292265 0.0000000 3.0177952 5.1993359 3.3567841 2.8925047 2.0094015 1.9883721 2.3224397 2.3784358 2.1670475 2.0608923 2.7851791 2.1583264 2.9401397 9.0000000 2.2804707 2.9910067 2.1244224 2.4264522 2.7274583 
taxon_12   9.0000000 2.4645960 9.0000000 2.4911475 2.4645960 3.4009145 2.0383907 2.8054506 2.5047842 6.0232951 3.0177952 0.0000000 1.2268489 1.1484549 2.0310377 1.9414819 2.1411828 2.6401505 1.9096974 2.1670475 3.4009145 1.9883721 2.6913067 3.0177952 2.4777543 3.0177952 2.0023260 2.2907448 2.0237560 1.8732530 
taxon_13   9.0000000 2.8477153 3.6716745 2.7274583 2.3224397 9.0000000 2.3117252 2.9401397 2.5769552 4.5638625 5.1993359 1.2268489 0.0000000 1.0754359 2.6401505 3.1682983 2.7274583 3.4478047 1.9414819 2.4645960 2.4141569 2.0533165 2.1938360 3.7399033 2.7274583 2.9910067 2.0458165 3.5514175 2.1670475 2.0237560 
taxon_14   3.6091383 2.5186735 9.0000000 2.6738640 2.6568179 9.0000000 2.5328249 2.3555333 2.7654411 9.0000000 3.3567841 1.1484549 1.0754359 0.0000000 2.4516647 2.2907448 3.1682983 3.4478047 1.9746731 2.3011617 2.5769552 2.0533165 2.6568179 3.1682983 2.1327558 3.1356844 1.9679163 2.5769552 2.3011617 2.1497057 
taxon_15   9.0000000 3.0455762 3.6091383 2.5472484 3.2756239 9.0000000 2.7274583 2.4777543 2.4264522 3.9922575 2.8925047 2.0310377 2.6401505 2.4516647 0.0000000 0.8785840 1.4737141 1.7232892 1.3608406 2.8054506 2.5472484 1.8792054 3.8983851 4.5638625 2.1583264 2.7091647 1.8499048 3.8149659 2.1327558 1.8161913 
taxon_16   2.1497057 3.7399033 2.2703354 9.0000000 2.7851791 2.1327558 2.5047842 3.4478047 1.8107168 2.1670475 2.0094015 1.9414819 3.1682983 2.2907448 0.8785840 0.0000000 0.8166776 1.1830764 1.0183217 1.8272616 2.1411828 1.9159475 2.2216170 2.3333094 2.3011617 1.8499048 2.0165444 2.0165444 2.1758711 1.9350163 
taxon_17   2.2122419 3.1682983 2.3784358 9.0000000 9.0000000 2.4645960 9.0000000 3.1356844 1.7330613 2.1938360 1.9883721 2.1411828 2.7274583 3.1682983 1.4737141 0.8166776 0.0000000 0.6890496 0.5779032 1.7580636 1.8272616 2.0685455 1.9034991 2.2029825 2.0237560 1.8384978 1.8384978 2.1758711 2.1080283 2.1497057 
taxon_18   2.2311108 3.3567841 2.3668971 3.2381161 9.0000000 2.4264522 3.7399033 2.9910067 1.9883721 2.4911475 2.3224397 2.6401505 3.4478047 3.4478047 1.7232892 1.1830764 0.6890496 0.0000000 0.7151716 2.0999637 2.4911475 2.6568179 1.9159475 2.2504667 2.3117252 1.8384978 2.1497057 2.2216170 2.6913067 2.7654411 
taxon_19   9.0000000 1.9883721 9.0000000 2.3443391 2.6738640 3.8149659 2.5186735 2.3224397 2.0999637 2.6913067 2.3784358 1.9096974 1.9414819 1.9746731 1.3608406 1.0183217 0.5779032 0.7151716 0.0000000 2.2703354 2.2029825 1.8973515 2.5328249 2.7274583 1.8556741 2.4141569 1.5544766 2.3901548 1.9159475 1.8673475 
taxon_20   3.2023950 4.8162167 2.4777543 3.5514175 9.0000000 2.7091647 9.0000000 3.7399033 1.8732530 2.3333094 2.1670475 2.1670475 2.4645960 2.3011617 2.8054506 1.8272616 1.7580636 2.0999637 2.2703354 0.0000000 0.8137846 0.5299277 1.6717064 1.9814913 2.0023260 1.5942737 1.8272616 1.9096974 2.1244224 1.9034991 
taxon_21   2.9159441 4.8162167 2.4020598 9.0000000 9.0000000 2.7091647 9.0000000 9.0000000 2.1938360 2.3224397 2.0608923 3.4009145 2.4141569 2.5769552 2.5472484 2.1411828 1.8272616 2.4911475 2.2029825 0.8137846 0.0000000 0.8166776 2.0237560 2.2907448 2.6401505 1.9545826 2.2029825 2.1583264 2.5047842 2.9651421 
taxon_22   4.8162167 2.3333094 3.7399033 2.3333094 2.4645960 3.8149659 3.2756239 2.8477153 2.4141569 9.0000000 2.7851791 1.9883721 2.0533165 2.0533165 1.8792054 1.9159475 2.0685455 2.6568179 1.8973515 0.5299277 0.8166776 0.0000000 2.5619547 2.4777543 1.9746731 2.0165444 1.7734751 2.3784358 1.7631657 1.7683027 
taxon_23   2.9401397 3.3151067 2.5922619 4.0995831 9.0000000 2.8925047 3.2381161 3.9922575 2.1411828 2.1244224 2.1583264 2.6913067 2.1938360 2.6568179 3.8983851 2.2216170 1.9034991 1.9159475 2.5328249 1.6717064 2.0237560 2.5619547 0.0000000 1.5506106 1.4913205 1.2867766 1.3372630 1.5741112 1.8384978 1.7529960 
taxon_24   9.0000000 9.0000000 2.6738640 9.0000000 9.0000000 3.8149659 9.0000000 3.8983851 2.0458165 3.0177952 2.9401397 3.0177952 3.7399033 3.1682983 4.5638625 2.3333094 2.2029825 2.2504667 2.7274583 1.9814913 2.2907448 2.4777543 1.5506106 0.0000000 0.5885191 1.1854423 1.7330613 1.8052820 2.2029825 1.7631657 
taxon_25   9.0000000 2.4645960 4.0995831 3.2381161 3.3567841 9.0000000 2.7462092 2.4516647 2.1938360 3.3151067 9.0000000 2.4777543 2.7274583 2.1327558 2.1583264 2.3011617 2.0237560 2.3117252 1.8556741 2.0023260 2.6401505 1.9746731 1.4913205 0.5885191 0.0000000 0.9273552 1.2168985 1.8107168 1.6149933 1.2949585 
taxon_26   2.3224397 3.2023950 2.9910067 9.0000000 9.0000000 2.7851791 4.2248737 2.5922619 1.9159475 2.1497057 2.2804707 3.0177952 2.9910067 3.1356844 2.7091647 1.8499048 1.8384978 1.8384978 2.4141569 1.5942737 1.9545826 2.0165444 1.2867766 1.1854423 0.9273552 0.0000000 1.2119724 1.4297826 1.5353429 1.2977058 
taxon_27   3.1682983 2.3011617 5.1993359 2.6078875 2.7091647 9.0000000 2.4020598 2.1938360 1.9480036 2.7274583 2.9910067 2.0023260 2.0458165 1.9679163 1.8499048 2.0165444 1.8384978 2.1497057 1.5544766 1.8272616 2.2029825 1.7734751 1.3372630 1.7330613 1.2168985 1.2119724 0.0000000 1.3343672 1.1439571 0.9922321 
taxon_28   2.9651421 3.6716745 2.5619547 3.8983851 9.0000000 3.4478047 4.8162167 9.0000000 1.9414819 2.3784358 2.1244224 2.2907448 3.5514175 2.5769552 3.8149659 2.0165444 2.1758711 2.2216170 2.3901548 1.9096974 2.1583264 2.3784358 1.5741112 1.8052820 1.8107168 1.4297826 1.3343672 0.0000000 1.4330721 1.2471547 
taxon_29   9.0000000 2.7654411 9.0000000 2.4141569 2.4911475 9.0000000 2.6238455 2.4141569 2.3901548 2.7091647 2.4264522 2.0237560 2.1670475 2.3011617 2.1327558 2.1758711 2.1080283 2.6913067 1.9159475 2.1244224 2.5047842 1.7631657 1.8384978 2.2029825 1.6149933 1.5353429 1.1439571 1.4330721 0.0000000 0.6371012 
taxon_30   9.0000000 2.6078875 9.0000000 2.2311108 2.3901548 4.0995831 2.2407263 2.3555333 2.3117252 2.7654411 2.7274583 1.8732530 2.0237560 2.1497057 1.8161913 1.9350163 2.1497057 2.7654411 1.8673475 1.9034991 2.9651421 1.7683027 1.7529960 1.7631657 1.2949585 1.2977058 0.9922321 1.2471547 0.6371012 0.0000000 
