30
taxon_1    0.0000000 2.4020598 2.2907447 2.0533165 9.0000000 2.8054501 9.0000000 3.2023950 2.9910063 2.9401393 3.2381161 9.0000000 3.9922575 2.2804706 9.0000000 9.0000000 9.0000000 9.0000000 2.3784358 2.8054501 2.4141569 9.0000000 2.6568178 2.3901548 6.0226461 3.1682982 2.7274582 9.0000000 9.0000000 3.4478040 
taxon_2    2.4020598 0.0000000 0.8166771 2.4389525 3.1682982 3.4009137 5.1992826 3.0744256 2.4777543 2.6238455 2.4516647 9.0000000 2.7654411 3.6091383 4.0995831 3.4009137 4.8162140 3.3567839 2.3117249 3.2381161 3.2023950 6.0226461 2.1327558 2.3784358 2.9159437 3.4009137 2.3443382 9.0000000 2.8477148 3.1356843 
taxon_3    2.2907447 0.8166771 0.0000000 2.0310377 9.0000000 3.0744256 9.0000000 9.0000000 2.5769552 2.7091647 2.7091647 9.0000000 9.0000000 2.7274582 9.0000000 3.5514175 9.0000000 2.8477148 2.2603352 9.0000000 2.5472481 9.0000000 2.7091647 2.6738634 2.9401393 3.1044297 2.6913067 3.4009137 6.0226461 3.4478040 
taxon_4    2.0533165 2.4389525 2.0310377 0.0000000 3.8149649 2.2603352 3.2756239 4.3753767 2.3117249 2.7462092 2.6913067 2.7851791 2.6078875 2.6913067 3.3567839 3.8983851 3.6716745 9.0000000 3.0455759 3.6091383 9.0000000 3.1044297 2.9910063 2.9401393 4.8162140 9.0000000 2.3443382 9.0000000 3.0177949 9.0000000 
taxon_5    9.0000000 3.1682982 9.0000000 3.8149649 0.0000000 1.1439571 1.6994017 1.8161909 1.7631655 1.5901976 1.5583626 1.4633452 1.3976578 1.6024930 0.9529841 2.2804706 2.4141569 2.5619540 2.3901548 2.7462092 3.4978233 2.5328247 3.8983851 3.7399032 2.9159437 3.8149649 3.0177949 2.5619540 2.3117249 2.8262852 
taxon_6    2.8054501 3.4009137 3.0744256 2.2603352 1.1439571 0.0000000 1.6854262 1.6762518 1.6024930 1.3790233 1.3401700 1.2680257 1.2627532 1.4103431 0.8785832 9.0000000 3.0744256 2.9159437 2.4645960 3.8983851 3.1044297 4.5638625 2.5047842 2.2311108 9.0000000 3.3151067 2.3443382 9.0000000 5.1992826 2.4777543 
taxon_7    9.0000000 5.1992826 9.0000000 3.2756239 1.6994017 1.6854262 0.0000000 2.0999637 2.2122418 2.0383907 1.8973515 1.8217056 1.7998860 1.9350163 1.3032307 2.9651416 2.4645960 2.5328247 2.8054501 2.8477148 4.8162140 3.2381161 3.0455759 3.2756239 3.0744256 2.7274582 4.0995831 2.6913067 3.3151067 3.1044297 
taxon_8    3.2023950 3.0744256 9.0000000 4.3753767 1.8161909 1.6762518 2.0999637 0.0000000 2.6401505 2.0023260 2.0999637 1.7945289 1.9953166 1.9159475 1.4232466 3.1044297 2.8697753 2.9159437 2.8697753 3.0455759 9.0000000 2.7654411 2.8262852 2.8262852 2.4389525 3.1682982 9.0000000 3.2756239 3.8149649 2.7091647 
taxon_9    2.9910063 2.4777543 2.5769552 2.3117249 1.7631655 1.6024930 2.2122418 2.6401505 0.0000000 0.8538133 0.8583958 1.0088994 0.9358012 1.8673468 1.3314826 9.0000000 3.2023950 3.1356843 2.6401505 5.1992826 3.1356843 2.4777543 3.0455759 4.8162140 3.1356843 3.0177949 3.1044297 3.5514175 3.3151067 4.3753767 
taxon_10   2.9401393 2.6238455 2.7091647 2.7462092 1.5901976 1.3790233 2.0383907 2.0023260 0.8538133 0.0000000 0.3575440 0.8327910 0.7924355 1.5861436 1.1901967 9.0000000 3.3567839 3.5514175 2.4645960 9.0000000 9.0000000 9.0000000 2.6913067 3.7399032 9.0000000 9.0000000 2.8262852 6.0226461 2.8925043 4.5638625 
taxon_11   3.2381161 2.4516647 2.7091647 2.6913067 1.5583626 1.3401700 1.8973515 2.0999637 0.8583958 0.3575440 0.0000000 0.8462375 0.7924355 1.6537950 1.2022162 6.0226461 3.1356843 4.2248707 2.5922619 9.0000000 4.5638625 3.7399032 2.9159437 3.0177949 9.0000000 3.4978233 2.9651416 3.9922575 3.8983851 9.0000000 
taxon_12   9.0000000 9.0000000 9.0000000 2.7851791 1.4633452 1.2680257 1.8217056 1.7945289 1.0088994 0.8327910 0.8462375 0.0000000 0.5162107 1.7786833 1.0394769 2.6078875 2.4911475 2.5922619 2.9910063 2.5472481 3.8149649 2.4264522 9.0000000 2.9910063 3.2381161 9.0000000 2.9651416 2.9651416 2.6238455 2.9651416 
taxon_13   3.9922575 2.7654411 9.0000000 2.6078875 1.3976578 1.2627532 1.7998860 1.9953166 0.9358012 0.7924355 0.7924355 0.5162107 0.0000000 1.5544766 1.0940832 3.5514175 3.4009137 3.2023950 2.5472481 2.7274582 9.0000000 3.6091383 3.4478040 3.0455759 9.0000000 3.7399032 2.6738634 9.0000000 3.1682982 3.5514175 
taxon_14   2.2804706 3.6091383 2.7274582 2.6913067 1.6024930 1.4103431 1.9350163 1.9159475 1.8673468 1.5861436 1.6537950 1.7786833 1.5544766 0.0000000 1.1997968 2.8054501 2.7274582 3.8149649 3.3151067 4.8162140 3.1682982 2.6568178 2.9910063 2.4516647 4.5638625 3.1682982 3.1682982 3.7399032 9.0000000 9.0000000 
taxon_15   9.0000000 4.0995831 9.0000000 3.3567839 0.9529841 0.8785832 1.3032307 1.4232466 1.3314826 1.1901967 1.2022162 1.0394769 1.0940832 1.1997968 0.0000000 2.6238455 2.6568178 2.2122418 2.5922619 2.5619540 3.6716745 2.1758711 2.8477148 4.0995831 3.2756239 3.8983851 4.2248707 2.7274582 3.0744256 2.6738634 
taxon_16   9.0000000 3.4009137 3.5514175 3.8983851 2.2804706 9.0000000 2.9651416 3.1044297 9.0000000 9.0000000 6.0226461 2.6078875 3.5514175 2.8054501 2.6238455 0.0000000 3.6716745 2.3784358 3.0744256 2.8925043 3.6091383 3.2381161 4.3753767 3.1682982 2.8262852 2.6401505 3.2023950 2.7274582 2.6401505 2.7654411 
taxon_17   9.0000000 4.8162140 9.0000000 3.6716745 2.4141569 3.0744256 2.4645960 2.8697753 3.2023950 3.3567839 3.1356843 2.4911475 3.4009137 2.7274582 2.6568178 3.6716745 0.0000000 2.9401393 2.8925043 2.7462092 9.0000000 2.2907447 2.8262852 3.4009137 2.6238455 2.8925043 9.0000000 2.6238455 2.6401505 2.3443382 
taxon_18   9.0000000 3.3567839 2.8477148 9.0000000 2.5619540 2.9159437 2.5328247 2.9159437 3.1356843 3.5514175 4.2248707 2.5922619 3.2023950 3.8149649 2.2122418 2.3784358 2.9401393 0.0000000 0.5210808 1.8852046 2.0023260 2.8925043 5.1992826 3.3567839 2.5922619 9.0000000 2.9651416 2.3668971 2.0919849 2.4389525 
taxon_19   2.3784358 2.3117249 2.2603352 3.0455759 2.3901548 2.4645960 2.8054501 2.8697753 2.6401505 2.4645960 2.5922619 2.9910063 2.5472481 3.3151067 2.5922619 3.0744256 2.8925043 0.5210808 0.0000000 1.8441791 1.6319912 4.3753767 2.7654411 2.5769552 9.0000000 4.5638625 2.4020598 3.7399032 2.4389525 2.8697753 
taxon_20   2.8054501 3.2381161 9.0000000 3.6091383 2.7462092 3.8983851 2.8477148 3.0455759 5.1992826 9.0000000 9.0000000 2.5472481 2.7274582 4.8162140 2.5619540 2.8925043 2.7462092 1.8852046 1.8441791 0.0000000 1.3144041 2.2504666 9.0000000 9.0000000 2.2603352 2.3668971 3.5514175 2.5186735 2.5047842 2.6238455 
taxon_21   2.4141569 3.2023950 2.5472481 9.0000000 3.4978233 3.1044297 4.8162140 9.0000000 3.1356843 9.0000000 4.5638625 3.8149649 9.0000000 3.1682982 3.6716745 3.6091383 9.0000000 2.0023260 1.6319912 1.3144041 0.0000000 3.1356843 3.4978233 2.6738634 3.1044297 3.1356843 2.6738634 6.0226461 3.0744256 3.1356843 
taxon_22   9.0000000 6.0226461 9.0000000 3.1044297 2.5328247 4.5638625 3.2381161 2.7654411 2.4777543 9.0000000 3.7399032 2.4264522 3.6091383 2.6568178 2.1758711 3.2381161 2.2907447 2.8925043 4.3753767 2.2504666 3.1356843 0.0000000 2.8262852 2.4645960 2.3443382 2.9401393 2.3443382 2.0094015 2.1938360 2.0310377 
taxon_23   2.6568178 2.1327558 2.7091647 2.9910063 3.8983851 2.5047842 3.0455759 2.8262852 3.0455759 2.6913067 2.9159437 9.0000000 3.4478040 2.9910063 2.8477148 4.3753767 2.8262852 5.1992826 2.7654411 9.0000000 3.4978233 2.8262852 0.0000000 0.9443435 9.0000000 3.8149649 2.5922619 3.0177949 9.0000000 9.0000000 
taxon_24   2.3901548 2.3784358 2.6738634 2.9401393 3.7399032 2.2311108 3.2756239 2.8262852 4.8162140 3.7399032 3.0177949 2.9910063 3.0455759 2.4516647 4.0995831 3.1682982 3.4009137 3.3567839 2.5769552 9.0000000 2.6738634 2.4645960 0.9443435 0.0000000 3.0744256 2.5769552 2.2311108 3.8983851 3.8149649 3.1356843 
taxon_25   6.0226461 2.9159437 2.9401393 4.8162140 2.9159437 9.0000000 3.0744256 2.4389525 3.1356843 9.0000000 9.0000000 3.2381161 9.0000000 4.5638625 3.2756239 2.8262852 2.6238455 2.5922619 9.0000000 2.2603352 3.1044297 2.3443382 9.0000000 3.0744256 0.0000000 1.3759620 2.3784358 1.7232891 1.8107165 1.7945289 
taxon_26   3.1682982 3.4009137 3.1044297 9.0000000 3.8149649 3.3151067 2.7274582 3.1682982 3.0177949 9.0000000 3.4978233 9.0000000 3.7399032 3.1682982 3.8983851 2.6401505 2.8925043 9.0000000 4.5638625 2.3668971 3.1356843 2.9401393 3.8149649 2.5769552 1.3759620 0.0000000 1.9814913 1.6319912 1.6449973 1.4984805 
taxon_27   2.7274582 2.3443382 2.6913067 2.3443382 3.0177949 2.3443382 4.0995831 9.0000000 3.1044297 2.8262852 2.9651416 2.9651416 2.6738634 3.1682982 4.2248707 3.2023950 9.0000000 2.9651416 2.4020598 3.5514175 2.6738634 2.3443382 2.5922619 2.2311108 2.3784358 1.9814913 0.0000000 1.9350163 1.9746731 1.7683025 
taxon_28   9.0000000 9.0000000 3.4009137 9.0000000 2.5619540 9.0000000 2.6913067 3.2756239 3.5514175 6.0226461 3.9922575 2.9651416 9.0000000 3.7399032 2.7274582 2.7274582 2.6238455 2.3668971 3.7399032 2.5186735 6.0226461 2.0094015 3.0177949 3.8983851 1.7232891 1.6319912 1.9350163 0.0000000 1.5429379 1.2471547 
taxon_29   9.0000000 2.8477148 6.0226461 3.0177949 2.3117249 5.1992826 3.3151067 3.8149649 3.3151067 2.8925043 3.8983851 2.6238455 3.1682982 9.0000000 3.0744256 2.6401505 2.6401505 2.0919849 2.4389525 2.5047842 3.0744256 2.1938360 9.0000000 3.8149649 1.8107165 1.6449973 1.9746731 1.5429379 0.0000000 0.7189785 
taxon_30   3.4478040 3.1356843 3.4478040 9.0000000 2.8262852 2.4777543 3.1044297 2.7091647 4.3753767 4.5638625 9.0000000 2.9651416 3.5514175 9.0000000 2.6738634 2.7654411 2.3443382 2.4389525 2.8697753 2.6238455 3.1356843 2.0310377 9.0000000 3.1356843 1.7945289 1.4984805 1.7683025 1.2471547 0.7189785 0.0000000 
