30
taxon_1    0.0000000 1.8285173 2.3657530 2.4141569 2.6134342 1.8818995 1.6286676 4.9650549 3.5056223 3.5612033 3.2381161 3.1666335 2.8856134 3.1666335 3.1666335 2.4931773 3.0130376 9.0000000 3.2765861 2.1441548 9.0000000 4.4451945 3.4538776 2.5071964 3.4538776 4.1410957 9.0000000 2.7372441 2.7767269 2.8856134 
taxon_2    1.8285173 0.0000000 2.0385754 1.6692180 1.8400560 1.3838702 0.8687717 2.8625346 2.4017599 2.4141569 2.3775642 1.8818995 1.8757770 2.3426742 2.3093354 2.9340173 2.4017599 3.2381161 2.5360461 1.5901977 2.8184042 2.5214825 2.1618027 1.8942965 2.3426742 2.1017707 3.4538776 2.8625346 2.1269127 1.8818995 
taxon_3    2.3657530 2.0385754 0.0000000 1.6464199 2.3541248 1.5378976 1.3172942 3.8369969 3.5056223 3.8369969 2.9594434 2.9340173 2.8401449 3.0707584 9.0000000 3.6212353 3.2015235 3.9253341 4.1410957 2.3541248 4.1410957 9.0000000 3.7579765 2.7972761 2.9594434 2.7372441 9.0000000 3.1666335 3.4054737 2.9594434 
taxon_4    2.4141569 1.6692180 1.6464199 0.0000000 1.4261808 0.8499028 0.7429914 2.5360461 3.2381161 2.5214825 2.4395830 2.0774442 2.0310377 3.3171365 9.0000000 2.9094249 2.6997362 3.2765861 3.2015235 1.8577039 9.0000000 2.6997362 2.2270612 2.2467992 2.1269127 2.5360461 9.0000000 9.0000000 2.2670707 2.2985439 
taxon_5    2.6134342 1.8400560 2.3541248 1.4261808 0.0000000 1.1378720 1.0829426 4.0254827 3.6212353 2.6997362 3.0707584 2.7767269 2.2670707 9.0000000 2.7972761 3.1013749 2.7567257 3.2381161 2.9857619 1.9873360 2.4931773 2.5815145 2.5360461 2.3426742 3.4054737 2.2078294 3.8369969 3.1666335 2.3541248 2.3657530 
taxon_6    1.8818995 1.3838702 1.5378976 0.8499028 1.1378720 0.0000000 0.5279034 2.5508980 2.6816631 2.5660501 2.7567257 2.0854657 1.9132848 2.8625346 3.4054737 3.0707584 2.7182557 9.0000000 2.4526268 1.6785349 2.8856134 2.6816631 2.6640152 2.0538821 2.1100580 2.2879054 2.6299184 3.4054737 2.2568665 2.1618027 
taxon_7    1.6286676 0.8687717 1.3172942 0.7429914 1.0829426 0.5279034 0.0000000 2.3313958 2.3313958 2.1354842 2.0695076 1.6738620 1.5225125 2.3426742 2.4794154 2.4526268 2.2985439 2.4267622 2.2368653 1.1776629 2.4659015 2.0935739 1.9132848 1.4781646 1.7072008 1.9393744 2.5214825 2.2568665 1.6374913 1.5225125 
taxon_8    4.9650549 2.8625346 3.8369969 2.5360461 4.0254827 2.5508980 2.3313958 0.0000000 1.5696484 1.2299228 1.7219554 1.3201956 1.1849093 3.0413429 3.2015235 2.9594434 2.7972761 3.3600053 2.5508980 2.3775642 2.9340173 2.6134342 2.9340173 3.2015235 3.1666335 2.4794154 9.0000000 3.2015235 2.2670707 2.1441548 
taxon_9    3.5056223 2.4017599 3.5056223 3.2381161 3.6212353 2.6816631 2.3313958 1.5696484 0.0000000 0.3154341 2.1017707 1.3902262 1.3172942 2.8184042 2.8625346 4.6609561 2.7567257 3.0707584 3.3600053 2.5071964 4.1410957 3.4054737 3.6212353 3.0413429 3.0707584 3.2765861 3.6864938 9.0000000 3.5612033 3.0130376 
taxon_10   3.5612033 2.4141569 3.8369969 2.5214825 2.6997362 2.5660501 2.1354842 1.2299228 0.3154341 0.0000000 1.7072008 1.1176309 1.0238890 2.7972761 3.6212353 3.0707584 2.7767269 3.0130376 2.6134342 2.2568665 3.1332946 2.7372441 4.9650549 2.8184042 3.1013749 3.0413429 3.8369969 3.9253341 2.5815145 2.4141569 
taxon_11   3.2381161 2.3775642 2.9594434 2.4395830 3.0707584 2.7567257 2.0695076 1.7219554 2.1017707 1.7072008 0.0000000 1.1355958 1.0199828 2.8401449 2.5360461 2.7372441 3.0130376 2.2568665 9.0000000 2.1890784 2.8401449 2.7567257 2.9094249 2.3775642 3.0413429 3.1666335 9.0000000 3.1013749 2.5360461 2.2078294 
taxon_12   3.1666335 1.8818995 2.9340173 2.0774442 2.7767269 2.0854657 1.6738620 1.3201956 1.3902262 1.1176309 1.1355958 0.0000000 0.3699030 2.7372441 2.8401449 4.9650549 3.1013749 2.5660501 2.3775642 1.6509244 3.0707584 2.6997362 2.4794154 1.9132848 2.2270612 2.4659015 3.3171365 2.5071964 2.1890784 1.9873360 
taxon_13   2.8856134 1.8757770 2.8401449 2.0310377 2.2670707 1.9132848 1.5225125 1.1849093 1.3172942 1.0238890 1.0199828 0.3699030 0.0000000 3.2015235 2.9857619 2.7182557 3.0413429 2.2985439 2.5214825 1.5417938 2.8856134 2.3426742 2.4794154 1.9005727 2.0461897 2.1983953 3.4538776 2.4141569 2.0016221 1.8171534 
taxon_14   3.1666335 2.3426742 3.0707584 3.3171365 9.0000000 2.8625346 2.3426742 3.0413429 2.8184042 2.7972761 2.8401449 2.7372441 3.2015235 0.0000000 0.6364741 0.8671811 0.7389627 1.6646026 1.6242944 1.7949296 2.4931773 3.0707584 2.4141569 2.3426742 2.4395830 2.4395830 2.9857619 2.7567257 2.3426742 2.0310377 
taxon_15   3.1666335 2.3093354 9.0000000 9.0000000 2.7972761 3.4054737 2.4794154 3.2015235 2.8625346 3.6212353 2.5360461 2.8401449 2.9857619 0.6364741 0.0000000 0.8105793 0.6960195 1.7840598 1.4261808 1.6419423 3.0707584 3.9253341 2.6640152 2.2568665 2.2879054 2.1707848 2.6467731 2.5660501 2.3313958 1.8577039 
taxon_16   2.4931773 2.9340173 3.6212353 2.9094249 3.1013749 3.0707584 2.4526268 2.9594434 4.6609561 3.0707584 2.7372441 4.9650549 2.7182557 0.8671811 0.8105793 0.0000000 0.5079554 1.8880724 1.5378976 1.7219554 3.1013749 2.9094249 2.1354842 2.1798759 2.2467992 2.1269127 3.2381161 2.3541248 2.6299184 2.2368653 
taxon_17   3.0130376 2.4017599 3.2015235 2.6997362 2.7567257 2.7182557 2.2985439 2.7972761 2.7567257 2.7767269 3.0130376 3.1013749 3.0413429 0.7389627 0.6960195 0.5079554 0.0000000 1.8818995 1.3838702 1.5943759 2.9594434 3.4054737 2.2173837 2.0161857 2.1100580 2.0088685 2.8625346 2.5071964 2.1184380 1.8285173 
taxon_18   9.0000000 3.2381161 3.9253341 3.2765861 3.2381161 9.0000000 2.4267622 3.3600053 3.0707584 3.0130376 2.2568665 2.5660501 2.2985439 1.6646026 1.7840598 1.8880724 1.8818995 0.0000000 1.1333265 1.6975233 2.3202845 3.2765861 2.3426742 2.0016221 2.2368653 2.3775642 3.4538776 2.5508980 2.4395830 2.2368653 
taxon_19   3.2765861 2.5360461 4.1410957 3.2015235 2.9857619 2.4526268 2.2368653 2.5508980 3.3600053 2.6134342 9.0000000 2.3775642 2.5214825 1.6242944 1.4261808 1.5378976 1.3838702 1.1333265 0.0000000 1.4396946 2.5360461 2.5973046 2.1441548 1.9005727 1.9802937 1.9393744 2.6640152 2.5508980 1.9069018 1.7170049 
taxon_20   2.1441548 1.5901977 2.3541248 1.8577039 1.9873360 1.6785349 1.1776629 2.3775642 2.5071964 2.2568665 2.1890784 1.6509244 1.5417938 1.7949296 1.6419423 1.7219554 1.5943759 1.6975233 1.4396946 0.0000000 1.3001179 1.0682568 0.8483516 0.4695838 0.8719632 0.7270050 1.4534565 0.9709704 0.5922436 0.4016803 
taxon_21   9.0000000 2.8184042 4.1410957 9.0000000 2.4931773 2.8856134 2.4659015 2.9340173 4.1410957 3.1332946 2.8401449 3.0707584 2.8856134 2.4931773 3.0707584 3.1013749 2.9594434 2.3202845 2.5360461 1.3001179 0.0000000 0.8375822 2.0235749 1.7319556 2.3093354 2.0088685 3.3171365 2.3541248 1.9327665 1.6785349 
taxon_22   4.4451945 2.5214825 9.0000000 2.6997362 2.5815145 2.6816631 2.0935739 2.6134342 3.4054737 2.7372441 2.7567257 2.6997362 2.3426742 3.0707584 3.9253341 2.9094249 3.4054737 3.2765861 2.5973046 1.0682568 0.8375822 0.0000000 1.6692180 1.3682120 1.7370061 1.6785349 2.6640152 1.9664044 1.5496472 1.4063558 
taxon_23   3.4538776 2.1618027 3.7579765 2.2270612 2.5360461 2.6640152 1.9132848 2.9340173 3.6212353 4.9650549 2.9094249 2.4794154 2.4794154 2.4141569 2.6640152 2.1354842 2.2173837 2.3426742 2.1441548 0.8483516 2.0235749 1.6692180 0.0000000 0.5878512 1.5860425 1.4129061 2.2270612 1.7319556 1.2376949 1.1044340 
taxon_24   2.5071964 1.8942965 2.7972761 2.2467992 2.3426742 2.0538821 1.4781646 3.2015235 3.0413429 2.8184042 2.3775642 1.9132848 1.9005727 2.3426742 2.2568665 2.1798759 2.0161857 2.0016221 1.9005727 0.4695838 1.7319556 1.3682120 0.5878512 0.0000000 1.2020950 1.0026521 1.7680450 1.2669022 0.8483516 0.6884691 
taxon_25   3.4538776 2.3426742 2.9594434 2.1269127 3.4054737 2.1100580 1.7072008 3.1666335 3.0707584 3.1013749 3.0413429 2.2270612 2.0461897 2.4395830 2.2879054 2.2467992 2.1100580 2.2368653 1.9802937 0.8719632 2.3093354 1.7370061 1.5860425 1.2020950 0.0000000 1.3620391 1.9944450 1.7269388 1.1586745 1.0141613 
taxon_26   4.1410957 2.1017707 2.7372441 2.5360461 2.2078294 2.2879054 1.9393744 2.4794154 3.2765861 3.0413429 3.1666335 2.4659015 2.1983953 2.4395830 2.1707848 2.1269127 2.0088685 2.3775642 1.9393744 0.7270050 2.0088685 1.6785349 1.4129061 1.0026521 1.3620391 0.0000000 1.2273499 0.7732152 0.9476152 0.8120542 
taxon_27   9.0000000 3.4538776 9.0000000 9.0000000 3.8369969 2.6299184 2.5214825 9.0000000 3.6864938 3.8369969 9.0000000 3.3171365 3.4538776 2.9857619 2.6467731 3.2381161 2.8625346 3.4538776 2.6640152 1.4534565 3.3171365 2.6640152 2.2270612 1.7680450 1.9944450 1.2273499 0.0000000 0.8345334 1.6692180 1.5263293 
taxon_28   2.7372441 2.8625346 3.1666335 9.0000000 3.1666335 3.4054737 2.2568665 3.2015235 9.0000000 3.9253341 3.1013749 2.5071964 2.4141569 2.7567257 2.5660501 2.3541248 2.5071964 2.5508980 2.5508980 0.9709704 2.3541248 1.9664044 1.7319556 1.2669022 1.7269388 0.7732152 0.8345334 0.0000000 1.1447423 1.0579403 
taxon_29   2.7767269 2.1269127 3.4054737 2.2670707 2.3541248 2.2568665 1.6374913 2.2670707 3.5612033 2.5815145 2.5360461 2.1890784 2.0016221 2.3426742 2.3313958 2.6299184 2.1184380 2.4395830 1.9069018 0.5922436 1.9327665 1.5496472 1.2376949 0.8483516 1.1586745 0.9476152 1.6692180 1.1447423 0.0000000 0.2117722 
taxon_30   2.8856134 1.8818995 2.9594434 2.2985439 2.3657530 2.1618027 1.5225125 2.1441548 3.0130376 2.4141569 2.2078294 1.9873360 1.8171534 2.0310377 1.8577039 2.2368653 1.8285173 2.2368653 1.7170049 0.4016803 1.6785349 1.4063558 1.1044340 0.6884691 1.0141613 0.8120542 1.5263293 1.0579403 0.2117722 0.0000000 
