50
taxon_1    0.0000000 0.1367412 0.2390070 0.2431443 0.3253984 0.2897372 0.2660790 0.2971313 0.3035990 0.2926861 0.2907189 0.3156879 0.2684592 0.2321618 0.3797933 0.3269432 0.3425688 0.3035990 0.3430953 0.3071048 0.3441494 0.3290079 0.3269432 0.3253984 0.3542381 0.3558435 0.3315968 0.3622998 0.3628403 0.3563794 0.3666350 0.3066030 0.2703688 0.3601415 0.3494423 0.3279749 0.3606805 0.3462621 0.3628403 0.3420427 0.2589834 0.2917019 0.3731853 0.3425688 0.3585268 0.3775841 0.3709955 0.3167042 0.2941649 0.3321157 
taxon_2    0.1367412 0.0000000 0.2010185 0.1971066 0.2819297 0.2510220 0.2308002 0.2594543 0.2679825 0.2603971 0.2505563 0.2814444 0.2312538 0.1953745 0.3399418 0.2882671 0.3091156 0.2766088 0.3045990 0.2727627 0.3202720 0.3050995 0.2931787 0.2936716 0.3197612 0.3207830 0.2966361 0.3172128 0.3264279 0.3141661 0.3259130 0.2742027 0.2371755 0.3233436 0.3233436 0.3001095 0.3284912 0.3156879 0.3315968 0.3006070 0.2240292 0.2542900 0.3373240 0.3050995 0.3295250 0.3430953 0.3336744 0.2804748 0.2603971 0.2991154 
taxon_3    0.2390070 0.2010185 0.0000000 0.2049510 0.3177218 0.2887568 0.2594543 0.2917019 0.2926861 0.2907189 0.2746833 0.3035990 0.2589834 0.2231310 0.3715424 0.3182311 0.3310783 0.3071048 0.3378469 0.3061015 0.3526361 0.3284912 0.3269432 0.3233436 0.3542381 0.3489113 0.3274589 0.3473207 0.3510375 0.3601415 0.3612198 0.3096191 0.2618136 0.3462621 0.3579894 0.3305602 0.3569157 0.3473207 0.3650064 0.3368016 0.2599256 0.2897372 0.3666350 0.3378469 0.3622998 0.3693574 0.3677228 0.3177218 0.2971313 0.3331544 
taxon_4    0.2431443 0.1971066 0.2049510 0.0000000 0.3212945 0.2858233 0.2651290 0.2956466 0.3021015 0.2971313 0.2790227 0.3146730 0.2637063 0.2298939 0.3820089 0.3253984 0.3467912 0.3121418 0.3452050 0.3151803 0.3612198 0.3420427 0.3404665 0.3331544 0.3596029 0.3693574 0.3357577 0.3622998 0.3542381 0.3628403 0.3596029 0.3056003 0.2708470 0.3558435 0.3644643 0.3362795 0.3671787 0.3537037 0.3682672 0.3499737 0.2670302 0.2931787 0.3831192 0.3473207 0.3655489 0.3748318 0.3726372 0.3177218 0.2981227 0.3362795 
taxon_5    0.3253984 0.2819297 0.3177218 0.3212945 0.0000000 0.3045990 0.2897372 0.3264279 0.3399418 0.3233436 0.3086124 0.3499737 0.2936716 0.2561638 0.4360553 0.3748318 0.3726372 0.3505054 0.3775841 0.3462621 0.3881360 0.3731853 0.3666350 0.3644643 0.3977046 0.4033907 0.3726372 0.3926236 0.4062500 0.3937498 0.3948776 0.3404665 0.3040988 0.3999739 0.4108478 0.3842311 0.4143146 0.4079709 0.4096957 0.3943134 0.3061015 0.3336744 0.4120016 0.3926236 0.4085454 0.3994059 0.4028202 0.3542381 0.3310783 0.3726372 
taxon_6    0.2897372 0.2510220 0.2887568 0.2858233 0.3045990 0.0000000 0.1395464 0.2675062 0.2848480 0.2746833 0.2580424 0.2921938 0.2362614 0.2040753 0.3948776 0.3341947 0.3574523 0.3248842 0.3489113 0.3141661 0.3606805 0.3446770 0.3420427 0.3404665 0.3639226 0.3737337 0.3394175 0.3601415 0.3699030 0.3693574 0.3709955 0.3187408 0.2872886 0.3709955 0.3715424 0.3473207 0.3797933 0.3731853 0.3781358 0.3553080 0.2742027 0.3016030 0.3847877 0.3446770 0.3820089 0.3792404 0.3864600 0.3315968 0.3101230 0.3420427 
taxon_7    0.2660790 0.2308002 0.2594543 0.2651290 0.2897372 0.1395464 0.0000000 0.2422229 0.2622863 0.2463780 0.2339811 0.2637063 0.2191023 0.1820846 0.3660918 0.3081095 0.3290079 0.3045990 0.3259130 0.2921938 0.3378469 0.3172128 0.3187408 0.3141661 0.3441494 0.3505054 0.3202720 0.3415169 0.3457334 0.3542381 0.3436222 0.2936716 0.2561638 0.3452050 0.3499737 0.3264279 0.3553080 0.3494423 0.3515700 0.3321157 0.2505563 0.2727627 0.3553080 0.3259130 0.3569157 0.3579894 0.3639226 0.3030995 0.2833875 0.3172128 
taxon_8    0.2971313 0.2594543 0.2917019 0.2956466 0.3264279 0.2675062 0.2422229 0.0000000 0.1715359 0.1570127 0.2561638 0.2780563 0.2280845 0.1923529 0.3999739 0.3336744 0.3601415 0.3326349 0.3563794 0.3223183 0.3606805 0.3441494 0.3457334 0.3483807 0.3842311 0.3748318 0.3569157 0.3764820 0.3770329 0.3825639 0.3753815 0.3238568 0.2882671 0.3704491 0.3792404 0.3494423 0.3836750 0.3814544 0.3886954 0.3622998 0.2843608 0.3050995 0.3999739 0.3558435 0.3875769 0.3875769 0.3892554 0.3362795 0.3086124 0.3542381 
taxon_9    0.3035990 0.2679825 0.2926861 0.3021015 0.3399418 0.2848480 0.2622863 0.1715359 0.0000000 0.1500587 0.2675062 0.2902279 0.2496258 0.2097854 0.4022500 0.3462621 0.3574523 0.3362795 0.3574523 0.3259130 0.3699030 0.3505054 0.3505054 0.3515700 0.3742826 0.3809003 0.3617596 0.3770329 0.3881360 0.3820089 0.3864600 0.3238568 0.2931787 0.3814544 0.3903764 0.3612198 0.4011111 0.3920612 0.3898157 0.3688121 0.2872886 0.3091156 0.4022500 0.3622998 0.3943134 0.3920612 0.4005423 0.3446770 0.3233436 0.3606805 
taxon_10   0.2926861 0.2603971 0.2907189 0.2971313 0.3233436 0.2746833 0.2463780 0.1570127 0.1500587 0.0000000 0.2651290 0.2838740 0.2408430 0.2023270 0.3825639 0.3238568 0.3452050 0.3248842 0.3521028 0.3177218 0.3650064 0.3436222 0.3388936 0.3394175 0.3764820 0.3699030 0.3499737 0.3709955 0.3715424 0.3803466 0.3764820 0.3192509 0.2917019 0.3720896 0.3748318 0.3489113 0.3847877 0.3792404 0.3775841 0.3547728 0.2780563 0.3045990 0.3954421 0.3510375 0.3842311 0.3831192 0.3842311 0.3331544 0.3106272 0.3547728 
taxon_11   0.2907189 0.2505563 0.2746833 0.2790227 0.3086124 0.2580424 0.2339811 0.2561638 0.2675062 0.2651290 0.0000000 0.2618136 0.2119933 0.1770027 0.3753815 0.3218062 0.3446770 0.3136595 0.3399418 0.3040988 0.3526361 0.3425688 0.3284912 0.3284912 0.3547728 0.3553080 0.3362795 0.3521028 0.3558435 0.3606805 0.3644643 0.3071048 0.2756454 0.3494423 0.3628403 0.3373240 0.3596029 0.3617596 0.3759315 0.3489113 0.2722833 0.2996123 0.3836750 0.3473207 0.3759315 0.3764820 0.3814544 0.3248842 0.3061015 0.3394175 
taxon_12   0.3156879 0.2814444 0.3035990 0.3146730 0.3499737 0.2921938 0.2637063 0.2780563 0.2902279 0.2838740 0.2618136 0.0000000 0.0951178 0.0834781 0.4148940 0.3526361 0.3786879 0.3515700 0.3753815 0.3404665 0.3875769 0.3682672 0.3644643 0.3612198 0.3931865 0.3931865 0.3742826 0.3965725 0.3914992 0.4005423 0.4045331 0.3467912 0.3091156 0.3859021 0.3920612 0.3655489 0.4056773 0.4022500 0.4033907 0.3870182 0.3006070 0.3269432 0.4201286 0.3759315 0.4033907 0.4102715 0.4096957 0.3515700 0.3264279 0.3753815 
taxon_13   0.2684592 0.2312538 0.2589834 0.2637063 0.2936716 0.2362614 0.2191023 0.2280845 0.2496258 0.2408430 0.2119933 0.0951178 0.0000000 0.0393477 0.3682672 0.3106272 0.3279749 0.3021015 0.3274589 0.2926861 0.3362795 0.3177218 0.3212945 0.3121418 0.3436222 0.3452050 0.3259130 0.3404665 0.3446770 0.3537037 0.3585268 0.2996123 0.2627594 0.3446770 0.3505054 0.3253984 0.3622998 0.3558435 0.3579894 0.3378469 0.2524208 0.2761270 0.3682672 0.3284912 0.3579894 0.3542381 0.3596029 0.3021015 0.2766088 0.3228308 
taxon_14   0.2321618 0.1953745 0.2231310 0.2298939 0.2561638 0.2040753 0.1820846 0.1923529 0.2097854 0.2023270 0.1770027 0.0834781 0.0393477 0.0000000 0.3347153 0.2751642 0.2907189 0.2656039 0.2907189 0.2566330 0.3006070 0.2833875 0.2829012 0.2775735 0.3066030 0.3121418 0.2897372 0.3040988 0.3121418 0.3161959 0.3192509 0.2622863 0.2267303 0.3076070 0.3141661 0.2882671 0.3223183 0.3172128 0.3218062 0.2976268 0.2168735 0.2417626 0.3315968 0.2892469 0.3202720 0.3228308 0.3259130 0.2708470 0.2449904 0.2867999 
taxon_15   0.3797933 0.3399418 0.3715424 0.3820089 0.4360553 0.3948776 0.3660918 0.3999739 0.4022500 0.3825639 0.3753815 0.4148940 0.3682672 0.3347153 0.0000000 0.0793908 0.2829012 0.2708470 0.2936716 0.2542900 0.3056003 0.2921938 0.2804748 0.2766088 0.3076070 0.3121418 0.3693574 0.3881360 0.3859021 0.3903764 0.3842311 0.3378469 0.3228308 0.3982712 0.4005423 0.3753815 0.4120016 0.3988383 0.4212968 0.3886954 0.3096191 0.3383700 0.4230526 0.3842311 0.4056773 0.3999739 0.3965725 0.3585268 0.3305602 0.3726372 
taxon_16   0.3269432 0.2882671 0.3182311 0.3253984 0.3748318 0.3341947 0.3081095 0.3336744 0.3462621 0.3238568 0.3218062 0.3526361 0.3106272 0.2751642 0.0793908 0.0000000 0.2303469 0.2111093 0.2330709 0.1945099 0.2468412 0.2330709 0.2204428 0.2182100 0.2486964 0.2566330 0.3016030 0.3238568 0.3212945 0.3300424 0.3305602 0.2770910 0.2670302 0.3462621 0.3547728 0.3259130 0.3612198 0.3505054 0.3569157 0.3305602 0.2524208 0.2795065 0.3671787 0.3284912 0.3457334 0.3483807 0.3494423 0.2991154 0.2742027 0.3182311 
taxon_17   0.3425688 0.3091156 0.3310783 0.3467912 0.3726372 0.3574523 0.3290079 0.3601415 0.3574523 0.3452050 0.3446770 0.3786879 0.3279749 0.2907189 0.2829012 0.2303469 0.0000000 0.1549607 0.2422229 0.1984083 0.2445285 0.2276328 0.2244787 0.2208902 0.2496258 0.2575723 0.3202720 0.3399418 0.3404665 0.3362795 0.3425688 0.2882671 0.2780563 0.3677228 0.3650064 0.3352363 0.3709955 0.3601415 0.3633812 0.3478505 0.2622863 0.2931787 0.3797933 0.3446770 0.3622998 0.3644643 0.3660918 0.3197612 0.2951524 0.3279749 
taxon_18   0.3035990 0.2766088 0.3071048 0.3121418 0.3505054 0.3248842 0.3045990 0.3326349 0.3362795 0.3248842 0.3136595 0.3515700 0.3021015 0.2656039 0.2708470 0.2111093 0.1549607 0.0000000 0.2204428 0.1782700 0.2294411 0.2119933 0.2071446 0.2036379 0.2348924 0.2358048 0.3081095 0.3207830 0.3131533 0.3141661 0.3197612 0.2651290 0.2580424 0.3362795 0.3394175 0.3106272 0.3499737 0.3388936 0.3430953 0.3187408 0.2431443 0.2737224 0.3612198 0.3290079 0.3436222 0.3441494 0.3473207 0.3001095 0.2746833 0.3151803 
taxon_19   0.3430953 0.3045990 0.3378469 0.3452050 0.3775841 0.3489113 0.3259130 0.3563794 0.3574523 0.3521028 0.3399418 0.3753815 0.3274589 0.2907189 0.2936716 0.2330709 0.2422229 0.2204428 0.0000000 0.1252300 0.2330709 0.2177642 0.2067053 0.2045130 0.2312538 0.2394656 0.3146730 0.3415169 0.3462621 0.3430953 0.3478505 0.2848480 0.2863114 0.3704491 0.3660918 0.3373240 0.3781358 0.3666350 0.3704491 0.3515700 0.2684592 0.2917019 0.3726372 0.3436222 0.3677228 0.3606805 0.3682672 0.3212945 0.2986189 0.3305602 
taxon_20   0.3071048 0.2727627 0.3061015 0.3151803 0.3462621 0.3141661 0.2921938 0.3223183 0.3259130 0.3177218 0.3040988 0.3404665 0.2926861 0.2566330 0.2542900 0.1945099 0.1984083 0.1782700 0.1252300 0.0000000 0.1902021 0.1740541 0.1644467 0.1615469 0.1902021 0.1945099 0.2882671 0.3045990 0.3096191 0.3021015 0.3096191 0.2459152 0.2454527 0.3310783 0.3228308 0.2926861 0.3399418 0.3305602 0.3404665 0.3197612 0.2362614 0.2594543 0.3499737 0.3177218 0.3305602 0.3368016 0.3368016 0.2858233 0.2637063 0.2956466 
taxon_21   0.3441494 0.3202720 0.3526361 0.3612198 0.3881360 0.3606805 0.3378469 0.3606805 0.3699030 0.3650064 0.3526361 0.3875769 0.3362795 0.3006070 0.3056003 0.2468412 0.2445285 0.2294411 0.2330709 0.1902021 0.0000000 0.0690865 0.1880574 0.1945099 0.2213378 0.2191023 0.3336744 0.3606805 0.3628403 0.3563794 0.3521028 0.2946585 0.3006070 0.3770329 0.3803466 0.3510375 0.3903764 0.3764820 0.3842311 0.3688121 0.2838740 0.3146730 0.4028202 0.3633812 0.3864600 0.3892554 0.3903764 0.3368016 0.3141661 0.3452050 
taxon_22   0.3290079 0.3050995 0.3284912 0.3420427 0.3731853 0.3446770 0.3172128 0.3441494 0.3505054 0.3436222 0.3425688 0.3682672 0.3177218 0.2833875 0.2921938 0.2330709 0.2276328 0.2119933 0.2177642 0.1740541 0.0690865 0.0000000 0.1732138 0.1774249 0.2040753 0.2032007 0.3192509 0.3436222 0.3430953 0.3436222 0.3394175 0.2799905 0.2867999 0.3596029 0.3622998 0.3347153 0.3726372 0.3606805 0.3688121 0.3537037 0.2698909 0.2971313 0.3864600 0.3478505 0.3682672 0.3748318 0.3699030 0.3218062 0.2961412 0.3336744 
taxon_23   0.3269432 0.2931787 0.3269432 0.3404665 0.3666350 0.3420427 0.3187408 0.3457334 0.3505054 0.3388936 0.3284912 0.3644643 0.3212945 0.2829012 0.2804748 0.2204428 0.2244787 0.2071446 0.2067053 0.1644467 0.1880574 0.1732138 0.0000000 0.1205179 0.1423622 0.1468084 0.3156879 0.3336744 0.3378469 0.3269432 0.3336744 0.2780563 0.2732424 0.3515700 0.3499737 0.3207830 0.3688121 0.3553080 0.3601415 0.3499737 0.2580424 0.2882671 0.3792404 0.3368016 0.3494423 0.3553080 0.3596029 0.3086124 0.2872886 0.3233436 
taxon_24   0.3253984 0.2936716 0.3233436 0.3331544 0.3644643 0.3404665 0.3141661 0.3483807 0.3515700 0.3394175 0.3284912 0.3612198 0.3121418 0.2775735 0.2766088 0.2182100 0.2208902 0.2036379 0.2045130 0.1615469 0.1945099 0.1774249 0.1205179 0.0000000 0.1061727 0.1088657 0.3116366 0.3290079 0.3331544 0.3310783 0.3341947 0.2756454 0.2732424 0.3526361 0.3494423 0.3202720 0.3671787 0.3553080 0.3590647 0.3430953 0.2599256 0.2863114 0.3786879 0.3341947 0.3537037 0.3515700 0.3574523 0.3096191 0.2858233 0.3243703 
taxon_25   0.3542381 0.3197612 0.3542381 0.3596029 0.3977046 0.3639226 0.3441494 0.3842311 0.3742826 0.3764820 0.3547728 0.3931865 0.3436222 0.3066030 0.3076070 0.2486964 0.2496258 0.2348924 0.2312538 0.1902021 0.2213378 0.2040753 0.1423622 0.1061727 0.0000000 0.1275971 0.3399418 0.3542381 0.3622998 0.3644643 0.3612198 0.3016030 0.2961412 0.3786879 0.3726372 0.3441494 0.3892554 0.3781358 0.3847877 0.3759315 0.2877777 0.3131533 0.4016803 0.3596029 0.3847877 0.3881360 0.3875769 0.3388936 0.3141661 0.3521028 
taxon_26   0.3558435 0.3207830 0.3489113 0.3693574 0.4033907 0.3737337 0.3505054 0.3748318 0.3809003 0.3699030 0.3553080 0.3931865 0.3452050 0.3121418 0.3121418 0.2566330 0.2575723 0.2358048 0.2394656 0.1945099 0.2191023 0.2032007 0.1468084 0.1088657 0.1275971 0.0000000 0.3467912 0.3612198 0.3715424 0.3606805 0.3660918 0.3096191 0.3030995 0.3775841 0.3770329 0.3473207 0.3920612 0.3842311 0.3864600 0.3797933 0.2907189 0.3177218 0.4120016 0.3655489 0.3786879 0.3926236 0.3988383 0.3404665 0.3167042 0.3590647 
taxon_27   0.3315968 0.2966361 0.3274589 0.3357577 0.3726372 0.3394175 0.3202720 0.3569157 0.3617596 0.3499737 0.3362795 0.3742826 0.3259130 0.2897372 0.3693574 0.3016030 0.3202720 0.3081095 0.3146730 0.2882671 0.3336744 0.3192509 0.3156879 0.3116366 0.3399418 0.3467912 0.0000000 0.2403835 0.2371755 0.3341947 0.3321157 0.2770910 0.2785393 0.3569157 0.3655489 0.3362795 0.3742826 0.3606805 0.3682672 0.3515700 0.2689361 0.3016030 0.3814544 0.3467912 0.3699030 0.3693574 0.3682672 0.3182311 0.3016030 0.3404665 
taxon_28   0.3622998 0.3172128 0.3473207 0.3622998 0.3926236 0.3601415 0.3415169 0.3764820 0.3770329 0.3709955 0.3521028 0.3965725 0.3404665 0.3040988 0.3881360 0.3238568 0.3399418 0.3207830 0.3415169 0.3045990 0.3606805 0.3436222 0.3336744 0.3290079 0.3542381 0.3612198 0.2403835 0.0000000 0.2045130 0.3569157 0.3569157 0.3045990 0.2907189 0.3764820 0.3748318 0.3494423 0.3842311 0.3704491 0.3892554 0.3563794 0.2809595 0.3177218 0.4051050 0.3671787 0.3726372 0.3731853 0.3742826 0.3264279 0.3081095 0.3521028 
taxon_29   0.3628403 0.3264279 0.3510375 0.3542381 0.4062500 0.3699030 0.3457334 0.3770329 0.3881360 0.3715424 0.3558435 0.3914992 0.3446770 0.3121418 0.3859021 0.3212945 0.3404665 0.3131533 0.3462621 0.3096191 0.3628403 0.3430953 0.3378469 0.3331544 0.3622998 0.3715424 0.2371755 0.2045130 0.0000000 0.3515700 0.3553080 0.3040988 0.2951524 0.3786879 0.3792404 0.3558435 0.3847877 0.3720896 0.3842311 0.3542381 0.2814444 0.3212945 0.4033907 0.3742826 0.3853447 0.3943134 0.3898157 0.3362795 0.3177218 0.3612198 
taxon_30   0.3563794 0.3141661 0.3601415 0.3628403 0.3937498 0.3693574 0.3542381 0.3825639 0.3820089 0.3803466 0.3606805 0.4005423 0.3537037 0.3161959 0.3903764 0.3300424 0.3362795 0.3141661 0.3430953 0.3021015 0.3563794 0.3436222 0.3269432 0.3310783 0.3644643 0.3606805 0.3341947 0.3569157 0.3515700 0.0000000 0.3182311 0.2646545 0.3086124 0.3864600 0.3803466 0.3574523 0.3909376 0.3803466 0.3797933 0.3596029 0.2853355 0.3192509 0.4016803 0.3726372 0.3803466 0.3988383 0.3886954 0.3430953 0.3167042 0.3515700 
taxon_31   0.3666350 0.3259130 0.3612198 0.3596029 0.3948776 0.3709955 0.3436222 0.3753815 0.3864600 0.3764820 0.3644643 0.4045331 0.3585268 0.3192509 0.3842311 0.3305602 0.3425688 0.3197612 0.3478505 0.3096191 0.3521028 0.3394175 0.3336744 0.3341947 0.3612198 0.3660918 0.3321157 0.3569157 0.3553080 0.3182311 0.0000000 0.1023422 0.3035990 0.3742826 0.3699030 0.3462621 0.3748318 0.3671787 0.3704491 0.3644643 0.2809595 0.3167042 0.3994059 0.3699030 0.3859021 0.3988383 0.3926236 0.3499737 0.3253984 0.3585268 
taxon_32   0.3066030 0.2742027 0.3096191 0.3056003 0.3404665 0.3187408 0.2936716 0.3238568 0.3238568 0.3192509 0.3071048 0.3467912 0.2996123 0.2622863 0.3378469 0.2770910 0.2882671 0.2651290 0.2848480 0.2459152 0.2946585 0.2799905 0.2780563 0.2756454 0.3016030 0.3096191 0.2770910 0.3045990 0.3040988 0.2646545 0.1023422 0.0000000 0.2459152 0.3228308 0.3238568 0.2961412 0.3290079 0.3187408 0.3248842 0.3136595 0.2326162 0.2613411 0.3457334 0.3161959 0.3253984 0.3467912 0.3441494 0.2931787 0.2679825 0.3066030 
taxon_33   0.2703688 0.2371755 0.2618136 0.2708470 0.3040988 0.2872886 0.2561638 0.2882671 0.2931787 0.2917019 0.2756454 0.3091156 0.2627594 0.2267303 0.3228308 0.2670302 0.2780563 0.2580424 0.2863114 0.2454527 0.3006070 0.2867999 0.2732424 0.2732424 0.2961412 0.3030995 0.2785393 0.2907189 0.2951524 0.3086124 0.3035990 0.2459152 0.0000000 0.2887568 0.2946585 0.2660790 0.2986189 0.2976268 0.2907189 0.2785393 0.1932150 0.2213378 0.3091156 0.2780563 0.2936716 0.3056003 0.3045990 0.2519543 0.2298939 0.2689361 
taxon_34   0.3601415 0.3233436 0.3462621 0.3558435 0.3999739 0.3709955 0.3452050 0.3704491 0.3814544 0.3720896 0.3494423 0.3859021 0.3446770 0.3076070 0.3982712 0.3462621 0.3677228 0.3362795 0.3704491 0.3310783 0.3770329 0.3596029 0.3515700 0.3526361 0.3786879 0.3775841 0.3569157 0.3764820 0.3786879 0.3864600 0.3742826 0.3228308 0.2887568 0.0000000 0.2186560 0.1919223 0.2413027 0.2289886 0.3831192 0.3542381 0.2766088 0.3045990 0.3903764 0.3590647 0.3859021 0.3831192 0.3831192 0.3336744 0.3121418 0.3542381 
taxon_35   0.3494423 0.3233436 0.3579894 0.3644643 0.4108478 0.3715424 0.3499737 0.3792404 0.3903764 0.3748318 0.3628403 0.3920612 0.3505054 0.3141661 0.4005423 0.3547728 0.3650064 0.3394175 0.3660918 0.3228308 0.3803466 0.3622998 0.3499737 0.3494423 0.3726372 0.3770329 0.3655489 0.3748318 0.3792404 0.3803466 0.3699030 0.3238568 0.2946585 0.2186560 0.0000000 0.0302694 0.2289886 0.2199957 0.3965725 0.3699030 0.2829012 0.3151803 0.3977046 0.3720896 0.3875769 0.3909376 0.3847877 0.3321157 0.3126474 0.3505054 
taxon_36   0.3279749 0.3001095 0.3305602 0.3362795 0.3842311 0.3473207 0.3264279 0.3494423 0.3612198 0.3489113 0.3373240 0.3655489 0.3253984 0.2882671 0.3753815 0.3259130 0.3352363 0.3106272 0.3373240 0.2926861 0.3510375 0.3347153 0.3207830 0.3202720 0.3441494 0.3473207 0.3362795 0.3494423 0.3558435 0.3574523 0.3462621 0.2961412 0.2660790 0.1919223 0.0302694 0.0000000 0.2067053 0.1992774 0.3628403 0.3399418 0.2528877 0.2833875 0.3655489 0.3394175 0.3574523 0.3639226 0.3601415 0.3081095 0.2877777 0.3284912 
taxon_37   0.3606805 0.3284912 0.3569157 0.3671787 0.4143146 0.3797933 0.3553080 0.3836750 0.4011111 0.3847877 0.3596029 0.4056773 0.3622998 0.3223183 0.4120016 0.3612198 0.3709955 0.3499737 0.3781358 0.3399418 0.3903764 0.3726372 0.3688121 0.3671787 0.3892554 0.3920612 0.3742826 0.3842311 0.3847877 0.3909376 0.3748318 0.3290079 0.2986189 0.2413027 0.2289886 0.2067053 0.0000000 0.0779101 0.3948776 0.3715424 0.2907189 0.3172128 0.3994059 0.3803466 0.3898157 0.3937498 0.3914992 0.3409915 0.3223183 0.3622998 
taxon_38   0.3462621 0.3156879 0.3473207 0.3537037 0.4079709 0.3731853 0.3494423 0.3814544 0.3920612 0.3792404 0.3617596 0.4022500 0.3558435 0.3172128 0.3988383 0.3505054 0.3601415 0.3388936 0.3666350 0.3305602 0.3764820 0.3606805 0.3553080 0.3553080 0.3781358 0.3842311 0.3606805 0.3704491 0.3720896 0.3803466 0.3671787 0.3187408 0.2976268 0.2289886 0.2199957 0.1992774 0.0779101 0.0000000 0.3842311 0.3709955 0.2833875 0.3141661 0.3931865 0.3742826 0.3775841 0.3898157 0.3809003 0.3274589 0.3116366 0.3457334 
taxon_39   0.3628403 0.3315968 0.3650064 0.3682672 0.4096957 0.3781358 0.3515700 0.3886954 0.3898157 0.3775841 0.3759315 0.4033907 0.3579894 0.3218062 0.4212968 0.3569157 0.3633812 0.3430953 0.3704491 0.3404665 0.3842311 0.3688121 0.3601415 0.3590647 0.3847877 0.3864600 0.3682672 0.3892554 0.3842311 0.3797933 0.3704491 0.3248842 0.2907189 0.3831192 0.3965725 0.3628403 0.3948776 0.3842311 0.0000000 0.1880574 0.1307650 0.1914918 0.2713254 0.2491610 0.3628403 0.3853447 0.3892554 0.3202720 0.2966361 0.3326349 
taxon_40   0.3420427 0.3006070 0.3368016 0.3499737 0.3943134 0.3553080 0.3321157 0.3622998 0.3688121 0.3547728 0.3489113 0.3870182 0.3378469 0.2976268 0.3886954 0.3305602 0.3478505 0.3187408 0.3515700 0.3197612 0.3688121 0.3537037 0.3499737 0.3430953 0.3759315 0.3797933 0.3515700 0.3563794 0.3542381 0.3596029 0.3644643 0.3136595 0.2785393 0.3542381 0.3699030 0.3399418 0.3715424 0.3709955 0.1880574 0.0000000 0.1092512 0.1736338 0.2524208 0.2276328 0.3404665 0.3436222 0.3494423 0.2926861 0.2718042 0.3076070 
taxon_41   0.2589834 0.2240292 0.2599256 0.2670302 0.3061015 0.2742027 0.2505563 0.2843608 0.2872886 0.2780563 0.2722833 0.3006070 0.2524208 0.2168735 0.3096191 0.2524208 0.2622863 0.2431443 0.2684592 0.2362614 0.2838740 0.2698909 0.2580424 0.2599256 0.2877777 0.2907189 0.2689361 0.2809595 0.2814444 0.2853355 0.2809595 0.2326162 0.1932150 0.2766088 0.2829012 0.2528877 0.2907189 0.2833875 0.1307650 0.1092512 0.0000000 0.0936057 0.1782700 0.1504660 0.2632327 0.2684592 0.2718042 0.2115512 0.1923529 0.2285364 
taxon_42   0.2917019 0.2542900 0.2897372 0.2931787 0.3336744 0.3016030 0.2727627 0.3050995 0.3091156 0.3045990 0.2996123 0.3269432 0.2761270 0.2417626 0.3383700 0.2795065 0.2931787 0.2737224 0.2917019 0.2594543 0.3146730 0.2971313 0.2882671 0.2863114 0.3131533 0.3177218 0.3016030 0.3177218 0.3212945 0.3192509 0.3167042 0.2613411 0.2213378 0.3045990 0.3151803 0.2833875 0.3172128 0.3141661 0.1914918 0.1736338 0.0936057 0.0000000 0.1850651 0.1640317 0.2872886 0.2912102 0.2872886 0.2403835 0.2182100 0.2561638 
taxon_43   0.3731853 0.3373240 0.3666350 0.3831192 0.4120016 0.3847877 0.3553080 0.3999739 0.4022500 0.3954421 0.3836750 0.4201286 0.3682672 0.3315968 0.4230526 0.3671787 0.3797933 0.3612198 0.3726372 0.3499737 0.4028202 0.3864600 0.3792404 0.3786879 0.4016803 0.4120016 0.3814544 0.4051050 0.4033907 0.4016803 0.3994059 0.3457334 0.3091156 0.3903764 0.3977046 0.3655489 0.3994059 0.3931865 0.2713254 0.2524208 0.1782700 0.1850651 0.0000000 0.1975403 0.3753815 0.3914992 0.3926236 0.3284912 0.3056003 0.3436222 
taxon_44   0.3425688 0.3050995 0.3378469 0.3473207 0.3926236 0.3446770 0.3259130 0.3558435 0.3622998 0.3510375 0.3473207 0.3759315 0.3284912 0.2892469 0.3842311 0.3284912 0.3446770 0.3290079 0.3436222 0.3177218 0.3633812 0.3478505 0.3368016 0.3341947 0.3596029 0.3655489 0.3467912 0.3671787 0.3742826 0.3726372 0.3699030 0.3161959 0.2780563 0.3590647 0.3720896 0.3394175 0.3803466 0.3742826 0.2491610 0.2276328 0.1504660 0.1640317 0.1975403 0.0000000 0.3362795 0.3558435 0.3606805 0.2981227 0.2766088 0.3056003 
taxon_45   0.3585268 0.3295250 0.3622998 0.3655489 0.4085454 0.3820089 0.3569157 0.3875769 0.3943134 0.3842311 0.3759315 0.4033907 0.3579894 0.3202720 0.4056773 0.3457334 0.3622998 0.3436222 0.3677228 0.3305602 0.3864600 0.3682672 0.3494423 0.3537037 0.3847877 0.3786879 0.3699030 0.3726372 0.3853447 0.3803466 0.3859021 0.3253984 0.2936716 0.3859021 0.3875769 0.3574523 0.3898157 0.3775841 0.3628403 0.3404665 0.2632327 0.2872886 0.3753815 0.3362795 0.0000000 0.2829012 0.2746833 0.2244787 0.2075841 0.2473045 
taxon_46   0.3775841 0.3430953 0.3693574 0.3748318 0.3994059 0.3792404 0.3579894 0.3875769 0.3920612 0.3831192 0.3764820 0.4102715 0.3542381 0.3228308 0.3999739 0.3483807 0.3644643 0.3441494 0.3606805 0.3368016 0.3892554 0.3748318 0.3553080 0.3515700 0.3881360 0.3926236 0.3693574 0.3731853 0.3943134 0.3988383 0.3988383 0.3467912 0.3056003 0.3831192 0.3909376 0.3639226 0.3937498 0.3898157 0.3853447 0.3436222 0.2684592 0.2912102 0.3914992 0.3558435 0.2829012 0.0000000 0.1607205 0.2032007 0.1795394 0.2231310 
taxon_47   0.3709955 0.3336744 0.3677228 0.3726372 0.4028202 0.3864600 0.3639226 0.3892554 0.4005423 0.3842311 0.3814544 0.4096957 0.3596029 0.3259130 0.3965725 0.3494423 0.3660918 0.3473207 0.3682672 0.3368016 0.3903764 0.3699030 0.3596029 0.3574523 0.3875769 0.3988383 0.3682672 0.3742826 0.3898157 0.3886954 0.3926236 0.3441494 0.3045990 0.3831192 0.3847877 0.3601415 0.3914992 0.3809003 0.3892554 0.3494423 0.2718042 0.2872886 0.3926236 0.3606805 0.2746833 0.1607205 0.0000000 0.1958072 0.1744747 0.2195489 
taxon_48   0.3167042 0.2804748 0.3177218 0.3177218 0.3542381 0.3315968 0.3030995 0.3362795 0.3446770 0.3331544 0.3248842 0.3515700 0.3021015 0.2708470 0.3585268 0.2991154 0.3197612 0.3001095 0.3212945 0.2858233 0.3368016 0.3218062 0.3086124 0.3096191 0.3388936 0.3404665 0.3182311 0.3264279 0.3362795 0.3430953 0.3499737 0.2931787 0.2519543 0.3336744 0.3321157 0.3081095 0.3409915 0.3274589 0.3202720 0.2926861 0.2115512 0.2403835 0.3284912 0.2981227 0.2244787 0.2032007 0.1958072 0.0000000 0.0372429 0.1533231 
taxon_49   0.2941649 0.2603971 0.2971313 0.2981227 0.3310783 0.3101230 0.2833875 0.3086124 0.3233436 0.3106272 0.3061015 0.3264279 0.2766088 0.2449904 0.3305602 0.2742027 0.2951524 0.2746833 0.2986189 0.2637063 0.3141661 0.2961412 0.2872886 0.2858233 0.3141661 0.3167042 0.3016030 0.3081095 0.3177218 0.3167042 0.3253984 0.2679825 0.2298939 0.3121418 0.3126474 0.2877777 0.3223183 0.3116366 0.2966361 0.2718042 0.1923529 0.2182100 0.3056003 0.2766088 0.2075841 0.1795394 0.1744747 0.0372429 0.0000000 0.1295755 
taxon_50   0.3321157 0.2991154 0.3331544 0.3362795 0.3726372 0.3420427 0.3172128 0.3542381 0.3606805 0.3547728 0.3394175 0.3753815 0.3228308 0.2867999 0.3726372 0.3182311 0.3279749 0.3151803 0.3305602 0.2956466 0.3452050 0.3336744 0.3233436 0.3243703 0.3521028 0.3590647 0.3404665 0.3521028 0.3612198 0.3515700 0.3585268 0.3066030 0.2689361 0.3542381 0.3505054 0.3284912 0.3622998 0.3457334 0.3326349 0.3076070 0.2285364 0.2561638 0.3436222 0.3056003 0.2473045 0.2231310 0.2195489 0.1533231 0.1295755 0.0000000 
