RF=0.021277
WRF=0.325698
