RF=0.042553
WRF=0.117711
