50
taxon_1    0.0000000 0.0723832 0.2585127 0.2010185 0.2547580 0.2575723 0.2599256 0.1632025 0.4878851 0.4639937 0.5245416 0.5105846 0.5099265 0.5238711 0.5428766 0.5191940 0.5158710 0.5053353 0.5285775 0.5027243 0.5171984 0.5415030 0.5285775 0.5367150 0.5238711 0.5367150 0.5511716 0.4981769 0.5415030 0.5326352 0.5367150 0.5205273 0.4815238 0.4572175 0.5238711 0.4771027 0.4224669 0.4535470 0.5178630 0.5066442 0.4866085 0.5408171 0.5099265 0.5456315 0.5046817 0.5205273 0.5518671 0.5238711 0.5119027 0.4904448 
taxon_2    0.0723832 0.0000000 0.2524208 0.1945099 0.2514880 0.2533548 0.2566330 0.1570127 0.4739607 0.4547685 0.5145459 0.5033762 0.5040287 0.5152082 0.5353526 0.5158710 0.5132232 0.4994733 0.5265569 0.4968827 0.5119027 0.5442528 0.5292523 0.5306036 0.5191940 0.5333137 0.5408171 0.4904448 0.5367150 0.5394473 0.5367150 0.5198604 0.4796258 0.4590595 0.5258845 0.4771027 0.4230526 0.4498944 0.5132232 0.5066442 0.4834265 0.5299276 0.4988248 0.5285775 0.4968827 0.5112434 0.5442528 0.5178630 0.5072995 0.4827917 
taxon_3    0.2585127 0.2524208 0.0000000 0.0985312 0.2585127 0.2589834 0.2637063 0.1706984 0.5014222 0.4808906 0.5279034 0.5279034 0.5191940 0.5346724 0.5490893 0.5191940 0.5218631 0.5014222 0.5292523 0.5040287 0.5292523 0.5525631 0.5435644 0.5306036 0.5211949 0.5380799 0.5595594 0.5053353 0.5588569 0.5456315 0.5659124 0.5346724 0.4994733 0.4633752 0.5272298 0.4910861 0.4313009 0.4627571 0.5373972 0.5238711 0.4975295 0.5353526 0.5306036 0.5581549 0.5178630 0.5312802 0.5637888 0.5339927 0.5132232 0.4930133 
taxon_4    0.2010185 0.1945099 0.0985312 0.0000000 0.2010185 0.2036379 0.2058276 0.1104089 0.4348639 0.4131572 0.4621396 0.4541575 0.4553800 0.4733338 0.4802579 0.4708318 0.4658525 0.4492874 0.4727075 0.4432438 0.4633752 0.4910861 0.4796258 0.4670942 0.4590595 0.4789942 0.4955907 0.4402402 0.4975295 0.4859710 0.5007720 0.4708318 0.4450518 0.4039617 0.4658525 0.4295258 0.3715424 0.4016803 0.4739607 0.4677158 0.4402402 0.4802579 0.4578310 0.4885242 0.4505020 0.4658525 0.4943009 0.4708318 0.4572175 0.4354593 
taxon_5    0.2547580 0.2514880 0.2585127 0.2010185 0.0000000 0.1451886 0.1476197 0.1228702 0.4529370 0.4456554 0.4910861 0.5014222 0.4930133 0.5020730 0.5158710 0.4910861 0.4878851 0.4752159 0.5014222 0.4727075 0.4885242 0.5165344 0.5079554 0.5040287 0.4878851 0.5099265 0.5339927 0.4677158 0.5152082 0.5079554 0.5279034 0.4955907 0.4677158 0.4360553 0.4994733 0.4486808 0.3999739 0.4207125 0.4949455 0.4898041 0.4609061 0.5086118 0.4758443 0.5138843 0.4796258 0.4789942 0.5292523 0.4962364 0.4771027 0.4523275 
taxon_6    0.2575723 0.2533548 0.2589834 0.2036379 0.1451886 0.0000000 0.1150577 0.1213012 0.4572175 0.4535470 0.5027243 0.5007720 0.4962364 0.4988248 0.5105846 0.4846977 0.4878851 0.4739607 0.4955907 0.4683380 0.4846977 0.5191940 0.5007720 0.4891639 0.4714565 0.4975295 0.5245416 0.4621396 0.5152082 0.5020730 0.5178630 0.4878851 0.4547685 0.4259880 0.4975295 0.4420410 0.3909376 0.4212968 0.4898041 0.4821575 0.4541575 0.5132232 0.4714565 0.5014222 0.4689607 0.4853341 0.5132232 0.4859710 0.4764732 0.4529370 
taxon_7    0.2599256 0.2566330 0.2637063 0.2058276 0.1476197 0.1150577 0.0000000 0.1252300 0.4609061 0.4609061 0.5079554 0.5072995 0.5033762 0.5033762 0.5112434 0.4975295 0.5079554 0.4904448 0.5112434 0.4771027 0.5020730 0.5245416 0.5112434 0.5066442 0.4846977 0.5086118 0.5306036 0.4752159 0.5171984 0.5066442 0.5225318 0.5007720 0.4664731 0.4384438 0.5086118 0.4498944 0.4016803 0.4324867 0.4910861 0.4872465 0.4547685 0.5258845 0.4827917 0.5158710 0.4796258 0.4917280 0.5265569 0.4968827 0.4815238 0.4621396 
taxon_8    0.1632025 0.1570127 0.1706984 0.1104089 0.1228702 0.1213012 0.1252300 0.0000000 0.3655489 0.3515700 0.4022500 0.4005423 0.3988384 0.4068232 0.4114245 0.3937498 0.3988384 0.3820089 0.3994059 0.3715424 0.3909376 0.4230526 0.4131572 0.4022500 0.3881360 0.4102715 0.4212968 0.3660918 0.4242254 0.4085454 0.4254000 0.3971383 0.3628403 0.3352363 0.4016803 0.3569157 0.3016030 0.3300424 0.3948776 0.3859022 0.3606805 0.4114245 0.3825639 0.4096957 0.3770329 0.3960071 0.4248125 0.3988384 0.3937498 0.3671787 
taxon_9    0.4878851 0.4739607 0.5014222 0.4348639 0.4529370 0.4572175 0.4609061 0.3655489 0.0000000 0.1884858 0.2473045 0.2477682 0.2440668 0.4771027 0.4739607 0.4615226 0.4639937 0.4523275 0.4771027 0.4590595 0.4834265 0.5040287 0.4846977 0.4702075 0.4547685 0.4840618 0.5014222 0.4492874 0.4917280 0.4923704 0.4955907 0.4714565 0.4462595 0.4207125 0.4962364 0.4402402 0.3881360 0.4033907 0.4745880 0.4596745 0.4318936 0.4955907 0.4615226 0.4949455 0.4578310 0.4764732 0.5007720 0.4802579 0.4695838 0.4492874 
taxon_10   0.4639937 0.4547685 0.4808906 0.4131572 0.4456554 0.4535470 0.4609061 0.3515700 0.1884858 0.0000000 0.1673577 0.1615469 0.1504660 0.4652324 0.4652324 0.4426422 0.4450518 0.4330803 0.4572175 0.4307087 0.4615226 0.4910861 0.4708318 0.4547685 0.4372486 0.4541575 0.4733338 0.4277548 0.4702075 0.4609061 0.4745880 0.4523275 0.4271654 0.4022500 0.4664731 0.4177976 0.3650064 0.3847877 0.4572175 0.4480748 0.4212968 0.4834265 0.4432438 0.4872465 0.4354593 0.4609061 0.4802579 0.4670942 0.4474692 0.4307087 
taxon_11   0.5245416 0.5145459 0.5279034 0.4621396 0.4910861 0.5027243 0.5079554 0.4022500 0.2473045 0.1673577 0.0000000 0.1504660 0.1347438 0.5138843 0.5158710 0.4898041 0.4930133 0.4821575 0.5132232 0.4840618 0.5145459 0.5428766 0.5218631 0.5132232 0.4885242 0.5099265 0.5380799 0.4789942 0.5272298 0.5265569 0.5306036 0.5072995 0.4745880 0.4402402 0.5171984 0.4664731 0.4056773 0.4354593 0.5072995 0.4853341 0.4572175 0.5306036 0.4930133 0.5245416 0.4789942 0.5059894 0.5232011 0.5099265 0.4975295 0.4796258 
taxon_12   0.5105846 0.5033762 0.5279034 0.4541575 0.5014222 0.5007720 0.5072995 0.4005423 0.2477682 0.1615469 0.1504660 0.0000000 0.1232630 0.5014222 0.4994733 0.4783632 0.4859710 0.4702075 0.4955907 0.4658525 0.4968827 0.5449418 0.5191940 0.5027243 0.4827917 0.5014222 0.5272298 0.4677158 0.5258845 0.5205273 0.5252128 0.4955907 0.4752159 0.4438460 0.5191940 0.4602900 0.4051050 0.4330803 0.5053353 0.4815238 0.4541575 0.5285775 0.4872465 0.5191940 0.4714565 0.5152082 0.5292523 0.5066442 0.4955907 0.4789942 
taxon_13   0.5099265 0.5040287 0.5191940 0.4553800 0.4930133 0.4962364 0.5033762 0.3988384 0.2440668 0.1504660 0.1347438 0.1232630 0.0000000 0.5165344 0.5059894 0.4796258 0.4802579 0.4670942 0.4981769 0.4702075 0.5014222 0.5367150 0.5138843 0.5020730 0.4802579 0.5027243 0.5258845 0.4689607 0.5191940 0.5171984 0.5152082 0.4949455 0.4683380 0.4420410 0.5132232 0.4602900 0.4045331 0.4259880 0.5092689 0.4878851 0.4590595 0.5265569 0.4834265 0.5218631 0.4733338 0.5033762 0.5245416 0.5099265 0.4910861 0.4702075 
taxon_14   0.5238711 0.5152082 0.5346724 0.4733338 0.5020730 0.4988248 0.5033762 0.4068232 0.4771027 0.4652324 0.5138843 0.5014222 0.5165344 0.0000000 0.1640317 0.2463780 0.2431443 0.2358048 0.2519543 0.2258288 0.4834265 0.5046817 0.4943009 0.4821575 0.4720818 0.4853341 0.5158710 0.4621396 0.4975295 0.4962364 0.5001224 0.4796258 0.4541575 0.4330803 0.5033762 0.4553800 0.4022500 0.4189622 0.4752159 0.4621396 0.4414402 0.5046817 0.4783632 0.5225318 0.4853341 0.4936568 0.5211949 0.5059894 0.4859710 0.4670942 
taxon_15   0.5428766 0.5353526 0.5490893 0.4802579 0.5158710 0.5105846 0.5112434 0.4114245 0.4739607 0.4652324 0.5158710 0.4994733 0.5059894 0.1640317 0.0000000 0.2445285 0.2390070 0.2321618 0.2491610 0.2222338 0.4783632 0.5086118 0.5046817 0.4898041 0.4702075 0.4930133 0.5165344 0.4627571 0.5040287 0.4930133 0.5053353 0.4802579 0.4627571 0.4384438 0.5158710 0.4627571 0.4079709 0.4265765 0.4878851 0.4658525 0.4523275 0.5198604 0.4834265 0.5258845 0.4878851 0.4936568 0.5105846 0.5066442 0.4796258 0.4553800 
taxon_16   0.5191940 0.5158710 0.5191940 0.4708318 0.4910861 0.4846977 0.4975295 0.3937498 0.4615226 0.4426422 0.4898041 0.4783632 0.4796258 0.2463780 0.2445285 0.0000000 0.1240492 0.1158353 0.2150952 0.1859188 0.4664731 0.4943009 0.4708318 0.4652324 0.4511100 0.4633752 0.4866085 0.4378460 0.4891639 0.4745880 0.4968827 0.4627571 0.4236388 0.4120016 0.4866085 0.4336743 0.3825639 0.3926236 0.4609061 0.4318936 0.4166348 0.4930133 0.4596745 0.4936568 0.4559920 0.4720818 0.4930133 0.4821575 0.4590595 0.4390422 
taxon_17   0.5158710 0.5132232 0.5218631 0.4658525 0.4878851 0.4878851 0.5079554 0.3988384 0.4639937 0.4450518 0.4930133 0.4859710 0.4802579 0.2431443 0.2390070 0.1240492 0.0000000 0.0643500 0.2155394 0.1927838 0.4821575 0.4943009 0.4733338 0.4727075 0.4584450 0.4745880 0.4975295 0.4486808 0.4917280 0.4783632 0.4994733 0.4670942 0.4378460 0.4224669 0.4936568 0.4390422 0.3875769 0.4056773 0.4727075 0.4456554 0.4301170 0.4975295 0.4664731 0.5053353 0.4708318 0.4758443 0.4917280 0.4808906 0.4658525 0.4474692 
taxon_18   0.5053353 0.4994733 0.5014222 0.4492874 0.4752159 0.4739607 0.4904448 0.3820089 0.4523275 0.4330803 0.4821575 0.4702075 0.4670942 0.2358048 0.2321618 0.1158353 0.0643500 0.0000000 0.2075841 0.1799630 0.4702075 0.4936568 0.4683380 0.4639937 0.4486808 0.4664731 0.4885242 0.4372486 0.4859710 0.4695838 0.4955907 0.4523275 0.4277548 0.4154738 0.4885242 0.4336743 0.3809003 0.3926236 0.4584450 0.4342689 0.4172160 0.4917280 0.4578310 0.4936568 0.4553800 0.4658525 0.4834265 0.4702075 0.4602900 0.4372486 
taxon_19   0.5285775 0.5265569 0.5292523 0.4727075 0.5014222 0.4955907 0.5112434 0.3994059 0.4771027 0.4572175 0.5132232 0.4955907 0.4981769 0.2519543 0.2491610 0.2150952 0.2155394 0.2075841 0.0000000 0.1367412 0.4695838 0.4917280 0.4777327 0.4771027 0.4492874 0.4777327 0.4962364 0.4486808 0.4866085 0.4796258 0.4943009 0.4658525 0.4408400 0.4183797 0.4930133 0.4384438 0.3881360 0.4022500 0.4789942 0.4511100 0.4324867 0.5046817 0.4664731 0.5086118 0.4646128 0.4802579 0.4917280 0.4943009 0.4708318 0.4529370 
taxon_20   0.5027243 0.4968827 0.5040287 0.4432438 0.4727075 0.4683380 0.4771027 0.3715424 0.4590595 0.4307087 0.4840618 0.4658525 0.4702075 0.2258288 0.2222338 0.1859188 0.1927838 0.1799630 0.1367412 0.0000000 0.4492874 0.4758443 0.4602900 0.4414402 0.4265765 0.4462595 0.4727075 0.4201286 0.4621396 0.4559920 0.4720818 0.4438460 0.4143146 0.3892554 0.4689607 0.4108478 0.3612199 0.3792404 0.4444487 0.4248125 0.4091203 0.4733338 0.4462595 0.4796258 0.4486808 0.4559920 0.4683380 0.4590595 0.4426422 0.4248125 
taxon_21   0.5171984 0.5119027 0.5292523 0.4633752 0.4885242 0.4846977 0.5020730 0.3909376 0.4834265 0.4615226 0.5145459 0.4968827 0.5014222 0.4834265 0.4783632 0.4664731 0.4821575 0.4702075 0.4695838 0.4492874 0.0000000 0.4028202 0.3881360 0.3809003 0.3628403 0.3886955 0.4160541 0.3558435 0.3999739 0.3943135 0.4011111 0.3803466 0.3494423 0.3218062 0.3977046 0.3499737 0.2887568 0.3066030 0.3770329 0.3579894 0.3394175 0.3881360 0.3617596 0.3898157 0.3633812 0.3836750 0.3898157 0.3831192 0.3731853 0.3489113 
taxon_22   0.5415030 0.5442528 0.5525631 0.4910861 0.5165344 0.5191940 0.5245416 0.4230526 0.5040287 0.4910861 0.5428766 0.5449418 0.5367150 0.5046817 0.5086118 0.4943009 0.4943009 0.4936568 0.4917280 0.4758443 0.4028202 0.0000000 0.2080238 0.3425688 0.3223184 0.3457334 0.3628403 0.3096191 0.3579894 0.3430953 0.3612199 0.3494423 0.3494423 0.3259130 0.4028202 0.3467912 0.2926861 0.3101230 0.3671787 0.3628403 0.3394175 0.4022500 0.3606805 0.3892554 0.3510375 0.3864600 0.3982712 0.3726373 0.3699030 0.3478505 
taxon_23   0.5285775 0.5292523 0.5435644 0.4796258 0.5079554 0.5007720 0.5112434 0.4131572 0.4846977 0.4708318 0.5218631 0.5191940 0.5138843 0.4943009 0.5046817 0.4708318 0.4733338 0.4683380 0.4777327 0.4602900 0.3881360 0.2080238 0.0000000 0.3274589 0.3071048 0.3290079 0.3489113 0.2981227 0.3362795 0.3321157 0.3489113 0.3326349 0.3415169 0.3086124 0.3886955 0.3315968 0.2746833 0.3001095 0.3709955 0.3510375 0.3274589 0.3803466 0.3489113 0.3764820 0.3452050 0.3781358 0.3898157 0.3671787 0.3677228 0.3310783 
taxon_24   0.5367150 0.5306036 0.5306036 0.4670942 0.5040287 0.4891639 0.5066442 0.4022500 0.4702075 0.4547685 0.5132232 0.5027243 0.5020730 0.4821575 0.4898041 0.4652324 0.4727075 0.4639937 0.4771027 0.4414402 0.3809003 0.3425688 0.3274589 0.0000000 0.1415566 0.2045130 0.2186560 0.1698618 0.3218062 0.3050995 0.3295250 0.3096191 0.3253984 0.3045990 0.3853447 0.3274589 0.2718042 0.2921938 0.3639226 0.3499737 0.3177218 0.3715424 0.3415169 0.3655489 0.3425688 0.3671787 0.3809003 0.3622998 0.3563794 0.3305602 
taxon_25   0.5238711 0.5191940 0.5211949 0.4590595 0.4878851 0.4714565 0.4846977 0.3881360 0.4547685 0.4372486 0.4885242 0.4827917 0.4802579 0.4720818 0.4702075 0.4511100 0.4584450 0.4486808 0.4492874 0.4265765 0.3628403 0.3223184 0.3071048 0.1415566 0.0000000 0.1757376 0.1927838 0.1468084 0.2996123 0.2867999 0.3061015 0.2926861 0.3056003 0.2824153 0.3677228 0.3021015 0.2510220 0.2689361 0.3415169 0.3238568 0.2936717 0.3542381 0.3192509 0.3430953 0.3202720 0.3569157 0.3617596 0.3436222 0.3310783 0.3101230 
taxon_26   0.5367150 0.5333137 0.5380799 0.4789942 0.5099265 0.4975295 0.5086118 0.4102715 0.4840618 0.4541575 0.5099265 0.5014222 0.5027243 0.4853341 0.4930133 0.4633752 0.4745880 0.4664731 0.4777327 0.4462595 0.3886955 0.3457334 0.3290079 0.2045130 0.1757376 0.0000000 0.2186560 0.1681915 0.3352363 0.3212945 0.3290079 0.3212945 0.3253984 0.3096191 0.3892554 0.3315968 0.2770910 0.2907189 0.3633812 0.3489113 0.3151803 0.3792404 0.3499737 0.3797933 0.3462621 0.3731853 0.3820089 0.3585269 0.3585269 0.3310783 
taxon_27   0.5511716 0.5408171 0.5595594 0.4955907 0.5339927 0.5245416 0.5306036 0.4212968 0.5014222 0.4733338 0.5380799 0.5272298 0.5258845 0.5158710 0.5165344 0.4866085 0.4975295 0.4885242 0.4962364 0.4727075 0.4160541 0.3628403 0.3489113 0.2186560 0.1927838 0.2186560 0.0000000 0.1403498 0.3489113 0.3347153 0.3547728 0.3357577 0.3494423 0.3269432 0.4056773 0.3430953 0.2966361 0.3156879 0.3870182 0.3660918 0.3368016 0.3920612 0.3742826 0.4011111 0.3726373 0.3920612 0.3926236 0.3737337 0.3764820 0.3558435 
taxon_28   0.4981769 0.4904448 0.5053353 0.4402402 0.4677158 0.4621396 0.4752159 0.3660918 0.4492874 0.4277548 0.4789942 0.4677158 0.4689607 0.4621396 0.4627571 0.4378460 0.4486808 0.4372486 0.4486808 0.4201286 0.3558435 0.3096191 0.2981227 0.1698618 0.1468084 0.1681915 0.1403498 0.0000000 0.2956466 0.2848480 0.3026003 0.2795065 0.2966361 0.2751642 0.3478505 0.2921938 0.2440668 0.2599256 0.3300424 0.3106272 0.2814444 0.3462621 0.3151803 0.3357577 0.3131533 0.3394175 0.3388936 0.3248842 0.3228308 0.2946585 
taxon_29   0.5415030 0.5367150 0.5588569 0.4975295 0.5152082 0.5152082 0.5171984 0.4242254 0.4917280 0.4702075 0.5272298 0.5258845 0.5191940 0.4975295 0.5040287 0.4891639 0.4917280 0.4859710 0.4866085 0.4621396 0.3999739 0.3579894 0.3362795 0.3218062 0.2996123 0.3352363 0.3489113 0.2956466 0.0000000 0.1197354 0.3111317 0.2986189 0.3425688 0.3295250 0.4051050 0.3462621 0.2917019 0.3121418 0.3731853 0.3644643 0.3352363 0.3937498 0.3585269 0.3864600 0.3579894 0.3814544 0.3937498 0.3742826 0.3764820 0.3467912 
taxon_30   0.5326352 0.5394473 0.5456315 0.4859710 0.5079554 0.5020730 0.5066442 0.4085454 0.4923704 0.4609061 0.5265569 0.5205273 0.5171984 0.4962364 0.4930133 0.4745880 0.4783632 0.4695838 0.4796258 0.4559920 0.3943135 0.3430953 0.3321157 0.3050995 0.2867999 0.3212945 0.3347153 0.2848480 0.1197354 0.0000000 0.3061015 0.2848480 0.3326349 0.3136595 0.3943135 0.3326349 0.2780563 0.3006070 0.3688121 0.3574524 0.3269432 0.3870182 0.3515700 0.3864600 0.3579894 0.3775841 0.3931865 0.3688121 0.3764820 0.3409915 
taxon_31   0.5367150 0.5367150 0.5659124 0.5007720 0.5279034 0.5178630 0.5225318 0.4254000 0.4955907 0.4745880 0.5306036 0.5252128 0.5152082 0.5001224 0.5053353 0.4968827 0.4994733 0.4955907 0.4943009 0.4720818 0.4011111 0.3612199 0.3489113 0.3295250 0.3061015 0.3290079 0.3547728 0.3026003 0.3111317 0.3061015 0.0000000 0.2399244 0.3352363 0.3207830 0.3982712 0.3409915 0.2882671 0.3161959 0.3693574 0.3612199 0.3315968 0.3920612 0.3655489 0.3931865 0.3606805 0.3982712 0.3909376 0.3737337 0.3720896 0.3505054 
taxon_32   0.5205273 0.5198604 0.5346724 0.4708318 0.4955907 0.4878851 0.5007720 0.3971383 0.4714565 0.4523275 0.5072995 0.4955907 0.4949455 0.4796258 0.4802579 0.4627571 0.4670942 0.4523275 0.4658525 0.4438460 0.3803466 0.3494423 0.3326349 0.3096191 0.2926861 0.3212945 0.3357577 0.2795065 0.2986189 0.2848480 0.2399244 0.0000000 0.3248842 0.3096191 0.3825639 0.3177218 0.2732424 0.2917019 0.3569157 0.3457334 0.3228308 0.3809003 0.3553080 0.3770329 0.3547728 0.3731853 0.3650064 0.3537037 0.3515700 0.3321157 
taxon_33   0.4815238 0.4796258 0.4994733 0.4450518 0.4677158 0.4547685 0.4664731 0.3628403 0.4462595 0.4271654 0.4745880 0.4752159 0.4683380 0.4541575 0.4627571 0.4236388 0.4378460 0.4277548 0.4408400 0.4143146 0.3494423 0.3494423 0.3415169 0.3253984 0.3056003 0.3253984 0.3494423 0.2966361 0.3425688 0.3326349 0.3352363 0.3248842 0.0000000 0.1846386 0.2627594 0.2045130 0.1516891 0.2208902 0.2756455 0.2547580 0.2308002 0.3321157 0.2976268 0.3259130 0.3011048 0.3321157 0.3315968 0.3197612 0.3300424 0.2912102 
taxon_34   0.4572175 0.4590595 0.4633752 0.4039617 0.4360553 0.4259880 0.4384438 0.3352363 0.4207125 0.4022500 0.4402402 0.4438460 0.4420410 0.4330803 0.4384438 0.4120016 0.4224669 0.4154738 0.4183797 0.3892554 0.3218062 0.3259130 0.3086124 0.3045990 0.2824153 0.3096191 0.3269432 0.2751642 0.3295250 0.3136595 0.3207830 0.3096191 0.1846386 0.0000000 0.1640317 0.1065568 0.0513876 0.1984083 0.2566330 0.2491610 0.2191023 0.3101230 0.2751642 0.3101230 0.2766088 0.3035990 0.3101230 0.2926861 0.2897372 0.2665544 
taxon_35   0.5238711 0.5258845 0.5272298 0.4658525 0.4994733 0.4975295 0.5086118 0.4016803 0.4962364 0.4664731 0.5171984 0.5191940 0.5132232 0.5033762 0.5158710 0.4866085 0.4936568 0.4885242 0.4930133 0.4689607 0.3977046 0.4028202 0.3886955 0.3853447 0.3677228 0.3892554 0.4056773 0.3478505 0.4051050 0.3943135 0.3982712 0.3825639 0.2627594 0.1640317 0.0000000 0.1632025 0.1193445 0.2684592 0.3295250 0.3161959 0.2897372 0.3809003 0.3537037 0.3875769 0.3633812 0.3875769 0.3864600 0.3759315 0.3622998 0.3378469 
taxon_36   0.4771027 0.4771027 0.4910861 0.4295258 0.4486808 0.4420410 0.4498944 0.3569157 0.4402402 0.4177976 0.4664731 0.4602900 0.4602900 0.4553800 0.4627571 0.4336743 0.4390422 0.4336743 0.4384438 0.4108478 0.3499737 0.3467912 0.3315968 0.3274589 0.3021015 0.3315968 0.3430953 0.2921938 0.3462621 0.3326349 0.3409915 0.3177218 0.2045130 0.1065568 0.1632025 0.0000000 0.0654404 0.2164285 0.2790227 0.2684592 0.2445285 0.3331545 0.2936717 0.3233436 0.3016030 0.3300424 0.3300424 0.3151803 0.3091156 0.2843608 
taxon_37   0.4224669 0.4230526 0.4313009 0.3715424 0.3999739 0.3909376 0.4016803 0.3016030 0.3881360 0.3650064 0.4056773 0.4051050 0.4045331 0.4022500 0.4079709 0.3825639 0.3875769 0.3809003 0.3881360 0.3612199 0.2887568 0.2926861 0.2746833 0.2718042 0.2510220 0.2770910 0.2966361 0.2440668 0.2917019 0.2780563 0.2882671 0.2732424 0.1516891 0.0513876 0.1193445 0.0654404 0.0000000 0.1632025 0.2240292 0.2119933 0.1872012 0.2780563 0.2426835 0.2766088 0.2468412 0.2737224 0.2785393 0.2627594 0.2589834 0.2326162 
taxon_38   0.4535470 0.4498944 0.4627571 0.4016803 0.4207125 0.4212968 0.4324867 0.3300424 0.4033907 0.3847877 0.4354593 0.4330803 0.4259880 0.4189622 0.4265765 0.3926236 0.4056773 0.3926236 0.4022500 0.3792404 0.3066030 0.3101230 0.3001095 0.2921938 0.2689361 0.2907189 0.3156879 0.2599256 0.3121418 0.3006070 0.3161959 0.2917019 0.2208902 0.1984083 0.2684592 0.2164285 0.1632025 0.0000000 0.2473045 0.2240292 0.2001474 0.3001095 0.2632327 0.2931787 0.2660790 0.2991154 0.3040988 0.2829012 0.2809595 0.2542900 
taxon_39   0.5178630 0.5132232 0.5373972 0.4739607 0.4949455 0.4898041 0.4910861 0.3948776 0.4745880 0.4572175 0.5072995 0.5053353 0.5092689 0.4752159 0.4878851 0.4609061 0.4727075 0.4584450 0.4789942 0.4444487 0.3770329 0.3671787 0.3709955 0.3639226 0.3415169 0.3633812 0.3870182 0.3300424 0.3731853 0.3688121 0.3693574 0.3569157 0.2756455 0.2566330 0.3295250 0.2790227 0.2240292 0.2473045 0.0000000 0.2353484 0.2062664 0.3655489 0.3341947 0.3628403 0.3300424 0.3655489 0.3704491 0.3478505 0.3542381 0.3264279 
taxon_40   0.5066442 0.5066442 0.5238711 0.4677158 0.4898041 0.4821575 0.4872465 0.3859022 0.4596745 0.4480748 0.4853341 0.4815238 0.4878851 0.4621396 0.4658525 0.4318936 0.4456554 0.4342689 0.4511100 0.4248125 0.3579894 0.3628403 0.3510375 0.3499737 0.3238568 0.3489113 0.3660918 0.3106272 0.3644643 0.3574524 0.3612199 0.3457334 0.2547580 0.2491610 0.3161959 0.2684592 0.2119933 0.2240292 0.2353484 0.0000000 0.0853433 0.3462621 0.3081095 0.3399418 0.3116366 0.3388936 0.3499737 0.3274589 0.3315968 0.3076070 
taxon_41   0.4866085 0.4834265 0.4975295 0.4402402 0.4609061 0.4541575 0.4547685 0.3606805 0.4318936 0.4212968 0.4572175 0.4541575 0.4590595 0.4414402 0.4523275 0.4166348 0.4301170 0.4172160 0.4324867 0.4091203 0.3394175 0.3394175 0.3274589 0.3177218 0.2936717 0.3151803 0.3368016 0.2814444 0.3352363 0.3269432 0.3315968 0.3228308 0.2308002 0.2191023 0.2897372 0.2445285 0.1872012 0.2001474 0.2062664 0.0853433 0.0000000 0.3207830 0.2795065 0.3136595 0.2853355 0.3161959 0.3269432 0.3091156 0.3086124 0.2770910 
taxon_42   0.5408171 0.5299276 0.5353526 0.4802579 0.5086118 0.5132232 0.5258845 0.4114245 0.4955907 0.4834265 0.5306036 0.5285775 0.5265569 0.5046817 0.5198604 0.4930133 0.4975295 0.4917280 0.5046817 0.4733338 0.3881360 0.4022500 0.3803466 0.3715424 0.3542381 0.3792404 0.3920612 0.3462621 0.3937498 0.3870182 0.3920612 0.3809003 0.3321157 0.3101230 0.3809003 0.3331545 0.2780563 0.3001095 0.3655489 0.3462621 0.3207830 0.0000000 0.3368016 0.3639226 0.3368016 0.3542381 0.3693574 0.3526361 0.3457334 0.3156879 
taxon_43   0.5099265 0.4988248 0.5306036 0.4578310 0.4758443 0.4714565 0.4827917 0.3825639 0.4615226 0.4432438 0.4930133 0.4872465 0.4834265 0.4783632 0.4834265 0.4596745 0.4664731 0.4578310 0.4664731 0.4462595 0.3617596 0.3606805 0.3489113 0.3415169 0.3192509 0.3499737 0.3742826 0.3151803 0.3585269 0.3515700 0.3655489 0.3553080 0.2976268 0.2751642 0.3537037 0.2936717 0.2426835 0.2632327 0.3341947 0.3081095 0.2795065 0.3368016 0.0000000 0.1598949 0.1272021 0.2718042 0.2887568 0.2632327 0.2675062 0.2399244 
taxon_44   0.5456315 0.5285775 0.5581549 0.4885242 0.5138843 0.5014222 0.5158710 0.4096957 0.4949455 0.4872465 0.5245416 0.5191940 0.5218631 0.5225318 0.5258845 0.4936568 0.5053353 0.4936568 0.5086118 0.4796258 0.3898157 0.3892554 0.3764820 0.3655489 0.3430953 0.3797933 0.4011111 0.3357577 0.3864600 0.3864600 0.3931865 0.3770329 0.3259130 0.3101230 0.3875769 0.3233436 0.2766088 0.2931787 0.3628403 0.3399418 0.3136595 0.3639226 0.1598949 0.0000000 0.1578350 0.3091156 0.3182311 0.2892469 0.2961412 0.2651290 
taxon_45   0.5046817 0.4968827 0.5178630 0.4505020 0.4796258 0.4689607 0.4796258 0.3770329 0.4578310 0.4354593 0.4789942 0.4714565 0.4733338 0.4853341 0.4878851 0.4559920 0.4708318 0.4553800 0.4646128 0.4486808 0.3633812 0.3510375 0.3452050 0.3425688 0.3202720 0.3462621 0.3726373 0.3131533 0.3579894 0.3579894 0.3606805 0.3547728 0.3011048 0.2766088 0.3633812 0.3016030 0.2468412 0.2660790 0.3300424 0.3116366 0.2853355 0.3368016 0.1272021 0.1578350 0.0000000 0.2703688 0.2838740 0.2594543 0.2665544 0.2326162 
taxon_46   0.5205273 0.5112434 0.5312802 0.4658525 0.4789942 0.4853341 0.4917280 0.3960071 0.4764732 0.4609061 0.5059894 0.5152082 0.5033762 0.4936568 0.4936568 0.4720818 0.4758443 0.4658525 0.4802579 0.4559920 0.3836750 0.3864600 0.3781358 0.3671787 0.3569157 0.3731853 0.3920612 0.3394175 0.3814544 0.3775841 0.3982712 0.3731853 0.3321157 0.3035990 0.3875769 0.3300424 0.2737224 0.2991154 0.3655489 0.3388936 0.3161959 0.3542381 0.2718042 0.3091156 0.2703688 0.0000000 0.2566330 0.2394656 0.2339811 0.2102265 
taxon_47   0.5518671 0.5442528 0.5637888 0.4943009 0.5292523 0.5132232 0.5265569 0.4248125 0.5007720 0.4802579 0.5232011 0.5292523 0.5245416 0.5211949 0.5105846 0.4930133 0.4917280 0.4834265 0.4917280 0.4683380 0.3898157 0.3982712 0.3898157 0.3809003 0.3617596 0.3820089 0.3926236 0.3388936 0.3937498 0.3931865 0.3909376 0.3650064 0.3315968 0.3101230 0.3864600 0.3300424 0.2785393 0.3040988 0.3704491 0.3499737 0.3269432 0.3693574 0.2887568 0.3182311 0.2838740 0.2566330 0.0000000 0.1279924 0.2182100 0.1966732 
taxon_48   0.5238711 0.5178630 0.5339927 0.4708318 0.4962364 0.4859710 0.4968827 0.3988384 0.4802579 0.4670942 0.5099265 0.5066442 0.5099265 0.5059894 0.5066442 0.4821575 0.4808906 0.4702075 0.4943009 0.4590595 0.3831192 0.3726373 0.3671787 0.3622998 0.3436222 0.3585269 0.3737337 0.3248842 0.3742826 0.3688121 0.3737337 0.3537037 0.3197612 0.2926861 0.3759315 0.3151803 0.2627594 0.2829012 0.3478505 0.3274589 0.3091156 0.3526361 0.2632327 0.2892469 0.2594543 0.2394656 0.1279924 0.0000000 0.2027637 0.1791160 
taxon_49   0.5119027 0.5072995 0.5132232 0.4572175 0.4771027 0.4764732 0.4815238 0.3937498 0.4695838 0.4474692 0.4975295 0.4955907 0.4910861 0.4859710 0.4796258 0.4590595 0.4658525 0.4602900 0.4708318 0.4426422 0.3731853 0.3699030 0.3677228 0.3563794 0.3310783 0.3585269 0.3764820 0.3228308 0.3764820 0.3764820 0.3720896 0.3515700 0.3300424 0.2897372 0.3622998 0.3091156 0.2589834 0.2809595 0.3542381 0.3315968 0.3086124 0.3457334 0.2675062 0.2961412 0.2665544 0.2339811 0.2182100 0.2027637 0.0000000 0.1492448 
taxon_50   0.4904448 0.4827917 0.4930133 0.4354593 0.4523275 0.4529370 0.4621396 0.3671787 0.4492874 0.4307087 0.4796258 0.4789942 0.4702075 0.4670942 0.4553800 0.4390422 0.4474692 0.4372486 0.4529370 0.4248125 0.3489113 0.3478505 0.3310783 0.3305602 0.3101230 0.3310783 0.3558435 0.2946585 0.3467912 0.3409915 0.3505054 0.3321157 0.2912102 0.2665544 0.3378469 0.2843608 0.2326162 0.2542900 0.3264279 0.3076070 0.2770910 0.3156879 0.2399244 0.2651290 0.2326162 0.2102265 0.1966732 0.1791160 0.1492448 0.0000000 
