RF=0.510638
WRF=0.039450
