30
taxon_1    0.0000000 0.7487667 1.7594517 2.1409902 1.7786835 2.3385532 2.4732425 2.4141569 2.0447995 1.6700602 1.5043897 2.2156375 1.8774418 1.6785345 2.2605611 1.6785345 1.7314981 2.5241092 2.4490469 3.3886190 2.0950571 2.9116275 3.2381161 1.9657791 1.8448280 1.6492833 1.7089736 3.2730061 1.8774418 1.6055043 
taxon_2    0.7487667 0.0000000 2.0731040 1.4093261 2.7182557 1.6533929 1.7407007 1.5532444 1.5496472 2.3182818 2.1409902 1.6785345 2.5646599 2.4610471 1.6370879 2.2069668 2.3700265 1.7453446 1.7835695 1.8719068 1.7045491 2.0310377 1.8186930 2.9570960 2.4372356 2.4610471 2.2698770 1.8238476 2.5241092 2.4028785 
taxon_3    1.7594517 2.0731040 0.0000000 0.4834842 1.8342645 3.6326859 2.5508971 2.4856395 2.2244095 1.6658585 1.7984215 2.6223807 1.7984215 1.6330665 2.5110655 1.5532444 1.7594517 2.2985439 2.1732533 2.3808180 2.6529972 2.6849169 2.7182557 1.7642136 1.7045491 1.6828084 1.6451961 2.5929651 1.8395276 1.6871065 
taxon_4    2.1409902 1.4093261 0.4834842 0.0000000 2.7014010 1.9783845 1.8290380 1.6658585 1.6055043 2.4141569 2.7014010 1.9173752 2.5508971 2.0517763 1.5460673 2.2069668 2.4028785 1.7089736 1.6451961 1.6330665 1.7547198 1.7453446 1.7594517 2.5373836 2.2513585 2.4610471 2.3917671 1.8448280 2.7897379 2.3593872 
taxon_5    1.7786835 2.7182557 1.8342645 2.7014010 0.0000000 2.2888663 2.1899206 1.7001503 1.7224071 1.4843887 1.5978119 2.4028785 1.6828084 1.5826599 2.0242503 1.6451961 1.7690059 2.4732425 2.9340173 2.7014010 2.2605611 2.5241092 2.4141569 1.6370879 1.8084887 1.6700602 1.5496472 2.4256075 1.7179026 1.6250870 
taxon_6    2.3385532 1.6533929 3.6326859 1.9783845 2.2888663 0.0000000 0.8820614 0.9323345 1.3117859 2.1983953 2.2332846 1.6016482 2.0659268 2.0803506 1.6171926 2.4141569 2.4372356 1.7642136 1.8942965 1.8609577 1.8719068 1.7984215 1.7934380 2.6075287 2.4141569 2.9570960 2.6223807 1.9411868 2.3917671 2.3917671 
taxon_7    2.4732425 1.7407007 2.5508971 1.8290380 2.1899206 0.8820614 0.0000000 0.9482587 1.2515532 2.0731040 2.0588186 1.4909966 1.9912053 2.1176721 1.5180262 2.3917671 2.2985439 1.7984215 1.8664122 1.7594517 1.6370879 1.6451961 1.7269387 2.5508971 2.6223807 2.3488979 2.4610471 1.7884875 2.2244095 2.5786790 
taxon_8    2.4141569 1.5532444 2.4856395 1.6658585 1.7001503 0.9323345 0.9482587 0.0000000 0.5552267 1.1781001 1.4553528 1.2048091 1.3438196 1.5077757 1.3687757 1.7453446 2.1983953 1.4811064 1.8084887 1.6016482 1.5145938 1.4976633 1.4681191 1.8342645 1.6575251 2.1025200 1.8290380 1.6093802 1.9411868 2.0378870 
taxon_9    2.0447995 1.5496472 2.2244095 1.6055043 1.7224071 1.3117859 1.2515532 0.5552267 0.0000000 0.9167406 1.4585241 1.0351890 1.1868978 1.6171926 1.4521949 1.7179026 2.5646599 1.5568588 1.7089736 1.6132763 1.6616803 1.4649071 1.3858867 1.7594517 1.8886361 2.0731040 1.7835695 1.5789192 1.9173752 1.9720553 
taxon_10   1.6700602 2.3182818 1.6658585 2.4141569 1.4843887 2.1983953 2.0731040 1.1781001 0.9167406 0.0000000 1.3249670 1.5180262 1.1759167 1.4459187 2.0175238 1.4304543 1.8084887 2.4982447 2.5373836 2.3182818 2.2605611 2.4982447 2.0310377 1.5978119 1.6211295 1.7642136 1.6700602 2.5508971 1.6658585 1.6451961 
taxon_11   1.5043897 2.1409902 1.7984215 2.7014010 1.5978119 2.2332846 2.0588186 1.4553528 1.4585241 1.3249670 0.0000000 1.7360852 1.2962682 1.5460673 2.0175238 1.6132763 1.6785345 2.1489268 2.4732425 3.6927179 2.8482095 2.9340173 2.6375327 1.8135735 1.6171926 1.6700602 1.6742855 2.1569483 1.6370879 1.7134249 
taxon_12   2.2156375 1.6785345 2.6223807 1.9173752 2.4028785 1.6016482 1.4909966 1.2048091 1.0351890 1.5180262 1.7360852 0.0000000 0.7549600 2.4028785 1.7642136 2.4732425 2.4490469 1.5751972 1.7884875 1.7934380 1.7314981 1.7045491 1.6093802 2.1899206 2.3700265 2.4856395 2.2793120 1.7179026 2.1025200 2.2985439 
taxon_13   1.8774418 2.5646599 1.7984215 2.5508971 1.6828084 2.0659268 1.9912053 1.3438196 1.1868978 1.1759167 1.2962682 0.7549600 0.0000000 1.6093802 2.3488979 1.7884875 1.8034382 2.5110655 2.2244095 2.9116275 2.3083479 2.6849169 2.5373836 1.6616803 1.6914292 1.8084887 1.7934380 2.2605611 1.5978119 1.6411311 
taxon_14   1.6785345 2.4610471 1.6330665 2.0517763 1.5826599 2.0803506 2.1176721 1.5077757 1.6171926 1.4459187 1.5460673 2.4028785 1.6093802 0.0000000 0.6860825 1.1294229 1.4004503 1.5789192 2.1650565 1.9847675 1.7690059 1.7001503 1.8609577 1.3196668 1.4335218 1.8238476 1.5284186 2.2698770 1.6290665 1.5901976 
taxon_15   2.2605611 1.6370879 2.5110655 1.5460673 2.0242503 1.6171926 1.5180262 1.3687757 1.4521949 2.0175238 2.0175238 1.7642136 2.3488979 0.6860825 0.0000000 1.4778384 1.7884875 1.2886282 1.6171926 1.4909966 1.2612620 1.3631577 1.4093261 1.5568588 1.9351626 2.5786790 2.0108571 1.7089736 2.4490469 2.3385532 
taxon_16   1.6785345 2.2069668 1.5532444 2.2069668 1.6451961 2.4141569 2.3917671 1.7453446 1.7179026 1.4304543 1.6132763 2.4732425 1.7884875 1.1294229 1.4778384 0.0000000 1.3975148 1.5978119 2.1732533 2.1253646 1.6171926 1.6370879 1.6700602 1.2760651 1.4811064 1.7453446 1.5460673 2.1176721 1.6658585 1.6451961 
taxon_17   1.7314981 2.3700265 1.7594517 2.4028785 1.7690059 2.4372356 2.2985439 2.1983953 2.5646599 1.8084887 1.6785345 2.4490469 1.8034382 1.4004503 1.7884875 1.3975148 0.0000000 0.7232994 1.9232576 2.0876678 1.8774418 1.8342645 1.8886361 1.3916782 1.7547198 1.6575251 1.7089736 2.4856395 1.6742855 1.6370879 
taxon_18   2.5241092 1.7453446 2.2985439 1.7089736 2.4732425 1.7642136 1.7984215 1.4811064 1.5568588 2.4982447 2.1489268 1.5751972 2.5110655 1.5789192 1.2886282 1.5978119 0.7232994 0.0000000 1.5425043 1.5043897 1.3687757 1.3801395 1.3945909 1.6742855 2.2985439 2.7531456 2.4982447 1.8395276 2.4856395 2.8482095 
taxon_19   2.4490469 1.7835695 2.1732533 1.6451961 2.9340173 1.8942965 1.8664122 1.8084887 1.7089736 2.5373836 2.4732425 1.7884875 2.2244095 2.1650565 1.6171926 2.1732533 1.9232576 1.5425043 0.0000000 0.6929215 1.4335218 1.3603644 1.4183083 1.5864193 2.2244095 3.6927179 3.5253603 1.9533821 3.0309260 2.4028785 
taxon_20   3.3886190 1.8719068 2.3808180 1.6330665 2.7014010 1.8609577 1.7594517 1.6016482 1.6132763 2.3182818 3.6927179 1.7934380 2.9116275 1.9847675 1.4909966 2.1253646 2.0876678 1.5043897 0.6929215 0.0000000 1.3975148 1.2937129 1.3975148 1.5111770 2.4372356 2.7182557 2.6529972 2.0242503 2.5373836 2.5110655 
taxon_21   2.0950571 1.7045491 2.6529972 1.7547198 2.2605611 1.8719068 1.6370879 1.5145938 1.6616803 2.2605611 2.8482095 1.7314981 2.3083479 1.7690059 1.2612620 1.6171926 1.8774418 1.3687757 1.4335218 1.3975148 0.0000000 0.9198334 1.0388122 1.0262069 2.4490469 2.1983953 2.2698770 1.7690059 2.4490469 2.4732425 
taxon_22   2.9116275 2.0310377 2.6849169 1.7453446 2.5241092 1.7984215 1.6451961 1.4976633 1.4649071 2.4982447 2.9340173 1.7045491 2.6849169 1.7001503 1.3631577 1.6370879 1.8342645 1.3801395 1.3603644 1.2937129 0.9198334 0.0000000 0.8037785 0.7353189 1.9912053 2.2698770 2.2793120 1.7089736 2.1815407 2.8282083 
taxon_23   3.2381161 1.8186930 2.7182557 1.7594517 2.4141569 1.7934380 1.7269387 1.4681191 1.3858867 2.0310377 2.6375327 1.6093802 2.5373836 1.8609577 1.4093261 1.6700602 1.8886361 1.3945909 1.4183083 1.3975148 1.0388122 0.8037785 0.0000000 0.3020562 2.1176721 2.2985439 2.1732533 1.6914292 2.1983953 2.3700265 
taxon_24   1.9657791 2.9570960 1.7642136 2.5373836 1.6370879 2.6075287 2.5508971 1.8342645 1.7594517 1.5978119 1.8135735 2.1899206 1.6616803 1.3196668 1.5568588 1.2760651 1.3916782 1.6742855 1.5864193 1.5111770 1.0262069 0.7353189 0.3020562 0.0000000 1.5354288 1.6093802 1.5901976 2.3488979 1.6132763 1.5864193 
taxon_25   1.8448280 2.4372356 1.7045491 2.2513585 1.8084887 2.4141569 2.6223807 1.6575251 1.8886361 1.6211295 1.6171926 2.3700265 1.6914292 1.4335218 1.9351626 1.4811064 1.7547198 2.2985439 2.2244095 2.4372356 2.4490469 1.9912053 2.1176721 1.5354288 0.0000000 1.5460673 1.4213264 1.8238476 1.7001503 1.4976633 
taxon_26   1.6492833 2.4610471 1.6828084 2.4610471 1.6700602 2.9570960 2.3488979 2.1025200 2.0731040 1.7642136 1.6700602 2.4856395 1.8084887 1.8238476 2.5786790 1.7453446 1.6575251 2.7531456 3.6927179 2.7182557 2.1983953 2.2698770 2.2985439 1.6093802 1.5460673 0.0000000 0.4948283 1.9533821 1.4243567 1.3975148 
taxon_27   1.7089736 2.2698770 1.6451961 2.3917671 1.5496472 2.6223807 2.4610471 1.8290380 1.7835695 1.6700602 1.6742855 2.2793120 1.7934380 1.5284186 2.0108571 1.5460673 1.7089736 2.4982447 3.5253603 2.6529972 2.2698770 2.2793120 2.1732533 1.5901976 1.4213264 0.4948283 0.0000000 1.4553528 1.1980422 1.1152141 
taxon_28   3.2730061 1.8238476 2.5929651 1.8448280 2.4256075 1.9411868 1.7884875 1.6093802 1.5789192 2.5508971 2.1569483 1.7179026 2.2605611 2.2698770 1.7089736 2.1176721 2.4856395 1.8395276 1.9533821 2.0242503 1.7690059 1.7089736 1.6914292 2.3488979 1.8238476 1.9533821 1.4553528 0.0000000 1.5460673 1.3575815 
taxon_29   1.8774418 2.5241092 1.8395276 2.7897379 1.7179026 2.3917671 2.2244095 1.9411868 1.9173752 1.6658585 1.6370879 2.1025200 1.5978119 1.6290665 2.4490469 1.6658585 1.6742855 2.4856395 3.0309260 2.5373836 2.4490469 2.1815407 2.1983953 1.6132763 1.7001503 1.4243567 1.1980422 1.5460673 0.0000000 0.6188410 
taxon_30   1.6055043 2.4028785 1.6871065 2.3593872 1.6250870 2.3917671 2.5786790 2.0378870 1.9720553 1.6451961 1.7134249 2.2985439 1.6411311 1.5901976 2.3385532 1.6451961 1.6370879 2.8482095 2.4028785 2.5110655 2.4732425 2.8282083 2.3700265 1.5864193 1.4976633 1.3975148 1.1152141 1.3575815 0.6188410 0.0000000 
