30
taxon_1    0.0000000 1.0489775 1.0080010 2.6069407 1.1493577 2.3847413 1.1951734 1.1512118 3.2381161 2.9646337 9.0000000 4.8283096 2.7488721 3.4439431 1.1605519 2.6467731 3.2381161 2.5214822 2.9857619 1.2418732 1.1605519 2.9240833 3.0767823 1.2151214 1.1795884 1.1700098 1.1853949 1.1815189 1.1438226 2.7334077 
taxon_2    1.0489775 0.0000000 0.9547243 2.7646621 1.1873405 3.1531196 1.2335398 1.2232516 4.1928403 3.0075025 3.5273629 3.3339911 3.4054735 2.5569222 1.1853949 3.4439431 2.7334077 2.8313729 9.0000000 1.2939172 1.2212107 2.5449211 3.0767823 1.1834544 1.1892910 1.2294075 1.2524218 1.2418732 1.2439711 2.5941199 
taxon_3    1.0080010 0.9547243 0.0000000 2.3944189 1.1662123 2.7646621 1.1220819 1.1605519 2.8670939 2.8313729 2.9857619 2.7334077 2.6332592 2.7972755 1.1932075 2.6888402 2.7807916 2.5100317 2.7972755 1.1624339 1.1991208 2.7182557 2.3202845 1.1719157 1.1220819 1.2131026 1.1853949 1.2131026 1.1586745 3.0075025 
taxon_4    2.6069407 2.7646621 2.3944189 0.0000000 1.1009528 0.6276474 1.7534002 1.5449251 1.1834544 1.1776629 1.1643207 1.1438226 1.1456631 1.1238698 2.3751871 1.2783605 1.1892910 1.1475081 1.2151214 3.1531196 3.0298922 1.2151214 1.1568019 2.8313729 2.5331102 3.4054735 2.4141569 2.6332592 2.5691176 1.1681086 
taxon_5    1.1493577 1.1873405 1.1662123 1.1009528 0.0000000 1.0505991 0.9764649 0.9198342 2.6332592 3.0529709 2.6199845 2.5691176 2.7034037 2.4141569 1.2609689 2.8856134 2.4876421 2.9646337 2.3657530 1.1568019 1.2110891 2.6199845 2.6332592 1.1549339 1.0957626 1.2418732 1.1700098 1.1834544 1.1892910 2.7972755 
taxon_6    2.3847413 3.1531196 2.7646621 0.6276474 1.0505991 0.0000000 1.8004241 1.5639940 1.2252979 1.2212107 1.2460749 1.1932075 1.1892910 1.1605519 2.4042229 1.2011023 1.2050811 1.2335398 1.1757423 2.6199845 2.7807916 1.1873405 1.2151214 2.5569222 2.3115125 2.7488721 2.5100317 2.4766930 2.4344284 1.2212107 
taxon_7    1.1951734 1.2335398 1.1220819 1.7534002 0.9764649 1.8004241 0.0000000 0.8251602 2.6467731 2.8856134 3.1803953 3.1013744 2.9240833 2.7488721 1.1873405 2.5214822 2.8670939 4.1928403 2.9857619 1.2110891 1.2030891 2.8856134 2.6467731 1.1568019 1.0720054 1.1795884 1.1853949 1.2011023 1.1776629 2.8856134 
taxon_8    1.1512118 1.2232516 1.1605519 1.5449251 0.9198342 1.5639940 0.8251602 0.0000000 3.0529709 2.8490207 2.5815145 2.8490207 2.4987534 2.5815145 1.1383280 2.7972755 2.6332592 2.9857619 2.5214822 1.2439711 1.2050811 2.5449211 2.6069407 1.1530705 1.1719157 1.2314708 1.1493577 1.1932075 1.1991208 3.1531196 
taxon_9    3.2381161 4.1928403 2.8670939 1.1834544 2.6332592 1.2252979 2.6467731 3.0529709 0.0000000 0.8014989 0.6942500 0.5250784 0.9076608 1.0571209 2.2368651 1.1586745 1.1310641 1.1438226 1.1292590 2.3381423 2.3381423 1.2356145 1.2011023 2.2528233 2.1406745 2.4242241 2.9857619 2.7972755 2.6199845 1.1132061 
taxon_10   2.9646337 3.0075025 2.8313729 1.1776629 3.0529709 1.2212107 2.8856134 2.8490207 0.8014989 0.0000000 0.4595515 0.4320121 0.9157545 1.0604031 2.1476513 1.0441336 1.0906081 1.1873405 1.2050811 2.4987534 2.4344284 1.2588230 1.1624339 2.4344284 2.2609314 2.3028419 2.8490207 2.7807916 2.9646337 1.1530705 
taxon_11   9.0000000 3.5273629 2.9857619 1.1643207 2.6199845 1.2460749 3.1803953 2.5815145 0.6942500 0.4595515 0.0000000 0.3028998 0.8697277 1.0110748 2.0870803 1.0620496 1.0804041 1.1365054 1.1586745 2.2135473 2.4042229 1.2212107 1.1834544 2.5449211 2.1337620 2.4876421 2.8490207 2.5331102 2.7034037 1.2151214 
taxon_12   4.8283096 3.3339911 2.7334077 1.1438226 2.5691176 1.1932075 3.1013744 2.8490207 0.5250784 0.4320121 0.3028998 0.0000000 0.7167936 0.8838913 1.8412197 0.9590223 0.9958304 1.1079306 1.1365054 2.2059331 2.2059331 1.2212107 1.1202983 2.2135473 1.8182821 2.2448019 2.9240833 2.6888402 2.8856134 1.1096849 
taxon_13   2.7488721 3.4054735 2.6332592 1.1456631 2.7034037 1.1892910 2.9240833 2.4987534 0.9076608 0.9157545 0.8697277 0.7167936 0.0000000 0.5741807 1.0457448 0.7519313 0.7220128 1.0854887 1.1274583 2.0132500 2.1001241 1.1834544 1.1971445 2.1909325 1.5639940 2.3944189 2.4042229 2.4876421 2.3657530 1.0974887 
taxon_14   3.4439431 2.5569222 2.7972755 1.1238698 2.4141569 1.1605519 2.7488721 2.5815145 1.0571209 1.0604031 1.0110748 0.8838913 0.5741807 0.0000000 1.2252979 0.8646430 0.7991733 1.1310641 1.0992188 2.1546936 2.0870803 1.1873405 1.2050811 2.6888402 1.9094479 2.6467731 2.4242241 2.4659015 2.5569222 1.0770333 
taxon_15   1.1605519 1.1853949 1.1932075 2.3751871 1.2609689 2.4042229 1.1873405 1.1383280 2.2368651 2.1476513 2.0870803 1.8412197 1.0457448 1.2252979 0.0000000 1.5111771 1.4590327 2.6199845 2.7182557 1.1700098 1.1719157 2.7182557 2.9440845 1.1568019 1.0736777 1.2070784 1.1605519 1.1795884 1.1719157 2.3751871 
taxon_16   2.6467731 3.4439431 2.6888402 1.2783605 2.8856134 1.2011023 2.5214822 2.7972755 1.1586745 1.0441336 1.0620496 0.9590223 0.7519313 0.8646430 1.5111771 0.0000000 0.5059894 1.1530705 1.1475081 2.2774157 2.0191326 1.2011023 1.2110891 2.2691275 2.2059331 2.2368651 2.5449211 2.6069407 2.7646621 1.1719157 
taxon_17   3.2381161 2.7334077 2.7807916 1.1892910 2.4876421 1.2050811 2.8670939 2.6332592 1.1310641 1.0906081 1.0804041 0.9958304 0.7220128 0.7991733 1.4590327 0.5059894 0.0000000 1.1044340 1.1328735 2.4987534 2.2528233 1.1991208 1.1586745 2.2942703 2.0554292 2.2691275 2.3564354 2.6069407 2.4141569 1.1401551 
taxon_18   2.5214822 2.8313729 2.5100317 1.1475081 2.9646337 1.2335398 4.1928403 2.9857619 1.1438226 1.1873405 1.1365054 1.1079306 1.0854887 1.1310641 2.6199845 1.1530705 1.1044340 0.0000000 1.0250648 1.5968940 1.3769394 1.1238698 1.2151214 2.2290118 1.9197224 2.4552630 2.5815145 3.4054735 2.9440845 1.1096849 
taxon_19   2.9857619 9.0000000 2.7972755 1.2151214 2.3657530 1.1757423 2.9857619 2.5214822 1.1292590 1.2050811 1.1586745 1.1365054 1.1274583 1.0992188 2.7182557 1.1475081 1.1328735 1.0250648 0.0000000 0.7283242 1.3006842 1.2545495 1.1971445 2.7034037 2.2691275 3.1803953 2.7646621 3.4439431 3.1803953 1.1700098 
taxon_20   1.2418732 1.2939172 1.1624339 3.1531196 1.1568019 2.6199845 1.2110891 1.2439711 2.3381423 2.4987534 2.2135473 2.2059331 2.0132500 2.1546936 1.1700098 2.2774157 2.4987534 1.5968940 0.7283242 0.0000000 0.5933455 2.7972755 2.6069407 1.1719157 1.0670110 1.1815189 1.1991208 1.2524218 1.2335398 2.4141569 
taxon_21   1.1605519 1.2212107 1.1991208 3.0298922 1.2110891 2.7807916 1.2030891 1.2050811 2.3381423 2.4344284 2.4042229 2.2059331 2.1001241 2.0870803 1.1719157 2.0191326 2.2528233 1.3769394 1.3006842 0.5933455 0.0000000 2.7646621 2.6745540 1.1096849 0.9575868 1.1238698 1.1681086 1.1605519 1.1700098 2.1909325 
taxon_22   2.9240833 2.5449211 2.7182557 1.2151214 2.6199845 1.1873405 2.8856134 2.5449211 1.2356145 1.2588230 1.2212107 1.2212107 1.1834544 1.1873405 2.7182557 1.2011023 1.1991208 1.1238698 1.2545495 2.7972755 2.7646621 0.0000000 0.8372768 0.9239363 1.8365757 3.1531196 2.7646621 2.6888402 2.5449211 1.1624339 
taxon_23   3.0767823 3.0767823 2.3202845 1.1568019 2.6332592 1.2151214 2.6467731 2.6069407 1.2011023 1.1624339 1.1834544 1.1202983 1.1971445 1.2050811 2.9440845 1.2110891 1.1586745 1.2151214 1.1971445 2.6069407 2.6745540 0.8372768 0.0000000 0.9913169 2.0074137 3.1268011 4.0043545 4.1928403 3.3006523 1.1292590 
taxon_24   1.2151214 1.1834544 1.1719157 2.8313729 1.1549339 2.5569222 1.1568019 1.1530705 2.2528233 2.4344284 2.5449211 2.2135473 2.1909325 2.6888402 1.1568019 2.2691275 2.2942703 2.2290118 2.7034037 1.1719157 1.1096849 0.9239363 0.9913169 0.0000000 0.9363790 1.2212107 1.1738266 1.1605519 1.1512118 2.3847413 
taxon_25   1.1795884 1.1892910 1.1220819 2.5331102 1.0957626 2.3115125 1.0720054 1.1719157 2.1406745 2.2609314 2.1337620 1.8182821 1.5639940 1.9094479 1.0736777 2.2059331 2.0554292 1.9197224 2.2691275 1.0670110 0.9575868 1.8365757 2.0074137 0.9363790 0.0000000 1.0126164 1.0329513 1.0188148 0.9547243 1.2481846 
taxon_26   1.1700098 1.2294075 1.2131026 3.4054735 1.2418732 2.7488721 1.1795884 1.2314708 2.4242241 2.3028419 2.4876421 2.2448019 2.3944189 2.6467731 1.2070784 2.2368651 2.2691275 2.4552630 3.1803953 1.1815189 1.1238698 3.1531196 3.1268011 1.2212107 1.0126164 0.0000000 1.1512118 1.1096849 1.0992188 2.1546936 
taxon_27   1.1853949 1.2524218 1.1853949 2.4141569 1.1700098 2.5100317 1.1853949 1.1493577 2.9857619 2.8490207 2.8490207 2.9240833 2.4042229 2.4242241 1.1605519 2.5449211 2.3564354 2.5815145 2.7646621 1.1991208 1.1681086 2.7646621 4.0043545 1.1738266 1.0329513 1.1512118 0.0000000 0.3046991 0.2111093 1.7130678 
taxon_28   1.1815189 1.2418732 1.2131026 2.6332592 1.1834544 2.4766930 1.2011023 1.1932075 2.7972755 2.7807916 2.5331102 2.6888402 2.4876421 2.4659015 1.1795884 2.6069407 2.6069407 3.4054735 3.4439431 1.2524218 1.1605519 2.6888402 4.1928403 1.1605519 1.0188148 1.1096849 0.3046991 0.0000000 0.1534867 1.7451583 
taxon_29   1.1438226 1.2439711 1.1586745 2.5691176 1.1892910 2.4344284 1.1776629 1.1991208 2.6199845 2.9646337 2.7034037 2.8856134 2.3657530 2.5569222 1.1719157 2.7646621 2.4141569 2.9440845 3.1803953 1.2335398 1.1700098 2.5449211 3.3006523 1.1512118 0.9547243 1.0992188 0.2111093 0.1534867 0.0000000 1.5868716 
taxon_30   2.7334077 2.5941199 3.0075025 1.1681086 2.7972755 1.2212107 2.8856134 3.1531196 1.1132061 1.1530705 1.2151214 1.1096849 1.0974887 1.0770333 2.3751871 1.1719157 1.1401551 1.1096849 1.1700098 2.4141569 2.1909325 1.1624339 1.1292590 2.3847413 1.2481846 2.1546936 1.7130678 1.7451583 1.5868716 0.0000000 
