26
taxon_1    0.0000000 0.0006670 0.0010006 0.0006670 0.0010006 0.0010006 0.0010006 0.0010006 0.0013339 0.0010006 0.0010006 0.0013339 0.0010006 0.0013339 0.0013339 0.0010006 0.0010006 0.0010006 0.0016685 0.0013339 0.0010006 0.0013339 0.0013339 0.0010006 0.0010006 0.0010006 
taxon_2    0.0006670 0.0000000 0.0003330 0.0000010 0.0003330 0.0003330 0.0003330 0.0003330 0.0006670 0.0003330 0.0003330 0.0006670 0.0003330 0.0006670 0.0006670 0.0003330 0.0003330 0.0003330 0.0010006 0.0006670 0.0003330 0.0006670 0.0006670 0.0003330 0.0003330 0.0003330 
taxon_3    0.0010006 0.0003330 0.0000000 0.0003330 0.0006670 0.0006670 0.0006670 0.0006670 0.0010006 0.0006670 0.0006670 0.0010006 0.0006670 0.0010006 0.0010006 0.0006670 0.0006670 0.0006670 0.0013339 0.0010006 0.0006670 0.0010006 0.0010006 0.0006670 0.0006670 0.0006670 
taxon_4    0.0006670 0.0000010 0.0003330 0.0000000 0.0003330 0.0003330 0.0003330 0.0003330 0.0006670 0.0003330 0.0003330 0.0006670 0.0003330 0.0006670 0.0006670 0.0003330 0.0003330 0.0003330 0.0010006 0.0006670 0.0003330 0.0006670 0.0006670 0.0003330 0.0003330 0.0003330 
taxon_5    0.0010006 0.0003330 0.0006670 0.0003330 0.0000000 0.0006670 0.0006670 0.0006670 0.0010006 0.0006670 0.0006670 0.0010006 0.0006670 0.0010006 0.0010006 0.0006670 0.0006670 0.0006670 0.0013339 0.0010006 0.0006670 0.0010006 0.0010006 0.0006670 0.0006670 0.0006670 
taxon_7    0.0010006 0.0003330 0.0006670 0.0003330 0.0006670 0.0000000 0.0000010 0.0006670 0.0010006 0.0006670 0.0006670 0.0010006 0.0006670 0.0010006 0.0010006 0.0006670 0.0006670 0.0006670 0.0013339 0.0010006 0.0006670 0.0010006 0.0010006 0.0006670 0.0006670 0.0006670 
taxon_8    0.0010006 0.0003330 0.0006670 0.0003330 0.0006670 0.0000010 0.0000000 0.0006670 0.0010006 0.0006670 0.0006670 0.0010006 0.0006670 0.0010006 0.0010006 0.0006670 0.0006670 0.0006670 0.0013339 0.0010006 0.0006670 0.0010006 0.0010006 0.0006670 0.0006670 0.0006670 
taxon_9    0.0010006 0.0003330 0.0006670 0.0003330 0.0006670 0.0006670 0.0006670 0.0000000 0.0010006 0.0006670 0.0006670 0.0010006 0.0006670 0.0010006 0.0010006 0.0006670 0.0006670 0.0006670 0.0013339 0.0010006 0.0006670 0.0010006 0.0010006 0.0006670 0.0006670 0.0006670 
taxon_11   0.0013339 0.0006670 0.0010006 0.0006670 0.0010006 0.0010006 0.0010006 0.0010006 0.0000000 0.0010006 0.0010006 0.0013339 0.0010006 0.0013339 0.0013339 0.0010006 0.0010006 0.0010006 0.0016685 0.0013339 0.0010006 0.0013339 0.0013339 0.0010006 0.0010006 0.0010006 
taxon_12   0.0010006 0.0003330 0.0006670 0.0003330 0.0006670 0.0006670 0.0006670 0.0006670 0.0010006 0.0000000 0.0006670 0.0010006 0.0006670 0.0010006 0.0010006 0.0006670 0.0006670 0.0006670 0.0013339 0.0010006 0.0006670 0.0010006 0.0010006 0.0006670 0.0006670 0.0006670 
taxon_14   0.0010006 0.0003330 0.0006670 0.0003330 0.0006670 0.0006670 0.0006670 0.0006670 0.0010006 0.0006670 0.0000000 0.0010006 0.0006670 0.0010006 0.0010006 0.0006670 0.0006670 0.0006670 0.0013339 0.0010006 0.0006670 0.0010006 0.0010006 0.0006670 0.0006670 0.0006670 
taxon_15   0.0013339 0.0006670 0.0010006 0.0006670 0.0010006 0.0010006 0.0010006 0.0010006 0.0013339 0.0010006 0.0010006 0.0000000 0.0010006 0.0013339 0.0013339 0.0010006 0.0010006 0.0010006 0.0016685 0.0013339 0.0010006 0.0013339 0.0013339 0.0010006 0.0010006 0.0010006 
taxon_17   0.0010006 0.0003330 0.0006670 0.0003330 0.0006670 0.0006670 0.0006670 0.0006670 0.0010006 0.0006670 0.0006670 0.0010006 0.0000000 0.0010006 0.0010006 0.0006670 0.0006670 0.0006670 0.0013339 0.0010006 0.0006670 0.0010006 0.0010006 0.0006670 0.0006670 0.0006670 
taxon_20   0.0013339 0.0006670 0.0010006 0.0006670 0.0010006 0.0010006 0.0010006 0.0010006 0.0013339 0.0010006 0.0010006 0.0013339 0.0010006 0.0000000 0.0013339 0.0010006 0.0010006 0.0010006 0.0016685 0.0013339 0.0010006 0.0013339 0.0013339 0.0010006 0.0010006 0.0010006 
taxon_21   0.0013339 0.0006670 0.0010006 0.0006670 0.0010006 0.0010006 0.0010006 0.0010006 0.0013339 0.0010006 0.0010006 0.0013339 0.0010006 0.0013339 0.0000000 0.0010006 0.0010006 0.0010006 0.0016685 0.0013339 0.0010006 0.0013339 0.0013339 0.0010006 0.0010006 0.0010006 
taxon_22   0.0010006 0.0003330 0.0006670 0.0003330 0.0006670 0.0006670 0.0006670 0.0006670 0.0010006 0.0006670 0.0006670 0.0010006 0.0006670 0.0010006 0.0010006 0.0000000 0.0006670 0.0006670 0.0013339 0.0010006 0.0006670 0.0010006 0.0010006 0.0006670 0.0006670 0.0006670 
taxon_24   0.0010006 0.0003330 0.0006670 0.0003330 0.0006670 0.0006670 0.0006670 0.0006670 0.0010006 0.0006670 0.0006670 0.0010006 0.0006670 0.0010006 0.0010006 0.0006670 0.0000000 0.0000010 0.0006670 0.0003330 0.0006670 0.0010006 0.0010006 0.0006670 0.0006670 0.0006670 
taxon_25   0.0010006 0.0003330 0.0006670 0.0003330 0.0006670 0.0006670 0.0006670 0.0006670 0.0010006 0.0006670 0.0006670 0.0010006 0.0006670 0.0010006 0.0010006 0.0006670 0.0000010 0.0000000 0.0006670 0.0003330 0.0006670 0.0010006 0.0010006 0.0006670 0.0006670 0.0006670 
taxon_28   0.0016685 0.0010006 0.0013339 0.0010006 0.0013339 0.0013339 0.0013339 0.0013339 0.0016685 0.0013339 0.0013339 0.0016685 0.0013339 0.0016685 0.0016685 0.0013339 0.0006670 0.0006670 0.0000000 0.0003330 0.0013339 0.0016685 0.0016685 0.0013339 0.0013339 0.0013339 
taxon_29   0.0013339 0.0006670 0.0010006 0.0006670 0.0010006 0.0010006 0.0010006 0.0010006 0.0013339 0.0010006 0.0010006 0.0013339 0.0010006 0.0013339 0.0013339 0.0010006 0.0003330 0.0003330 0.0003330 0.0000000 0.0010006 0.0013339 0.0013339 0.0010006 0.0010006 0.0010006 
taxon_36   0.0010006 0.0003330 0.0006670 0.0003330 0.0006670 0.0006670 0.0006670 0.0006670 0.0010006 0.0006670 0.0006670 0.0010006 0.0006670 0.0010006 0.0010006 0.0006670 0.0006670 0.0006670 0.0013339 0.0010006 0.0000000 0.0010006 0.0010006 0.0006670 0.0006670 0.0006670 
taxon_41   0.0013339 0.0006670 0.0010006 0.0006670 0.0010006 0.0010006 0.0010006 0.0010006 0.0013339 0.0010006 0.0010006 0.0013339 0.0010006 0.0013339 0.0013339 0.0010006 0.0010006 0.0010006 0.0016685 0.0013339 0.0010006 0.0000000 0.0013339 0.0010006 0.0010006 0.0010006 
taxon_44   0.0013339 0.0006670 0.0010006 0.0006670 0.0010006 0.0010006 0.0010006 0.0010006 0.0013339 0.0010006 0.0010006 0.0013339 0.0010006 0.0013339 0.0013339 0.0010006 0.0010006 0.0010006 0.0016685 0.0013339 0.0010006 0.0013339 0.0000000 0.0010006 0.0010006 0.0010006 
taxon_45   0.0010006 0.0003330 0.0006670 0.0003330 0.0006670 0.0006670 0.0006670 0.0006670 0.0010006 0.0006670 0.0006670 0.0010006 0.0006670 0.0010006 0.0010006 0.0006670 0.0006670 0.0006670 0.0013339 0.0010006 0.0006670 0.0010006 0.0010006 0.0000000 0.0006670 0.0006670 
taxon_48   0.0010006 0.0003330 0.0006670 0.0003330 0.0006670 0.0006670 0.0006670 0.0006670 0.0010006 0.0006670 0.0006670 0.0010006 0.0006670 0.0010006 0.0010006 0.0006670 0.0006670 0.0006670 0.0013339 0.0010006 0.0006670 0.0010006 0.0010006 0.0006670 0.0000000 0.0006670 
taxon_49   0.0010006 0.0003330 0.0006670 0.0003330 0.0006670 0.0006670 0.0006670 0.0006670 0.0010006 0.0006670 0.0006670 0.0010006 0.0006670 0.0010006 0.0010006 0.0006670 0.0006670 0.0006670 0.0013339 0.0010006 0.0006670 0.0010006 0.0010006 0.0006670 0.0006670 0.0000000 
