RF=0.936170
WRF=0.012577
