30
taxon_1    0.0000000 1.4050526 9.0000000 9.0000000 1.1438226 9.0000000 1.1238698 9.0000000 1.1475081 9.0000000 9.0000000 1.2652794 1.2030891 1.2232516 1.2110891 1.2783611 1.1834544 1.1932075 9.0000000 1.1912467 9.0000000 9.0000000 9.0000000 9.0000000 9.0000000 1.1776629 9.0000000 1.1586745 9.0000000 1.0538531 
taxon_2    1.4050526 0.0000000 0.9823705 1.0620499 9.0000000 1.2011023 9.0000000 1.0923231 9.0000000 1.1114434 1.1892910 9.0000000 9.0000000 9.0000000 9.0000000 9.0000000 9.0000000 9.0000000 1.2011023 9.0000000 1.1568019 1.1795884 1.1853949 1.1401551 1.1512118 9.0000000 1.1834544 9.0000000 1.1438226 9.0000000 
taxon_3    9.0000000 0.9823705 0.0000000 0.7346892 9.0000000 1.0457449 5.1324010 0.9308235 9.0000000 1.0837905 1.1568019 9.0000000 9.0000000 9.0000000 9.0000000 9.0000000 9.0000000 9.0000000 1.2090811 9.0000000 1.2273499 1.1493577 1.2418732 1.2335398 1.1328735 9.0000000 1.1892910 9.0000000 1.1328735 9.0000000 
taxon_4    9.0000000 1.0620499 0.7346892 0.0000000 9.0000000 1.0637001 9.0000000 0.9779369 9.0000000 1.0837905 1.2191755 9.0000000 9.0000000 9.0000000 9.0000000 9.0000000 9.0000000 9.0000000 1.2050811 9.0000000 1.2252980 1.1776629 1.2011023 1.1815189 1.0753540 9.0000000 1.2131026 9.0000000 1.1167438 9.0000000 
taxon_5    1.1438226 9.0000000 9.0000000 9.0000000 0.0000000 1.2070784 0.3524217 9.0000000 1.1586745 9.0000000 9.0000000 1.1549339 1.2356145 1.1681086 1.2314708 1.2652794 1.1912467 1.2090811 9.0000000 1.1815189 9.0000000 9.0000000 9.0000000 9.0000000 9.0000000 1.1991208 9.0000000 1.1662123 9.0000000 1.1202983 
taxon_6    9.0000000 1.2011023 1.0457449 1.0637001 1.2070784 0.0000000 1.0703373 1.0720058 9.0000000 1.1815189 1.1681086 9.0000000 9.0000000 9.0000000 9.0000000 9.0000000 9.0000000 9.0000000 1.1738266 9.0000000 1.2110891 1.2588231 1.1643207 1.2050811 1.1932075 9.0000000 1.2212107 9.0000000 1.1662123 9.0000000 
taxon_7    1.1238698 9.0000000 5.1324010 9.0000000 0.3524217 1.0703373 0.0000000 9.0000000 1.1738266 9.0000000 9.0000000 1.1700098 1.2070784 1.1365054 1.1776629 1.1834544 1.1401551 1.1681086 9.0000000 1.1834544 9.0000000 9.0000000 9.0000000 9.0000000 9.0000000 1.2273499 9.0000000 1.1662123 9.0000000 1.0992197 
taxon_8    9.0000000 1.0923231 0.9308235 0.9779369 9.0000000 1.0720058 9.0000000 0.0000000 9.0000000 1.1220819 1.1662123 9.0000000 9.0000000 9.0000000 9.0000000 9.0000000 9.0000000 9.0000000 1.2314708 9.0000000 1.2030891 1.2314708 1.2151214 1.2171457 1.1149729 9.0000000 1.1971445 9.0000000 1.1220819 9.0000000 
taxon_9    1.1475081 9.0000000 9.0000000 9.0000000 1.1586745 9.0000000 1.1738266 9.0000000 0.0000000 1.6491194 9.0000000 1.1700098 1.2232516 1.2356145 1.1834544 1.2050811 1.1795884 1.2011023 9.0000000 1.1991208 9.0000000 9.0000000 9.0000000 9.0000000 2.7488722 1.1238698 9.0000000 1.1238698 9.0000000 1.0064689 
taxon_10   9.0000000 1.1114434 1.0837905 1.0837905 9.0000000 1.1815189 9.0000000 1.1220819 1.6491194 0.0000000 1.1605519 9.0000000 9.0000000 9.0000000 9.0000000 9.0000000 9.0000000 9.0000000 0.9853408 9.0000000 1.0957634 1.1383280 1.1438226 0.8983274 0.5028546 9.0000000 1.0457449 3.5728314 0.7023701 1.5639941 
taxon_11   9.0000000 1.1892910 1.1568019 1.2191755 9.0000000 1.1681086 9.0000000 1.1662123 9.0000000 1.1605519 0.0000000 4.0926917 9.0000000 9.0000000 9.0000000 9.0000000 9.0000000 9.0000000 1.1512118 9.0000000 1.1475081 1.1662123 1.2070784 1.0554853 1.0787172 9.0000000 1.2294076 9.0000000 1.1132061 9.0000000 
taxon_12   1.2652794 9.0000000 9.0000000 9.0000000 1.1549339 9.0000000 1.1700098 9.0000000 1.1700098 9.0000000 4.0926917 0.0000000 1.1643207 1.1549339 1.2050811 1.1383280 1.1079306 1.0974896 9.0000000 1.1419866 9.0000000 9.0000000 9.0000000 9.0000000 9.0000000 1.2151214 9.0000000 1.1991208 9.0000000 1.1530705 
taxon_13   1.2030891 9.0000000 9.0000000 9.0000000 1.2356145 9.0000000 1.2070784 9.0000000 1.2232516 9.0000000 9.0000000 1.1643207 0.0000000 0.9009823 0.9103490 0.8646430 0.7199208 1.0203725 9.0000000 1.1044340 9.0000000 9.0000000 9.0000000 3.3688806 9.0000000 1.2050811 9.0000000 1.1834544 9.0000000 1.1549339 
taxon_14   1.2232516 9.0000000 9.0000000 9.0000000 1.1681086 9.0000000 1.1365054 9.0000000 1.2356145 9.0000000 9.0000000 1.1549339 0.9009823 0.0000000 0.9090037 0.8570799 0.7188769 1.0854893 9.0000000 1.1310641 9.0000000 9.0000000 9.0000000 3.7885929 9.0000000 1.1624339 9.0000000 1.1738266 9.0000000 1.1132061 
taxon_15   1.2110891 9.0000000 9.0000000 9.0000000 1.2314708 9.0000000 1.1776629 9.0000000 1.1834544 9.0000000 9.0000000 1.2050811 0.9103490 0.9090037 0.0000000 0.9130469 0.8096957 1.1365054 9.0000000 1.1383280 9.0000000 9.0000000 9.0000000 9.0000000 9.0000000 1.1456631 9.0000000 1.2252980 9.0000000 1.1757423 
taxon_16   1.2783611 9.0000000 9.0000000 9.0000000 1.2652794 9.0000000 1.1834544 9.0000000 1.2050811 9.0000000 9.0000000 1.1383280 0.8646430 0.8570799 0.9130469 0.0000000 0.7054376 1.1149729 9.0000000 1.1438226 9.0000000 9.0000000 9.0000000 2.7646623 9.0000000 1.2070784 9.0000000 1.1951734 9.0000000 1.0906088 
taxon_17   1.1834544 9.0000000 9.0000000 9.0000000 1.1912467 9.0000000 1.1401551 9.0000000 1.1795884 9.0000000 9.0000000 1.1079306 0.7199208 0.7188769 0.8096957 0.7054376 0.0000000 0.8930457 1.8505947 1.0473595 9.0000000 9.0000000 9.0000000 1.4451691 2.3028410 1.1873405 9.0000000 1.0820956 9.0000000 1.0720058 
taxon_18   1.1932075 9.0000000 9.0000000 9.0000000 1.2090811 9.0000000 1.1681086 9.0000000 1.2011023 9.0000000 9.0000000 1.0974896 1.0203725 1.0854893 1.1365054 1.1149729 0.8930457 0.0000000 2.2942695 1.1365054 9.0000000 9.0000000 9.0000000 2.6069407 9.0000000 1.1549339 9.0000000 1.1512118 9.0000000 1.1700098 
taxon_19   9.0000000 1.2011023 1.2090811 1.2050811 9.0000000 1.1738266 9.0000000 1.2314708 9.0000000 0.9853408 1.1512118 9.0000000 9.0000000 9.0000000 9.0000000 9.0000000 1.8505947 2.2942695 0.0000000 9.0000000 1.0297869 1.1096849 1.0923231 0.7497543 0.9211991 9.0000000 1.1438226 9.0000000 1.0804045 9.0000000 
taxon_20   1.1912467 9.0000000 9.0000000 9.0000000 1.1815189 9.0000000 1.1834544 9.0000000 1.1991208 9.0000000 9.0000000 1.1419866 1.1044340 1.1310641 1.1383280 1.1438226 1.0473595 1.1365054 9.0000000 0.0000000 1.8648809 9.0000000 9.0000000 2.7034037 9.0000000 1.1419866 9.0000000 1.1912467 9.0000000 1.1738266 
taxon_21   9.0000000 1.1568019 1.2273499 1.2252980 9.0000000 1.2110891 9.0000000 1.2030891 9.0000000 1.0957634 1.1475081 9.0000000 9.0000000 9.0000000 9.0000000 9.0000000 9.0000000 9.0000000 1.0297869 1.8648809 0.0000000 1.1549339 1.1328735 0.9184718 1.0409217 9.0000000 1.2030891 9.0000000 1.1185190 9.0000000 
taxon_22   9.0000000 1.1795884 1.1493577 1.1776629 9.0000000 1.2588231 9.0000000 1.2314708 9.0000000 1.1383280 1.1662123 9.0000000 9.0000000 9.0000000 9.0000000 9.0000000 9.0000000 9.0000000 1.1096849 9.0000000 1.1549339 0.0000000 0.5597000 0.9504507 1.1061803 9.0000000 1.2171457 9.0000000 1.1815189 9.0000000 
taxon_23   9.0000000 1.1853949 1.2418732 1.2011023 9.0000000 1.1643207 9.0000000 1.2151214 9.0000000 1.1438226 1.2070784 9.0000000 9.0000000 9.0000000 9.0000000 9.0000000 9.0000000 9.0000000 1.0923231 9.0000000 1.1328735 0.5597000 0.0000000 0.8970035 1.1061803 9.0000000 1.1815189 9.0000000 1.1493577 9.0000000 
taxon_24   9.0000000 1.1401551 1.2335398 1.1815189 9.0000000 1.2050811 9.0000000 1.2171457 9.0000000 0.8983274 1.0554853 9.0000000 3.3688806 3.7885929 9.0000000 2.7646623 1.4451691 2.6069407 0.7497543 2.7034037 0.9184718 0.9504507 0.8970035 0.0000000 0.7842303 9.0000000 1.1549339 9.0000000 1.0110749 9.0000000 
taxon_25   9.0000000 1.1512118 1.1328735 1.0753540 9.0000000 1.1932075 9.0000000 1.1149729 2.7488722 0.5028546 1.0787172 9.0000000 9.0000000 9.0000000 9.0000000 9.0000000 2.3028410 9.0000000 0.9211991 9.0000000 1.0409217 1.1061803 1.1061803 0.7842303 0.0000000 9.0000000 1.0854893 2.9857619 0.6058015 1.4646507 
taxon_26   1.1776629 9.0000000 9.0000000 9.0000000 1.1991208 9.0000000 1.2273499 9.0000000 1.1238698 9.0000000 9.0000000 1.2151214 1.2050811 1.1624339 1.1456631 1.2070784 1.1873405 1.1549339 9.0000000 1.1419866 9.0000000 9.0000000 9.0000000 9.0000000 9.0000000 0.0000000 2.1762258 1.0203725 9.0000000 1.1700098 
taxon_27   9.0000000 1.1834544 1.1892910 1.2131026 9.0000000 1.2212107 9.0000000 1.1971445 9.0000000 1.0457449 1.2294076 9.0000000 9.0000000 9.0000000 9.0000000 9.0000000 9.0000000 9.0000000 1.1438226 9.0000000 1.2030891 1.2171457 1.1815189 1.1549339 1.0854893 2.1762258 0.0000000 9.0000000 1.0034139 9.0000000 
taxon_28   1.1586745 9.0000000 9.0000000 9.0000000 1.1662123 9.0000000 1.1662123 9.0000000 1.1238698 3.5728314 9.0000000 1.1991208 1.1834544 1.1738266 1.2252980 1.1951734 1.0820956 1.1512118 9.0000000 1.1912467 9.0000000 9.0000000 9.0000000 9.0000000 2.9857619 1.0203725 9.0000000 0.0000000 1.8048489 0.9853408 
taxon_29   9.0000000 1.1438226 1.1328735 1.1167438 9.0000000 1.1662123 9.0000000 1.1220819 9.0000000 0.7023701 1.1132061 9.0000000 9.0000000 9.0000000 9.0000000 9.0000000 9.0000000 9.0000000 1.0804045 9.0000000 1.1185190 1.1815189 1.1493577 1.0110749 0.6058015 9.0000000 1.0034139 1.8048489 0.0000000 1.2984217 
taxon_30   1.0538531 9.0000000 9.0000000 9.0000000 1.1202983 9.0000000 1.0992197 9.0000000 1.0064689 1.5639941 9.0000000 1.1530705 1.1549339 1.1132061 1.1757423 1.0906088 1.0720058 1.1700098 9.0000000 1.1738266 9.0000000 9.0000000 9.0000000 9.0000000 1.4646507 1.1700098 9.0000000 0.9853408 1.2984217 0.0000000 
