30
taxon_1    0.0000000 0.7488490 9.0000000 0.8279699 0.8032478 0.7926230 9.0000000 9.0000000 0.8289759 9.0000000 0.7607033 0.7533862 9.0000000 0.8140253 0.6847222 0.7897513 9.0000000 0.7425426 0.8003352 9.0000000 9.0000000 9.0000000 9.0000000 9.0000000 9.0000000 0.7746184 9.0000000 0.8524952 9.0000000 9.0000000 
taxon_2    0.7488490 0.0000000 9.0000000 0.6756412 0.6699191 0.6930742 1.7822634 9.0000000 0.7699513 9.0000000 0.7117826 0.7983997 9.0000000 0.7964692 0.6731835 0.7746184 9.0000000 0.6998234 0.7859394 9.0000000 9.0000000 9.0000000 9.0000000 9.0000000 9.0000000 0.8229598 9.0000000 0.7964692 9.0000000 9.0000000 
taxon_3    9.0000000 9.0000000 0.0000000 3.9905927 2.3736065 9.0000000 0.5659124 0.7443390 9.0000000 0.7552088 9.0000000 9.0000000 0.8100882 9.0000000 9.0000000 9.0000000 0.7718146 9.0000000 9.0000000 0.7736826 0.8032478 0.8042212 0.7680926 0.7859394 0.8013048 9.0000000 0.7868905 9.0000000 0.8110706 0.7023701 
taxon_4    0.8279699 0.6756412 3.9905927 0.0000000 0.2814444 0.7690213 9.0000000 9.0000000 0.7821467 9.0000000 0.7878429 0.8249598 9.0000000 0.8452588 0.7425426 0.7935827 9.0000000 0.7964692 0.8160015 9.0000000 9.0000000 9.0000000 9.0000000 9.0000000 9.0000000 0.8179831 9.0000000 0.8239592 9.0000000 9.0000000 
taxon_5    0.8032478 0.6699191 2.3736065 0.2814444 0.0000000 0.7074895 3.5422149 9.0000000 0.7783731 9.0000000 0.7746184 0.7993668 9.0000000 0.8189758 0.7195727 0.8091072 9.0000000 0.7830931 0.7955058 9.0000000 9.0000000 9.0000000 9.0000000 9.0000000 9.0000000 0.8299833 9.0000000 0.8110706 9.0000000 9.0000000 
taxon_6    0.7926230 0.6930742 9.0000000 0.7690213 0.7074895 0.0000000 9.0000000 9.0000000 0.8042212 9.0000000 0.7479448 0.8022757 9.0000000 0.7993668 0.7579510 0.8013048 9.0000000 0.7859394 0.8411548 9.0000000 9.0000000 9.0000000 9.0000000 9.0000000 9.0000000 0.8330136 9.0000000 0.7887965 9.0000000 9.0000000 
taxon_7    9.0000000 1.7822634 0.5659124 9.0000000 3.5422149 9.0000000 0.0000000 0.6586042 9.0000000 0.7690213 9.0000000 9.0000000 0.7708824 9.0000000 4.2294313 9.0000000 0.7643888 9.0000000 9.0000000 0.7327386 0.7736826 0.7389627 0.7868905 0.7588673 0.7859394 9.0000000 0.7515680 9.0000000 0.8051959 0.5867571 
taxon_8    9.0000000 9.0000000 0.7443390 9.0000000 9.0000000 9.0000000 0.6586042 0.0000000 9.0000000 0.7443390 9.0000000 9.0000000 0.7755553 9.0000000 9.0000000 9.0000000 0.7859394 9.0000000 9.0000000 0.7579510 0.7897513 0.7497542 0.7926230 0.7755553 0.8577072 9.0000000 0.7607033 9.0000000 0.8289759 0.6947558 
taxon_9    0.8289759 0.7699513 9.0000000 0.7821467 0.7783731 0.8042212 9.0000000 9.0000000 0.0000000 3.8097206 0.5040287 0.8013048 9.0000000 0.7926230 0.7643888 0.8042212 9.0000000 0.7746184 0.8091072 9.0000000 9.0000000 9.0000000 9.0000000 9.0000000 9.0000000 0.7830931 9.0000000 0.8320022 9.0000000 9.0000000 
taxon_10   9.0000000 9.0000000 0.7552088 9.0000000 9.0000000 9.0000000 0.7690213 0.7443390 3.8097206 0.0000000 1.1540013 9.0000000 0.8120542 9.0000000 9.0000000 9.0000000 0.7812015 9.0000000 9.0000000 0.7887965 0.7926230 0.7897513 0.8013048 0.8061718 0.7964692 9.0000000 0.7643888 9.0000000 0.8013048 0.7256880 
taxon_11   0.7607033 0.7117826 9.0000000 0.7878429 0.7746184 0.7479448 9.0000000 9.0000000 0.5040287 1.1540013 0.0000000 0.7859394 9.0000000 0.7755553 0.6578025 0.7699513 9.0000000 0.7283242 0.7955058 9.0000000 9.0000000 9.0000000 9.0000000 9.0000000 9.0000000 0.7793147 9.0000000 0.7955058 9.0000000 9.0000000 
taxon_12   0.7533862 0.7983997 9.0000000 0.8249598 0.7993668 0.8022757 9.0000000 9.0000000 0.8013048 9.0000000 0.7859394 0.0000000 9.0000000 0.8150128 0.7083462 0.7859394 9.0000000 0.7653131 0.8259619 9.0000000 9.0000000 9.0000000 9.0000000 9.0000000 9.0000000 0.8320022 9.0000000 0.8081275 9.0000000 9.0000000 
taxon_13   9.0000000 9.0000000 0.8100882 9.0000000 9.0000000 9.0000000 0.7708824 0.7755553 9.0000000 0.8120542 9.0000000 9.0000000 0.0000000 1.9641143 9.0000000 9.0000000 0.8013048 9.0000000 9.0000000 0.7774326 0.8160015 0.7955058 0.8042212 0.7916646 0.8279699 9.0000000 0.8071490 9.0000000 0.8120542 0.7074895 
taxon_14   0.8140253 0.7964692 9.0000000 0.8452588 0.8189758 0.7993668 9.0000000 9.0000000 0.7926230 9.0000000 0.7755553 0.8150128 1.9641143 0.0000000 0.6905588 0.8219618 9.0000000 0.8051959 0.7974338 9.0000000 9.0000000 9.0000000 9.0000000 9.0000000 9.0000000 0.8249598 9.0000000 0.8269652 9.0000000 9.0000000 
taxon_15   0.6847222 0.6731835 9.0000000 0.7425426 0.7195727 0.7579510 4.2294313 9.0000000 0.7643888 9.0000000 0.6578025 0.7083462 9.0000000 0.6905588 0.0000000 0.7230610 9.0000000 0.5816723 0.7178345 9.0000000 9.0000000 9.0000000 9.0000000 9.0000000 9.0000000 0.7135068 4.4451945 0.7152349 9.0000000 1.2054132 
taxon_16   0.7897513 0.7746184 9.0000000 0.7935827 0.8091072 0.8013048 9.0000000 9.0000000 0.8042212 9.0000000 0.7699513 0.7859394 9.0000000 0.8219618 0.7230610 0.0000000 2.2238213 0.5977705 0.8340264 9.0000000 9.0000000 9.0000000 9.0000000 9.0000000 9.0000000 0.7821467 9.0000000 0.8110706 9.0000000 9.0000000 
taxon_17   9.0000000 9.0000000 0.7718146 9.0000000 9.0000000 9.0000000 0.7643888 0.7859394 9.0000000 0.7812015 9.0000000 9.0000000 0.8013048 9.0000000 9.0000000 2.2238213 0.0000000 2.4659015 9.0000000 0.8120542 0.7868905 0.8042212 0.8100882 0.7755553 0.7793147 9.0000000 0.7887965 9.0000000 0.7926230 0.6666688 
taxon_18   0.7425426 0.6998234 9.0000000 0.7964692 0.7830931 0.7859394 9.0000000 9.0000000 0.7746184 9.0000000 0.7283242 0.7653131 9.0000000 0.8051959 0.5816723 0.5977705 2.4659015 0.0000000 0.7774326 9.0000000 9.0000000 9.0000000 9.0000000 9.0000000 9.0000000 0.7783731 9.0000000 0.7461398 9.0000000 2.1798757 
taxon_19   0.8003352 0.7859394 9.0000000 0.8160015 0.7955058 0.8411548 9.0000000 9.0000000 0.8091072 9.0000000 0.7955058 0.8259619 9.0000000 0.7974338 0.7178345 0.8340264 9.0000000 0.7774326 0.0000000 9.0000000 9.0000000 9.0000000 9.0000000 9.0000000 9.0000000 0.7708824 9.0000000 0.7821467 9.0000000 9.0000000 
taxon_20   9.0000000 9.0000000 0.7736826 9.0000000 9.0000000 9.0000000 0.7327386 0.7579510 9.0000000 0.7887965 9.0000000 9.0000000 0.7774326 9.0000000 9.0000000 9.0000000 0.8120542 9.0000000 9.0000000 0.0000000 0.7057792 0.7049254 0.7006713 0.6578025 0.8140253 9.0000000 0.7336246 9.0000000 0.8100882 0.5845737 
taxon_21   9.0000000 9.0000000 0.8032478 9.0000000 9.0000000 9.0000000 0.7736826 0.7897513 9.0000000 0.7926230 9.0000000 9.0000000 0.8160015 9.0000000 9.0000000 9.0000000 0.7868905 9.0000000 9.0000000 0.7057792 0.0000000 0.7023701 0.7161004 0.6443029 0.7727481 9.0000000 0.7983997 9.0000000 0.8150128 0.6586042 
taxon_22   9.0000000 9.0000000 0.8042212 9.0000000 9.0000000 9.0000000 0.7389627 0.7497542 9.0000000 0.7897513 9.0000000 9.0000000 0.7955058 9.0000000 9.0000000 9.0000000 0.8042212 9.0000000 9.0000000 0.7049254 0.7023701 0.0000000 0.5787821 0.4949455 0.8042212 9.0000000 0.8130391 9.0000000 0.7793147 0.6650489 
taxon_23   9.0000000 9.0000000 0.7680926 9.0000000 9.0000000 9.0000000 0.7868905 0.7926230 9.0000000 0.8013048 9.0000000 9.0000000 0.8042212 9.0000000 9.0000000 9.0000000 0.8100882 9.0000000 9.0000000 0.7006713 0.7161004 0.5787821 0.0000000 0.3977046 0.8003352 9.0000000 0.7727481 9.0000000 0.8100882 0.6514195 
taxon_24   9.0000000 9.0000000 0.7859394 9.0000000 9.0000000 9.0000000 0.7588673 0.7755553 9.0000000 0.8061718 9.0000000 9.0000000 0.7916646 9.0000000 9.0000000 9.0000000 0.7755553 9.0000000 9.0000000 0.6578025 0.6443029 0.4949455 0.3977046 0.0000000 0.7552088 9.0000000 0.7524766 9.0000000 0.7993668 0.6037111 
taxon_25   9.0000000 9.0000000 0.8013048 9.0000000 9.0000000 9.0000000 0.7859394 0.8577072 9.0000000 0.7964692 9.0000000 9.0000000 0.8279699 9.0000000 9.0000000 9.0000000 0.7793147 9.0000000 9.0000000 0.8140253 0.7727481 0.8042212 0.8003352 0.7552088 0.0000000 9.0000000 0.7074895 9.0000000 0.7897513 0.6318157 
taxon_26   0.7746184 0.8229598 9.0000000 0.8179831 0.8299833 0.8330136 9.0000000 9.0000000 0.7830931 9.0000000 0.7793147 0.8320022 9.0000000 0.8249598 0.7135068 0.7821467 9.0000000 0.7783731 0.7708824 9.0000000 9.0000000 9.0000000 9.0000000 9.0000000 9.0000000 0.0000000 1.8616826 0.7878429 9.0000000 9.0000000 
taxon_27   9.0000000 9.0000000 0.7868905 9.0000000 9.0000000 9.0000000 0.7515680 0.7607033 9.0000000 0.7643888 9.0000000 9.0000000 0.8071490 9.0000000 4.4451945 9.0000000 0.7887965 9.0000000 9.0000000 0.7336246 0.7983997 0.8130391 0.7727481 0.7524766 0.7074895 1.8616826 0.0000000 9.0000000 0.7736826 0.4420410 
taxon_28   0.8524952 0.7964692 9.0000000 0.8239592 0.8110706 0.7887965 9.0000000 9.0000000 0.8320022 9.0000000 0.7955058 0.8081275 9.0000000 0.8269652 0.7152349 0.8110706 9.0000000 0.7461398 0.7821467 9.0000000 9.0000000 9.0000000 9.0000000 9.0000000 9.0000000 0.7878429 9.0000000 0.0000000 1.3870414 9.0000000 
taxon_29   9.0000000 9.0000000 0.8110706 9.0000000 9.0000000 9.0000000 0.8051959 0.8289759 9.0000000 0.8013048 9.0000000 9.0000000 0.8120542 9.0000000 9.0000000 9.0000000 0.7926230 9.0000000 9.0000000 0.8100882 0.8150128 0.7793147 0.8100882 0.7993668 0.7897513 9.0000000 0.7736826 1.3870414 0.0000000 0.6233497 
taxon_30   9.0000000 9.0000000 0.7023701 9.0000000 9.0000000 9.0000000 0.5867571 0.6947558 9.0000000 0.7256880 9.0000000 9.0000000 0.7074895 9.0000000 1.2054132 9.0000000 0.6666688 2.1798757 9.0000000 0.5845737 0.6586042 0.6650489 0.6514195 0.6037111 0.6318157 9.0000000 0.4420410 9.0000000 0.6233497 0.0000000 
