RF=0.446809
WRF=0.050741
