RF=0.425532
WRF=0.050740
