30
taxon_1    0.0000000 1.2810652 1.6575252 1.6957769 1.7984215 1.5864193 2.3593872 2.4610471 1.7045491 2.2332853 2.7014010 3.0572444 1.7934380 1.7453446 2.3488979 2.2332853 2.2422675 2.3700265 1.6533929 2.5786790 2.6223807 1.7453446 1.6914292 1.8886361 1.7179026 2.7014010 1.8448280 2.2156375 1.7089739 0.9167408 
taxon_2    1.2810652 0.0000000 1.7984215 1.7134249 1.8719068 1.7089739 2.5373836 2.3700265 1.7224071 2.5373836 2.6687872 2.6687872 1.7884875 1.8830181 2.9116275 2.4028785 2.7897379 2.6687872 1.8034382 2.4028785 2.7531456 1.8609577 1.8448280 1.7984215 2.0310377 9.0000000 2.1569482 2.2793120 1.7835695 1.7089739 
taxon_3    1.6575252 1.7984215 0.0000000 1.2637091 1.3383843 1.3945909 3.1728576 2.2069668 1.7001497 2.6687872 2.4610471 2.6849169 1.8342645 1.7884875 2.6849169 3.1128248 3.0845200 3.7579762 1.9783845 2.8482095 2.4141569 1.7835695 1.8238476 1.8395276 1.8942965 3.0054999 2.6849169 2.4732425 1.8999999 2.5508971 
taxon_4    1.6957769 1.7134249 1.2637091 0.0000000 1.3887769 1.3144039 2.4490469 3.0054999 1.7314977 2.6375327 2.2332853 2.2156375 1.9351626 1.8830181 2.4028785 2.8898869 3.2381161 2.4141569 1.7407007 3.1128248 2.3917671 1.8135735 1.8555425 1.7224071 1.7786835 2.5929651 2.6223807 2.3182818 1.7224071 2.4856395 
taxon_5    1.7984215 1.8719068 1.3383843 1.3887769 0.0000000 1.1781001 2.7531456 2.6075287 1.7738291 3.2047773 3.0845200 2.8087259 1.7314977 1.8290380 2.9570960 2.3593872 2.5786790 2.6687872 1.7224071 3.2047773 2.4372356 1.7453446 1.9976988 1.7884875 1.7738291 2.8898869 2.5373836 3.0572444 1.7884875 2.6223807 
taxon_6    1.5864193 1.7089739 1.3945909 1.3144039 1.1781001 0.0000000 2.5241092 9.0000000 1.7453446 2.6849169 2.4610471 2.7354978 1.6700603 1.6492833 2.3283491 2.6529972 2.5110655 2.5929651 1.7884875 2.4372356 2.6529972 1.7984215 1.8609577 1.7500171 1.9411868 2.9116275 2.2698779 2.9809075 1.5864193 2.2605605 
taxon_7    2.3593872 2.5373836 3.1728576 2.4490469 2.7531456 2.5241092 0.0000000 1.3438190 1.7500171 1.1958000 1.5604908 1.6055043 2.0108571 2.1176717 1.4976634 1.4713449 1.4909967 1.3887769 1.7500171 1.4876854 1.4366018 1.6742856 1.9720553 1.9351626 1.9173752 1.3830076 1.8719068 2.0042491 2.8087259 1.7360853 
taxon_8    2.4610471 2.3700265 2.2069668 3.0054999 2.6075287 9.0000000 1.3438190 0.0000000 2.1983953 1.5604908 1.5864193 1.6093803 2.5508971 2.0242503 1.6250876 1.5939951 1.6700603 1.6575252 2.0588186 1.4976634 1.6451955 1.9291865 2.3182818 1.8999999 2.3917671 1.6330663 1.5826599 1.7407007 2.3917671 1.6211298 
taxon_9    1.7045491 1.7224071 1.7001497 1.7314977 1.7738291 1.7453446 1.7500171 2.1983953 0.0000000 1.2760652 2.3488979 2.2244095 1.6957769 1.5641404 2.0731048 2.3283491 1.9057471 1.8886361 1.4649071 2.0517763 2.2605605 1.5010191 1.7314977 1.7134249 1.6055043 1.9847675 2.4372356 2.5786790 1.8186930 2.1983953 
taxon_10   2.2332853 2.5373836 2.6687872 2.6375327 3.2047773 2.6849169 1.1958000 1.5604908 1.2760652 0.0000000 1.7314977 1.7360853 2.0731048 2.3283491 1.7500171 1.6330663 1.5389578 1.4811064 2.0310377 1.6055043 1.6411307 2.0876683 2.0242503 2.1331364 2.1176717 1.5354285 1.7934380 1.7738291 4.0969653 1.7835695 
taxon_11   2.7014010 2.6687872 2.4610471 2.2332853 3.0845200 2.4610471 1.5604908 1.5864193 2.3488979 1.7314977 0.0000000 1.2760652 2.1569482 2.3488979 1.6211298 1.5249390 1.4335218 1.4713449 1.8238476 1.4304543 1.5678079 1.7642135 2.5241092 2.0659277 2.1025194 1.4490503 1.7786835 1.8290380 2.4610471 1.7594514 
taxon_12   3.0572444 2.6687872 2.6849169 2.2156375 2.8087259 2.7354978 1.6055043 1.6093803 2.2244095 1.7360853 1.2760652 0.0000000 2.2985438 1.9057471 1.4396946 1.4778384 1.5249390 1.4553528 1.8664122 1.5939951 1.4778384 1.7934380 2.0378870 2.0876683 2.1732532 1.4243567 1.7001497 1.7045491 2.5929651 1.9232576 
taxon_13   1.7934380 1.7884875 1.8342645 1.9351626 1.7314977 1.6700603 2.0108571 2.5508971 1.6957769 2.0731048 2.1569482 2.2985438 0.0000000 1.1846887 1.4943226 1.8395276 1.8395276 1.8186930 1.4909967 1.9057471 2.0108571 1.4366018 1.5111772 1.5214748 1.6132764 1.7738291 2.2793120 2.7014010 1.7089739 2.4610471 
taxon_14   1.7453446 1.8830181 1.7884875 1.8830181 1.8290380 1.6492833 2.1176717 2.0242503 1.5641404 2.3283491 2.3488979 1.9057471 1.1846887 0.0000000 0.4638250 2.0175238 2.0517763 1.9472597 1.4093261 1.9472597 1.9291865 1.3716006 1.6055043 1.5145941 1.4366018 1.8664122 2.4856395 2.5929651 1.5641404 2.8898869 
taxon_15   2.3488979 2.9116275 2.6849169 2.4028785 2.9570960 2.3283491 1.4976634 1.6250876 2.0731048 1.7500171 1.6211298 1.4396946 1.4943226 0.4638250 0.0000000 1.4366018 1.4459187 1.3548080 1.6575252 1.4153022 1.4909967 1.7360853 2.1650564 1.8774418 1.9657791 1.4123082 1.7453446 1.7500171 2.6223807 1.8290380 
taxon_16   2.2332853 2.4028785 3.1128248 2.8898869 2.3593872 2.6529972 1.4713449 1.5939951 2.3283491 1.6330663 1.5249390 1.4778384 1.8395276 2.0175238 1.4366018 0.0000000 1.0760407 0.8984474 1.0244233 1.1846887 1.3117861 1.3548080 1.5532444 1.6093803 1.7738291 1.1439061 1.9720553 1.9232576 2.7354978 1.8342645 
taxon_17   2.2422675 2.7897379 3.0845200 3.2381161 2.5786790 2.5110655 1.4909967 1.6700603 1.9057471 1.5389578 1.4335218 1.5249390 1.8395276 2.0517763 1.4459187 1.0760407 0.0000000 0.9121255 1.0016145 1.2208403 1.2231587 1.2515532 1.7884875 1.6658586 1.6871064 1.1192464 1.7453446 1.8395276 2.4028785 1.8034382 
taxon_18   2.3700265 2.6687872 3.7579762 2.4141569 2.6687872 2.5929651 1.3887769 1.6575252 1.8886361 1.4811064 1.4713449 1.4553528 1.8186930 1.9472597 1.3548080 0.8984474 0.9121255 0.0000000 0.2546304 1.1891135 1.1480961 1.1459982 1.7642135 1.4213264 1.6330663 1.0351890 2.0175238 2.0242503 2.4372356 1.9057471 
taxon_19   1.6533929 1.8034382 1.9783845 1.7407007 1.7224071 1.7884875 1.7500171 2.0588186 1.4649071 2.0310377 1.8238476 1.8664122 1.4909967 1.4093261 1.6575252 1.0244233 1.0016145 0.2546304 0.0000000 1.3117861 1.3065777 0.9121255 1.3465512 1.0627995 1.2185290 1.1459982 3.1422411 3.5253603 1.7594514 2.6849169 
taxon_20   2.5786790 2.4028785 2.8482095 3.1128248 3.2047773 2.4372356 1.4876854 1.4976634 2.0517763 1.6055043 1.4304543 1.5939951 1.9057471 1.9472597 1.4153022 1.1846887 1.2208403 1.1891135 1.3117861 0.0000000 1.0953717 1.0534826 1.6370877 1.2962684 1.5389578 0.9778030 1.7453446 1.7500171 2.8687587 1.7738291 
taxon_21   2.6223807 2.7531456 2.4141569 2.3917671 2.4372356 2.6529972 1.4366018 1.6451955 2.2605605 1.6411307 1.5678079 1.4778384 2.0108571 1.9291865 1.4909967 1.3117861 1.2231587 1.1480961 1.3065777 1.0953717 0.0000000 0.4267906 1.6828084 1.4063558 1.6093803 1.0553368 1.8609577 1.7984215 2.4256075 1.8942965 
taxon_22   1.7453446 1.8609577 1.7835695 1.8135735 1.7453446 1.7984215 1.6742856 1.9291865 1.5010191 2.0876683 1.7642135 1.7934380 1.4366018 1.3716006 1.7360853 1.3548080 1.2515532 1.1459982 0.9121255 1.0534826 0.4267906 0.0000000 1.0992984 0.9612460 1.0571955 0.9354916 4.0969653 2.5929651 1.7884875 2.8087259 
taxon_23   1.6914292 1.8448280 1.8238476 1.8555425 1.9976988 1.8609577 1.9720553 2.3182818 1.7314977 2.0242503 2.5241092 2.0378870 1.5111772 1.6055043 2.1650564 1.5532444 1.7884875 1.7642135 1.3465512 1.6370877 1.6828084 1.0992984 0.0000000 1.2612621 1.3575806 1.4123082 2.7531456 3.1128248 1.8342645 2.3385533 
taxon_24   1.8886361 1.7984215 1.8395276 1.7224071 1.7884875 1.7500171 1.9351626 1.8999999 1.7134249 2.1331364 2.0659277 2.0876683 1.5214748 1.5145941 1.8774418 1.6093803 1.6658586 1.4213264 1.0627995 1.2962684 1.4063558 0.9612460 1.2612621 0.0000000 1.2002911 1.1868978 2.8898869 2.5373836 1.9847675 3.4769564 
taxon_25   1.7179026 2.0310377 1.8942965 1.7786835 1.7738291 1.9411868 1.9173752 2.3917671 1.6055043 2.1176717 2.1025194 2.1732532 1.6132764 1.4366018 1.9657791 1.7738291 1.6871064 1.6330663 1.2185290 1.5389578 1.6093803 1.0571955 1.3575806 1.2002911 0.0000000 0.4283983 2.4732425 3.2730061 1.7269388 2.3385533 
taxon_26   2.7014010 9.0000000 3.0054999 2.5929651 2.8898869 2.9116275 1.3830076 1.6330663 1.9847675 1.5354285 1.4490503 1.4243567 1.7738291 1.8664122 1.4123082 1.1439061 1.1192464 1.0351890 1.1459982 0.9778030 1.0553368 0.9354916 1.4123082 1.1868978 0.4283983 0.0000000 1.8830181 2.0310377 2.5646599 1.8034382 
taxon_27   1.8448280 2.1569482 2.6849169 2.6223807 2.5373836 2.2698779 1.8719068 1.5826599 2.4372356 1.7934380 1.7786835 1.7001497 2.2793120 2.4856395 1.7453446 1.9720553 1.7453446 2.0175238 3.1422411 1.7453446 1.8609577 4.0969653 2.7531456 2.8898869 2.4732425 1.8830181 0.0000000 1.2419684 1.3465512 1.0424530 
taxon_28   2.2156375 2.2793120 2.4732425 2.3182818 3.0572444 2.9809075 2.0042491 1.7407007 2.5786790 1.7738291 1.8290380 1.7045491 2.7014010 2.5929651 1.7500171 1.9232576 1.8395276 2.0242503 3.5253603 1.7500171 1.7984215 2.5929651 3.1128248 2.5373836 3.2730061 2.0310377 1.2419684 0.0000000 1.8135735 1.5604908 
taxon_29   1.7089739 1.7835695 1.8999999 1.7224071 1.7884875 1.5864193 2.8087259 2.3917671 1.8186930 4.0969653 2.4610471 2.5929651 1.7089739 1.5641404 2.6223807 2.7354978 2.4028785 2.4372356 1.7594514 2.8687587 2.4256075 1.7884875 1.8342645 1.9847675 1.7269388 2.5646599 1.3465512 1.8135735 0.0000000 1.7934380 
taxon_30   0.9167408 1.7089739 2.5508971 2.4856395 2.6223807 2.2605605 1.7360853 1.6211298 2.1983953 1.7835695 1.7594514 1.9232576 2.4610471 2.8898869 1.8290380 1.8342645 1.8034382 1.9057471 2.6849169 1.7738291 1.8942965 2.8087259 2.3385533 3.4769564 2.3385533 1.8034382 1.0424530 1.5604908 1.7934380 0.0000000 
