30
taxon_1    0.0000000 1.7453446 1.7134249 3.6927179 2.9116275 2.7182557 2.5373841 1.6211299 1.5568587 3.7579762 3.7579762 2.5241093 2.9340173 1.6616803 2.7712186 1.7089739 1.5789189 1.5641402 3.6927179 1.7500175 3.1728576 1.6016476 3.4769564 2.9340173 1.5496471 2.1253646 1.3945909 1.6171929 3.2381161 1.6093794 
taxon_2    1.7453446 0.0000000 0.4587801 0.5686886 1.8830181 1.9976988 1.8999998 1.4033972 1.4153022 2.4982448 3.0309260 2.3385533 2.1815406 1.4843887 2.4856395 1.5864189 1.4976634 1.8186930 2.7531456 1.7001503 3.5253603 1.6616803 3.6927179 2.9809075 1.6616803 2.3182818 1.5496471 1.6575252 3.4314875 1.7179026 
taxon_3    1.7134249 0.4587801 0.0000000 0.4471391 1.8886360 1.8084880 1.9976988 1.4335218 1.3801395 2.7712186 3.2730061 2.2888663 2.5110652 1.4943226 2.7014010 1.5460672 1.5389581 1.9720544 3.3095987 1.7089739 3.6927179 1.5939946 3.7579762 3.0845200 1.6914292 2.5786785 1.5939946 1.7642135 3.5253603 1.7314981 
taxon_4    3.6927179 0.5686886 0.4471391 0.0000000 1.4366018 1.4713449 1.4183083 2.1650565 1.9173752 1.6957771 1.7089739 1.6871065 1.5714932 2.2698779 1.6871065 2.2698779 2.2156374 9.0000000 1.7001503 3.0845200 1.7884873 3.1422411 1.7224071 1.7045491 2.8087259 1.5939946 2.4028785 2.8282083 1.8395276 3.4314875 
taxon_5    2.9116275 1.8830181 1.8886360 1.4366018 0.0000000 1.0992981 1.0497879 2.3083479 1.7835693 1.6742856 1.7314981 1.5354287 1.4843887 2.0310377 1.5641402 2.0042487 1.8395276 2.8282083 1.6411311 3.3886190 1.8395276 2.8087259 1.7690059 1.8135735 3.1728576 1.7089739 2.6223807 2.5929651 1.7642135 2.3917671 
taxon_6    2.7182557 1.9976988 1.8084880 1.4713449 1.0992981 0.0000000 0.9386637 2.1100580 1.8395276 1.6250877 1.6914292 1.6171929 1.5568587 2.4732425 1.6211299 2.3700265 2.0803511 2.7014010 1.7984211 2.5373841 1.7738290 2.6075287 1.6871065 1.7045491 3.1728576 1.6411311 2.1732533 3.2381161 1.7884873 2.1732533 
taxon_7    2.5373841 1.8999998 1.9976988 1.4183083 1.0497879 0.9386637 0.0000000 1.9847675 1.6700603 1.7547198 1.5826595 1.6250877 1.4617088 2.1815406 1.6616803 2.0876683 1.9057468 2.7531456 1.6828084 3.2730061 1.7934378 4.2125783 1.6016476 1.8774418 2.8687587 1.5751969 2.0242501 3.8294576 1.8886360 2.4856395 
taxon_8    1.6211299 1.4033972 1.4335218 2.1650565 2.3083479 2.1100580 1.9847675 0.0000000 1.2419684 2.5110652 2.2985438 2.6223807 2.4028785 1.4004503 4.0969653 1.6658586 1.4843887 1.9291865 2.6223807 2.0659276 3.0054999 1.7360853 2.8482095 2.9570960 1.6871065 2.1815406 1.5789189 1.6658586 4.3493195 1.7500175 
taxon_9    1.5568587 1.4153022 1.3801395 1.9173752 1.7835693 1.8395276 1.6700603 1.2419684 0.0000000 2.3808180 2.2422674 2.3283491 2.1732533 1.4153022 2.3083479 1.4843887 1.3014055 1.8238476 2.3808180 1.7001503 3.1422411 1.5010191 2.4141569 2.3283491 1.5751969 2.3182818 1.3223128 1.6055036 2.9570960 1.4976634 
taxon_10   3.7579762 2.4982448 2.7712186 1.6957771 1.6742856 1.6250877 1.7547198 2.5110652 2.3808180 0.0000000 1.0388121 1.6132754 1.5532442 2.3283491 1.5978114 2.6223807 2.2156374 4.0969653 1.9115380 3.4314875 1.7642135 9.0000000 1.5180266 1.8342645 5.5562928 1.6914292 2.4610471 2.4490469 1.8186930 2.5929651 
taxon_11   3.7579762 3.0309260 3.2730061 1.7089739 1.7314981 1.6914292 1.5826595 2.2985438 2.2422674 1.0388121 0.0000000 1.4335218 1.4123082 1.9173752 1.6575252 1.9351626 1.7360853 3.1422411 1.7690059 3.1422411 1.7547198 9.0000000 1.7314981 1.7500175 2.3283491 1.7934378 2.4732425 2.4982448 1.7884873 2.4372356 
taxon_12   2.5241093 2.3385533 2.2888663 1.6871065 1.5354287 1.6171929 1.6250877 2.6223807 2.3283491 1.6132754 1.4335218 0.0000000 0.8732727 0.8574220 1.4366018 1.5714932 1.1868969 3.6326859 1.8290380 2.6687872 1.7884873 2.5929651 1.5826595 1.6055036 2.1409902 1.4876854 2.1650565 2.5786785 1.7594516 2.1100580 
taxon_13   2.9340173 2.1815406 2.5110652 1.5714932 1.4843887 1.5568587 1.4617088 2.4028785 2.1732533 1.5532442 1.4123082 0.8732727 0.0000000 0.6271860 1.3117863 1.3659614 1.0665588 2.6529972 1.6575252 2.9809075 1.7884873 2.7531456 1.5319158 1.8290380 2.6529972 1.5939946 2.0175238 2.2793120 1.8395276 2.5786785 
taxon_14   1.6616803 1.4843887 1.4943226 2.2698779 2.0310377 2.4732425 2.1815406 1.4004503 1.4153022 2.3283491 1.9173752 0.8574220 0.6271860 0.0000000 1.5978114 0.9151998 0.6998234 1.7407007 2.8087259 1.6055036 3.0572444 1.7407007 2.2513585 2.6375327 1.5568587 2.1899206 1.3170310 1.5864189 2.5786785 1.5568587 
taxon_15   2.7712186 2.4856395 2.7014010 1.6871065 1.5641402 1.6211299 1.6616803 4.0969653 2.3083479 1.5978114 1.6575252 1.4366018 1.3117863 1.5978114 0.0000000 1.5284193 1.3039872 3.2381161 1.7001503 2.9570960 1.7001503 9.0000000 1.5043899 1.6957771 2.4856395 1.5678077 2.0447993 3.2730061 1.7500175 3.6326859 
taxon_16   1.7089739 1.5864189 1.5460672 2.2698779 2.0042487 2.3700265 2.0876683 1.6658586 1.4843887 2.6223807 1.9351626 1.5714932 1.3659614 0.9151998 1.5284193 0.0000000 0.4038579 1.5319158 2.4856395 1.4976634 2.5508980 1.4843887 2.6223807 2.3593880 1.6016476 2.3593880 1.2937131 1.7134249 2.6529972 1.5496471 
taxon_17   1.5789189 1.4976634 1.5389581 2.2156374 1.8395276 2.0803511 1.9057468 1.4843887 1.3014055 2.2156374 1.7360853 1.1868969 1.0665588 0.6998234 1.3039872 0.4038579 0.0000000 1.5532442 2.3917671 1.5354287 2.6529972 1.5389581 2.3488983 2.4028785 1.5901972 2.3917671 1.2467455 1.6370879 2.8087259 1.5043899 
taxon_18   1.5641402 1.8186930 1.9720544 9.0000000 2.8282083 2.7014010 2.7531456 1.9291865 1.8238476 4.0969653 3.1422411 3.6326859 2.6529972 1.7407007 3.2381161 1.5319158 1.5532442 0.0000000 1.1012692 1.4843887 2.4256075 1.4649071 2.4732425 2.9570960 1.7269388 2.7182557 1.4004503 1.6828084 2.8898869 1.6492833 
taxon_19   3.6927179 2.7531456 3.3095987 1.7001503 1.6411311 1.7984211 1.6828084 2.6223807 2.3808180 1.9115380 1.7690059 1.8290380 1.6575252 2.8087259 1.7001503 2.4856395 2.3917671 1.1012692 0.0000000 2.2605610 1.6055036 2.2156374 1.4876854 1.6250877 3.0572444 1.5826595 1.9533821 9.0000000 1.8555425 2.8087259 
taxon_20   1.7500175 1.7001503 1.7089739 3.0845200 3.3886190 2.5373841 3.2730061 2.0659276 1.7001503 3.4314875 3.1422411 2.6687872 2.9809075 1.6055036 2.9570960 1.4976634 1.5354287 1.4843887 2.2605610 0.0000000 1.6533929 0.9828422 2.6849169 3.4314875 1.5751969 2.5508980 1.3492941 1.7786834 3.0572444 1.5789189 
taxon_21   3.1728576 3.5253603 3.6927179 1.7884873 1.8395276 1.7738290 1.7934378 3.0054999 3.1422411 1.7642135 1.7547198 1.7884873 1.7884873 3.0572444 1.7001503 2.5508980 2.6529972 2.4256075 1.6055036 1.6533929 0.0000000 0.7365316 1.6290665 1.7884873 2.4372356 1.5111772 1.8774418 2.7531456 1.6785349 2.6223807 
taxon_22   1.6016476 1.6616803 1.5939946 3.1422411 2.8087259 2.6075287 4.2125783 1.7360853 1.5010191 9.0000000 9.0000000 2.5929651 2.7531456 1.7407007 9.0000000 1.4843887 1.5389581 1.4649071 2.2156374 0.9828422 0.7365316 0.0000000 2.5929651 3.8294576 1.6616803 1.9847675 1.2710983 1.7089739 2.5241093 1.4811064 
taxon_23   3.4769564 3.6927179 3.7579762 1.7224071 1.7690059 1.6871065 1.6016476 2.8482095 2.4141569 1.5180266 1.7314981 1.5826595 1.5319158 2.2513585 1.5043899 2.6223807 2.3488983 2.4732425 1.4876854 2.6849169 1.6290665 2.5929651 0.0000000 1.5568587 2.3808180 1.3887769 1.4243567 2.7014010 1.7314981 2.2156374 
taxon_24   2.9340173 2.9809075 3.0845200 1.7045491 1.8135735 1.7045491 1.8774418 2.9570960 2.3283491 1.8342645 1.7500175 1.6055036 1.8290380 2.6375327 1.6957771 2.3593880 2.4028785 2.9570960 1.6250877 3.4314875 1.7884873 3.8294576 1.5568587 0.0000000 0.5290068 0.9276225 1.2886283 9.0000000 1.7360853 2.7897379 
taxon_25   1.5496471 1.6616803 1.6914292 2.8087259 3.1728576 3.1728576 2.8687587 1.6871065 1.5751969 5.5562928 2.3283491 2.1409902 2.6529972 1.5568587 2.4856395 1.6016476 1.5901972 1.7269388 3.0572444 1.5751969 2.4372356 1.6616803 2.3808180 0.5290068 0.0000000 0.8104453 0.7197309 1.6451961 2.8087259 1.4943226 
taxon_26   2.1253646 2.3182818 2.5786785 1.5939946 1.7089739 1.6411311 1.5751969 2.1815406 2.3182818 1.6914292 1.7934378 1.4876854 1.5939946 2.1899206 1.5678077 2.3593880 2.3917671 2.7182557 1.5826595 2.5508980 1.5111772 1.9847675 1.3887769 0.9276225 0.8104453 0.0000000 0.7138207 2.3283491 1.6742856 2.0803511 
taxon_27   1.3945909 1.5496471 1.5939946 2.4028785 2.6223807 2.1732533 2.0242501 1.5789189 1.3223128 2.4610471 2.4732425 2.1650565 2.0175238 1.3170310 2.0447993 1.2937131 1.2467455 1.4004503 1.9533821 1.3492941 1.8774418 1.2710983 1.4243567 1.2886283 0.7197309 0.7138207 0.0000000 1.5214749 2.9116275 1.3014055 
taxon_28   1.6171929 1.6575252 1.7642135 2.8282083 2.5929651 3.2381161 3.8294576 1.6658586 1.6055036 2.4490469 2.4982448 2.5786785 2.2793120 1.5864189 3.2730061 1.7134249 1.6370879 1.6828084 9.0000000 1.7786834 2.7531456 1.7089739 2.7014010 9.0000000 1.6451961 2.3283491 1.5214749 0.0000000 2.8482095 1.0934158 
taxon_29   3.2381161 3.4314875 3.5253603 1.8395276 1.7642135 1.7884873 1.8886360 4.3493195 2.9570960 1.8186930 1.7884873 1.7594516 1.8395276 2.5786785 1.7500175 2.6529972 2.8087259 2.8898869 1.8555425 3.0572444 1.6785349 2.5241093 1.7314981 1.7360853 2.8087259 1.6742856 2.9116275 2.8482095 0.0000000 1.7314981 
taxon_30   1.6093794 1.7179026 1.7314981 3.4314875 2.3917671 2.1732533 2.4856395 1.7500175 1.4976634 2.5929651 2.4372356 2.1100580 2.5786785 1.5568587 3.6326859 1.5496471 1.5043899 1.6492833 2.8087259 1.5789189 2.6223807 1.4811064 2.2156374 2.7897379 1.4943226 2.0803511 1.3014055 1.0934158 1.7314981 0.0000000 
