50
taxon_1    0.0000000 0.3699030 0.3633812 0.3660917 0.3726372 0.3547728 0.3579894 0.3781357 0.3836749 0.3704490 0.3622997 0.3731852 0.3764819 0.3666350 0.3914991 0.3748318 0.2887568 0.3803465 0.3786878 0.3720895 0.2991154 0.3238568 0.2976268 0.3842311 0.3814543 0.3797932 0.3770328 0.3775841 0.3859021 0.3715423 0.3704490 0.3666350 0.3704490 0.3569156 0.3797932 0.3898156 0.3847877 0.3926235 0.3803465 0.3903764 0.3886954 0.3875768 0.3847877 0.3814543 0.3553079 0.3601414 0.3898156 0.3764819 0.3585268 0.3430953 
taxon_2    0.3699030 0.0000000 0.0668967 0.0607268 0.0723832 0.0564019 0.0838507 0.1046381 0.1054050 0.1019603 0.0902146 0.1046381 0.1023422 0.0920967 0.1162244 0.1027244 0.1842123 0.2833874 0.2819297 0.2770910 0.2005829 0.2976268 0.2751642 0.3579894 0.3585268 0.3542380 0.3531696 0.3596028 0.3709954 0.3558434 0.3547728 0.3499736 0.3510374 0.3373240 0.3574523 0.3682672 0.3601414 0.3628402 0.3489113 0.3715423 0.3650063 0.3644642 0.3558434 0.3547728 0.3295250 0.3331544 0.3553079 0.3404664 0.3537036 0.3207830 
taxon_3    0.3633812 0.0668967 0.0000000 0.0506740 0.0701838 0.0531746 0.0853433 0.1054050 0.1061727 0.0992919 0.0902146 0.1027244 0.1019603 0.0920967 0.1150577 0.1077103 0.1837863 0.2809595 0.2785393 0.2742027 0.1971066 0.2917018 0.2742027 0.3553079 0.3574523 0.3537036 0.3526360 0.3563793 0.3699030 0.3537036 0.3526360 0.3467911 0.3505053 0.3373240 0.3553079 0.3677227 0.3574523 0.3617596 0.3489113 0.3688120 0.3622997 0.3612198 0.3558434 0.3526360 0.3290079 0.3362794 0.3531696 0.3420426 0.3473206 0.3223183 
taxon_4    0.3660917 0.0607268 0.0506740 0.0000000 0.0647133 0.0464066 0.0782800 0.0981512 0.0981512 0.0920967 0.0819892 0.0966330 0.0962539 0.0857169 0.1077103 0.1000533 0.1753164 0.2761270 0.2751642 0.2689361 0.1932150 0.2902279 0.2698909 0.3531696 0.3547728 0.3515699 0.3494423 0.3542380 0.3671787 0.3510374 0.3494423 0.3446770 0.3473206 0.3352363 0.3521028 0.3655488 0.3547728 0.3585268 0.3467911 0.3704490 0.3633812 0.3622997 0.3542380 0.3515699 0.3279748 0.3331544 0.3499736 0.3378468 0.3415169 0.3161958 
taxon_5    0.3726372 0.0723832 0.0701838 0.0647133 0.0000000 0.0560427 0.0890877 0.1073256 0.1088657 0.1046381 0.0947395 0.1077103 0.1077103 0.0970123 0.1181729 0.1092512 0.1902021 0.2892468 0.2926861 0.2872886 0.2075841 0.3006069 0.2814444 0.3644642 0.3666350 0.3617596 0.3628402 0.3666350 0.3781357 0.3617596 0.3601414 0.3569156 0.3617596 0.3478505 0.3622997 0.3731852 0.3660917 0.3688120 0.3590646 0.3803465 0.3704490 0.3709954 0.3666350 0.3655488 0.3394175 0.3420426 0.3650063 0.3521028 0.3569156 0.3279748 
taxon_6    0.3547728 0.0564019 0.0531746 0.0464066 0.0560427 0.0000000 0.0738530 0.0932282 0.0928508 0.0883373 0.0775404 0.0902146 0.0898388 0.0793908 0.1019603 0.0936057 0.1727940 0.2722833 0.2742027 0.2694134 0.1884858 0.2843608 0.2641802 0.3452050 0.3494423 0.3430953 0.3420426 0.3462620 0.3585268 0.3436221 0.3415169 0.3362794 0.3404664 0.3269432 0.3452050 0.3563793 0.3478505 0.3494423 0.3404664 0.3596028 0.3531696 0.3537036 0.3467911 0.3452050 0.3182311 0.3269432 0.3489113 0.3368015 0.3378468 0.3111317 
taxon_7    0.3579894 0.0838507 0.0853433 0.0782800 0.0890877 0.0738530 0.0000000 0.0771708 0.0771708 0.0727504 0.0628986 0.0782800 0.0790204 0.0687211 0.0857169 0.0819892 0.1698618 0.2732424 0.2718042 0.2670302 0.1906317 0.2843608 0.2608690 0.3462620 0.3483807 0.3425688 0.3415169 0.3478505 0.3590646 0.3420426 0.3415169 0.3373240 0.3420426 0.3284912 0.3462620 0.3542380 0.3473206 0.3531696 0.3409915 0.3622997 0.3553079 0.3526360 0.3462620 0.3430953 0.3218062 0.3253984 0.3436221 0.3315968 0.3373240 0.3096191 
taxon_8    0.3781357 0.1046381 0.1054050 0.0981512 0.1073256 0.0932282 0.0771708 0.0000000 0.0756944 0.0690865 0.0596432 0.0962539 0.0981512 0.0857169 0.1084804 0.0992919 0.1953745 0.2926861 0.2956466 0.2907189 0.2115512 0.2991154 0.2780562 0.3633812 0.3660917 0.3606804 0.3590646 0.3612198 0.3726372 0.3563793 0.3563793 0.3494423 0.3579894 0.3425688 0.3612198 0.3699030 0.3622997 0.3704490 0.3569156 0.3775841 0.3720895 0.3720895 0.3622997 0.3596028 0.3378468 0.3409915 0.3644642 0.3526360 0.3553079 0.3274588 
taxon_9    0.3836749 0.1054050 0.1061727 0.0981512 0.1088657 0.0928508 0.0771708 0.0756944 0.0000000 0.0705499 0.0600043 0.0970123 0.0981512 0.0860906 0.1069411 0.1015785 0.1932150 0.2946585 0.2926861 0.2872886 0.2115512 0.3050995 0.2770910 0.3671787 0.3704490 0.3671787 0.3644642 0.3704490 0.3847877 0.3688120 0.3682672 0.3628402 0.3666350 0.3531696 0.3682672 0.3775841 0.3693573 0.3759315 0.3601414 0.3803465 0.3742825 0.3742825 0.3682672 0.3699030 0.3425688 0.3446770 0.3699030 0.3585268 0.3606804 0.3300424 
taxon_10   0.3704490 0.1019603 0.0992919 0.0920967 0.1046381 0.0883373 0.0727504 0.0690865 0.0705499 0.0000000 0.0449895 0.0913433 0.0920967 0.0808745 0.1027244 0.0958750 0.1837863 0.2829012 0.2853355 0.2814444 0.1997123 0.2951524 0.2727627 0.3606804 0.3622997 0.3574523 0.3542380 0.3596028 0.3737337 0.3601414 0.3590646 0.3531696 0.3612198 0.3430953 0.3569156 0.3693573 0.3612198 0.3666350 0.3563793 0.3753814 0.3699030 0.3688120 0.3585268 0.3569156 0.3347153 0.3383700 0.3633812 0.3515699 0.3494423 0.3212944 
taxon_11   0.3622997 0.0902146 0.0902146 0.0819892 0.0947395 0.0775404 0.0628986 0.0596432 0.0600043 0.0449895 0.0000000 0.0808745 0.0827333 0.0712827 0.0920967 0.0845966 0.1778473 0.2761270 0.2746833 0.2713254 0.1914918 0.2824153 0.2599256 0.3452050 0.3483807 0.3425688 0.3415169 0.3462620 0.3579894 0.3425688 0.3415169 0.3362794 0.3425688 0.3274588 0.3430953 0.3537036 0.3441494 0.3515699 0.3394175 0.3601414 0.3531696 0.3542380 0.3457333 0.3441494 0.3187408 0.3253984 0.3473206 0.3357577 0.3362794 0.3111317 
taxon_12   0.3731852 0.1046381 0.1027244 0.0966330 0.1077103 0.0902146 0.0782800 0.0962539 0.0970123 0.0913433 0.0808745 0.0000000 0.0924737 0.0790204 0.1027244 0.0966330 0.1893434 0.2912102 0.2907189 0.2838740 0.2067053 0.2991154 0.2732424 0.3622997 0.3590646 0.3558434 0.3585268 0.3612198 0.3759315 0.3601414 0.3596028 0.3526360 0.3574523 0.3415169 0.3606804 0.3704490 0.3590646 0.3682672 0.3558434 0.3764819 0.3699030 0.3715423 0.3628402 0.3601414 0.3357577 0.3388936 0.3628402 0.3499736 0.3526360 0.3248842 
taxon_13   0.3764819 0.1023422 0.1019603 0.0962539 0.1077103 0.0898388 0.0790204 0.0981512 0.0981512 0.0920967 0.0827333 0.0924737 0.0000000 0.0492488 0.0924737 0.0879624 0.1889145 0.2887568 0.2867999 0.2853355 0.2058276 0.3086124 0.2829012 0.3671787 0.3709954 0.3650063 0.3622997 0.3688120 0.3797932 0.3633812 0.3612198 0.3553079 0.3633812 0.3462620 0.3677227 0.3759315 0.3688120 0.3759315 0.3622997 0.3781357 0.3748318 0.3753814 0.3671787 0.3660917 0.3415169 0.3473206 0.3666350 0.3537036 0.3596028 0.3310783 
taxon_14   0.3666350 0.0920967 0.0920967 0.0857169 0.0970123 0.0793908 0.0687211 0.0857169 0.0860906 0.0808745 0.0712827 0.0790204 0.0492488 0.0000000 0.0842236 0.0771708 0.1786929 0.2775735 0.2766088 0.2722833 0.1949421 0.2951524 0.2684592 0.3521028 0.3574523 0.3531696 0.3505053 0.3537036 0.3682672 0.3510374 0.3489113 0.3436221 0.3494423 0.3347153 0.3531696 0.3601414 0.3537036 0.3617596 0.3494423 0.3660917 0.3617596 0.3622997 0.3531696 0.3531696 0.3284912 0.3341946 0.3547728 0.3420426 0.3457333 0.3131532 
taxon_15   0.3914991 0.1162244 0.1150577 0.1077103 0.1181729 0.1019603 0.0857169 0.1084804 0.1069411 0.1027244 0.0920967 0.1027244 0.0924737 0.0842236 0.0000000 0.0793908 0.2014544 0.3001094 0.2991154 0.2941649 0.2199957 0.3131532 0.2867999 0.3786878 0.3809002 0.3731852 0.3731852 0.3786878 0.3881359 0.3731852 0.3709954 0.3660917 0.3709954 0.3579894 0.3748318 0.3814543 0.3775841 0.3853447 0.3715423 0.3903764 0.3809002 0.3853447 0.3803465 0.3781357 0.3521028 0.3569156 0.3764819 0.3628402 0.3628402 0.3409915 
taxon_16   0.3748318 0.1027244 0.1077103 0.1000533 0.1092512 0.0936057 0.0819892 0.0992919 0.1015785 0.0958750 0.0845966 0.0966330 0.0879624 0.0771708 0.0793908 0.0000000 0.1884858 0.2887568 0.2907189 0.2858233 0.2080238 0.3001094 0.2737224 0.3590646 0.3617596 0.3553079 0.3537036 0.3585268 0.3726372 0.3563793 0.3542380 0.3505053 0.3563793 0.3399418 0.3569156 0.3639225 0.3601414 0.3677227 0.3526360 0.3731852 0.3660917 0.3688120 0.3612198 0.3590646 0.3368015 0.3394175 0.3612198 0.3483807 0.3462620 0.3218062 
taxon_17   0.2887568 0.1842123 0.1837863 0.1753164 0.1902021 0.1727940 0.1698618 0.1953745 0.1932150 0.1837863 0.1778473 0.1893434 0.1889145 0.1786929 0.2014544 0.1884858 0.0000000 0.1619605 0.1673577 0.1578350 0.0849698 0.2173187 0.1945099 0.2780562 0.2770910 0.2780562 0.2770910 0.2766088 0.2853355 0.2694134 0.2689361 0.2646545 0.2656038 0.2538223 0.2751642 0.2882671 0.2795064 0.2790227 0.2689361 0.2897372 0.2843608 0.2799905 0.2795064 0.2756454 0.2519543 0.2552263 0.2814444 0.2660790 0.2594543 0.2399244 
taxon_18   0.3803465 0.2833874 0.2809595 0.2761270 0.2892468 0.2722833 0.2732424 0.2926861 0.2946585 0.2829012 0.2761270 0.2912102 0.2887568 0.2775735 0.3001094 0.2887568 0.1619605 0.0000000 0.2195489 0.2182100 0.1423622 0.3091155 0.2877777 0.3715423 0.3720895 0.3715423 0.3704490 0.3699030 0.3803465 0.3650063 0.3650063 0.3590646 0.3622997 0.3489113 0.3682672 0.3797932 0.3693573 0.3704490 0.3569156 0.3797932 0.3742825 0.3715423 0.3677227 0.3660917 0.3415169 0.3430953 0.3660917 0.3542380 0.3505053 0.3305602 
taxon_19   0.3786878 0.2819297 0.2785393 0.2751642 0.2926861 0.2742027 0.2718042 0.2956466 0.2926861 0.2853355 0.2746833 0.2907189 0.2867999 0.2766088 0.2991154 0.2907189 0.1673577 0.2195489 0.0000000 0.0643500 0.1042550 0.3106271 0.2912102 0.3759315 0.3715423 0.3693573 0.3726372 0.3688120 0.3820089 0.3639225 0.3639225 0.3622997 0.3633812 0.3521028 0.3699030 0.3853447 0.3748318 0.3775841 0.3585268 0.3797932 0.3797932 0.3737337 0.3688120 0.3660917 0.3457333 0.3457333 0.3633812 0.3499736 0.3505053 0.3305602 
taxon_20   0.3720895 0.2770910 0.2742027 0.2689361 0.2872886 0.2694134 0.2670302 0.2907189 0.2872886 0.2814444 0.2713254 0.2838740 0.2853355 0.2722833 0.2941649 0.2858233 0.1578350 0.2182100 0.0643500 0.0000000 0.0977714 0.3045990 0.2848480 0.3704490 0.3688120 0.3650063 0.3699030 0.3650063 0.3786878 0.3590646 0.3585268 0.3579894 0.3585268 0.3467911 0.3660917 0.3803465 0.3704490 0.3737337 0.3553079 0.3753814 0.3781357 0.3748318 0.3671787 0.3639225 0.3452050 0.3462620 0.3628402 0.3467911 0.3547728 0.3310783 
taxon_21   0.2991154 0.2005829 0.1971066 0.1932150 0.2075841 0.1884858 0.1906317 0.2115512 0.2115512 0.1997123 0.1914918 0.2067053 0.2058276 0.1949421 0.2199957 0.2080238 0.0849698 0.1423622 0.1042550 0.0977714 0.0000000 0.2294411 0.2089041 0.2902279 0.2902279 0.2882671 0.2882671 0.2892468 0.2986189 0.2809595 0.2799905 0.2770910 0.2819297 0.2689361 0.2858233 0.3001094 0.2912102 0.2951524 0.2790227 0.3026003 0.2966361 0.2936716 0.2887568 0.2858233 0.2646545 0.2708470 0.2892468 0.2746833 0.2780562 0.2542900 
taxon_22   0.3238568 0.2976268 0.2917018 0.2902279 0.3006069 0.2843608 0.2843608 0.2991154 0.3050995 0.2951524 0.2824153 0.2991154 0.3086124 0.2951524 0.3131532 0.3001094 0.2173187 0.3091155 0.3106271 0.3045990 0.2294411 0.0000000 0.1054050 0.2463780 0.2514880 0.2519543 0.2491610 0.2505563 0.2580423 0.2482322 0.2473045 0.2403835 0.2454527 0.2289886 0.2505563 0.2566330 0.2473045 0.2486964 0.2403835 0.2594543 0.2538223 0.2519543 0.2496258 0.2468411 0.2258288 0.2285364 0.2538223 0.2367183 0.2326162 0.2106678 
taxon_23   0.2976268 0.2751642 0.2742027 0.2698909 0.2814444 0.2641802 0.2608690 0.2780562 0.2770910 0.2727627 0.2599256 0.2732424 0.2829012 0.2684592 0.2867999 0.2737224 0.1945099 0.2877777 0.2912102 0.2848480 0.2089041 0.1054050 0.0000000 0.2276328 0.2308002 0.2267303 0.2258288 0.2303469 0.2390070 0.2267303 0.2262794 0.2177642 0.2249285 0.2089041 0.2271814 0.2362614 0.2289886 0.2348924 0.2217857 0.2399244 0.2330709 0.2312538 0.2271814 0.2226823 0.2040753 0.2049509 0.2330709 0.2150952 0.2235799 0.1962400 
taxon_24   0.3842311 0.3579894 0.3553079 0.3531696 0.3644642 0.3452050 0.3462620 0.3633812 0.3671787 0.3606804 0.3452050 0.3622997 0.3671787 0.3521028 0.3786878 0.3590646 0.2780562 0.3715423 0.3759315 0.3704490 0.2902279 0.2463780 0.2276328 0.0000000 0.0560427 0.0582009 0.0542488 0.0857169 0.0913433 0.0786501 0.0779101 0.0727504 0.0760633 0.0614500 0.1011969 0.1065568 0.1000533 0.1065568 0.0947395 0.1069411 0.1034893 0.1011969 0.1008155 0.0981512 0.0775404 0.1236560 0.1447841 0.1315591 0.2897372 0.2599256 
taxon_25   0.3814543 0.3585268 0.3574523 0.3547728 0.3666350 0.3494423 0.3483807 0.3660917 0.3704490 0.3622997 0.3483807 0.3590646 0.3709954 0.3574523 0.3809002 0.3617596 0.2770910 0.3720895 0.3715423 0.3688120 0.2902279 0.2514880 0.2308002 0.0560427 0.0000000 0.0488929 0.0449895 0.0834781 0.0913433 0.0782800 0.0775404 0.0723832 0.0764323 0.0607268 0.1000533 0.1073256 0.1023422 0.1057887 0.0939835 0.1069411 0.1031068 0.1023422 0.1011969 0.0962539 0.0764323 0.1216931 0.1447841 0.1303683 0.2882671 0.2627593 
taxon_26   0.3797932 0.3542380 0.3537036 0.3515699 0.3617596 0.3430953 0.3425688 0.3606804 0.3671787 0.3574523 0.3425688 0.3558434 0.3650063 0.3531696 0.3731852 0.3553079 0.2780562 0.3715423 0.3693573 0.3650063 0.2882671 0.2519543 0.2267303 0.0582009 0.0488929 0.0000000 0.0358430 0.0842236 0.0902146 0.0782800 0.0779101 0.0720162 0.0775404 0.0621740 0.1046381 0.1077103 0.1031068 0.1077103 0.0943614 0.1077103 0.1069411 0.1042550 0.1023422 0.0985312 0.0786501 0.1260182 0.1455932 0.1327518 0.2867999 0.2637063 
taxon_27   0.3770328 0.3531696 0.3526360 0.3494423 0.3628402 0.3420426 0.3415169 0.3590646 0.3644642 0.3542380 0.3415169 0.3585268 0.3622997 0.3505053 0.3731852 0.3537036 0.2770910 0.3704490 0.3726372 0.3699030 0.2882671 0.2491610 0.2258288 0.0542488 0.0449895 0.0358430 0.0000000 0.0808745 0.0864646 0.0753258 0.0738530 0.0679908 0.0731177 0.0571210 0.0996725 0.1023422 0.0981512 0.1042550 0.0905907 0.1057887 0.1023422 0.0977714 0.0992919 0.0954963 0.0742210 0.1220853 0.1431686 0.1307650 0.2897372 0.2618136 
taxon_28   0.3775841 0.3596028 0.3563793 0.3542380 0.3666350 0.3462620 0.3478505 0.3612198 0.3704490 0.3596028 0.3462620 0.3612198 0.3688120 0.3537036 0.3786878 0.3585268 0.2766088 0.3699030 0.3688120 0.3650063 0.2892468 0.2505563 0.2303469 0.0857169 0.0834781 0.0842236 0.0808745 0.0000000 0.0679908 0.0556835 0.0549658 0.0481817 0.0698178 0.0549658 0.1027244 0.1065568 0.1015785 0.1077103 0.0943614 0.1050215 0.1008155 0.1019603 0.0996725 0.0962539 0.0768014 0.1205179 0.1455932 0.1315591 0.2858233 0.2561638 
taxon_29   0.3859021 0.3709954 0.3699030 0.3671787 0.3781357 0.3585268 0.3590646 0.3726372 0.3847877 0.3737337 0.3579894 0.3759315 0.3797932 0.3682672 0.3881359 0.3726372 0.2853355 0.3803465 0.3820089 0.3786878 0.2986189 0.2580423 0.2390070 0.0913433 0.0913433 0.0902146 0.0864646 0.0679908 0.0000000 0.0538906 0.0531746 0.0471161 0.0779101 0.0618119 0.1084804 0.1142809 0.1084804 0.1127297 0.1019603 0.1119553 0.1080953 0.1084804 0.1069411 0.1031068 0.0831056 0.1295755 0.1537322 0.1403498 0.2926861 0.2679825 
taxon_30   0.3715423 0.3558434 0.3537036 0.3510374 0.3617596 0.3436221 0.3420426 0.3563793 0.3688120 0.3601414 0.3425688 0.3601414 0.3633812 0.3510374 0.3731852 0.3563793 0.2694134 0.3650063 0.3639225 0.3590646 0.2809595 0.2482322 0.2267303 0.0786501 0.0782800 0.0782800 0.0753258 0.0556835 0.0538906 0.0000000 0.0070324 0.0323546 0.0650767 0.0510307 0.0985312 0.1038721 0.0989115 0.1038721 0.0890877 0.1008155 0.0985312 0.0973917 0.0947395 0.0905907 0.0731177 0.1205179 0.1411541 0.1268072 0.2785393 0.2528877 
taxon_31   0.3704490 0.3547728 0.3526360 0.3494423 0.3601414 0.3415169 0.3415169 0.3563793 0.3682672 0.3590646 0.3415169 0.3596028 0.3612198 0.3489113 0.3709954 0.3542380 0.2689361 0.3650063 0.3639225 0.3585268 0.2799905 0.2473045 0.2262794 0.0779101 0.0775404 0.0779101 0.0738530 0.0549658 0.0531746 0.0070324 0.0000000 0.0323546 0.0650767 0.0503174 0.0985312 0.1031068 0.0981512 0.1027244 0.0883373 0.1011969 0.0981512 0.0970123 0.0947395 0.0898388 0.0723832 0.1193445 0.1411541 0.1268072 0.2775735 0.2533548 
taxon_32   0.3666350 0.3499736 0.3467911 0.3446770 0.3569156 0.3362794 0.3373240 0.3494423 0.3628402 0.3531696 0.3362794 0.3526360 0.3553079 0.3436221 0.3660917 0.3505053 0.2646545 0.3590646 0.3622997 0.3579894 0.2770910 0.2403835 0.2177642 0.0727504 0.0723832 0.0720162 0.0679908 0.0481817 0.0471161 0.0323546 0.0323546 0.0000000 0.0582009 0.0435750 0.0898388 0.0954963 0.0902146 0.0958750 0.0823611 0.0936057 0.0913433 0.0913433 0.0875877 0.0831056 0.0643500 0.1115684 0.1323540 0.1185632 0.2737224 0.2491610 
taxon_33   0.3704490 0.3510374 0.3505053 0.3473206 0.3617596 0.3404664 0.3420426 0.3579894 0.3666350 0.3612198 0.3425688 0.3574523 0.3633812 0.3494423 0.3709954 0.3563793 0.2656038 0.3622997 0.3633812 0.3585268 0.2819297 0.2454527 0.2249285 0.0760633 0.0764323 0.0775404 0.0731177 0.0698178 0.0779101 0.0650767 0.0650767 0.0582009 0.0000000 0.0292289 0.0932282 0.0989115 0.0920967 0.0977714 0.0857169 0.0989115 0.0947395 0.0954963 0.0902146 0.0883373 0.0679908 0.1150577 0.1399480 0.1244426 0.2838740 0.2556949 
taxon_34   0.3569156 0.3373240 0.3373240 0.3352363 0.3478505 0.3269432 0.3284912 0.3425688 0.3531696 0.3430953 0.3274588 0.3415169 0.3462620 0.3347153 0.3579894 0.3399418 0.2538223 0.3489113 0.3521028 0.3467911 0.2689361 0.2289886 0.2089041 0.0614500 0.0607268 0.0621740 0.0571210 0.0549658 0.0618119 0.0510307 0.0503174 0.0435750 0.0292289 0.0000000 0.0786501 0.0834781 0.0771708 0.0834781 0.0701838 0.0845966 0.0805033 0.0805033 0.0771708 0.0731177 0.0538906 0.0989115 0.1228702 0.1084804 0.2689361 0.2426835 
taxon_35   0.3797932 0.3574523 0.3553079 0.3521028 0.3622997 0.3452050 0.3462620 0.3612198 0.3682672 0.3569156 0.3430953 0.3606804 0.3677227 0.3531696 0.3748318 0.3569156 0.2751642 0.3682672 0.3699030 0.3660917 0.2858233 0.2505563 0.2271814 0.1011969 0.1000533 0.1046381 0.0996725 0.1027244 0.1084804 0.0985312 0.0985312 0.0898388 0.0932282 0.0786501 0.0000000 0.0701838 0.0632612 0.0834781 0.0738530 0.1038721 0.1011969 0.0989115 0.0954963 0.0909669 0.0723832 0.1224777 0.1464031 0.1319565 0.2921938 0.2627593 
taxon_36   0.3898156 0.3682672 0.3677227 0.3655488 0.3731852 0.3563793 0.3542380 0.3699030 0.3775841 0.3693573 0.3537036 0.3704490 0.3759315 0.3601414 0.3814543 0.3639225 0.2882671 0.3797932 0.3853447 0.3803465 0.3001094 0.2566330 0.2362614 0.1065568 0.1073256 0.1077103 0.1023422 0.1065568 0.1142809 0.1038721 0.1031068 0.0954963 0.0989115 0.0834781 0.0701838 0.0000000 0.0464066 0.0905907 0.0793908 0.1080953 0.1046381 0.1027244 0.1004343 0.0973917 0.0771708 0.1279924 0.1533231 0.1379421 0.2976268 0.2698909 
taxon_37   0.3847877 0.3601414 0.3574523 0.3547728 0.3660917 0.3478505 0.3473206 0.3622997 0.3693573 0.3612198 0.3441494 0.3590646 0.3688120 0.3537036 0.3775841 0.3601414 0.2795064 0.3693573 0.3748318 0.3704490 0.2912102 0.2473045 0.2289886 0.1000533 0.1023422 0.1031068 0.0981512 0.1015785 0.1084804 0.0989115 0.0981512 0.0902146 0.0920967 0.0771708 0.0632612 0.0464066 0.0000000 0.0849698 0.0716493 0.1015785 0.0996725 0.0970123 0.0928508 0.0902146 0.0712827 0.1213012 0.1472139 0.1327518 0.2931787 0.2646545 
taxon_38   0.3926235 0.3628402 0.3617596 0.3585268 0.3688120 0.3494423 0.3531696 0.3704490 0.3759315 0.3666350 0.3515699 0.3682672 0.3759315 0.3617596 0.3853447 0.3677227 0.2790227 0.3704490 0.3775841 0.3737337 0.2951524 0.2486964 0.2348924 0.1065568 0.1057887 0.1077103 0.1042550 0.1077103 0.1127297 0.1038721 0.1027244 0.0958750 0.0977714 0.0834781 0.0834781 0.0905907 0.0849698 0.0000000 0.0738530 0.1065568 0.1038721 0.1011969 0.1000533 0.0947395 0.0771708 0.1256240 0.1484318 0.1335480 0.2971313 0.2656038 
taxon_39   0.3803465 0.3489113 0.3489113 0.3467911 0.3590646 0.3404664 0.3409915 0.3569156 0.3601414 0.3563793 0.3394175 0.3558434 0.3622997 0.3494423 0.3715423 0.3526360 0.2689361 0.3569156 0.3585268 0.3553079 0.2790227 0.2403835 0.2217857 0.0947395 0.0939835 0.0943614 0.0905907 0.0943614 0.1019603 0.0890877 0.0883373 0.0823611 0.0857169 0.0701838 0.0738530 0.0793908 0.0716493 0.0738530 0.0000000 0.0924737 0.0909669 0.0902146 0.0860906 0.0819892 0.0632612 0.1150577 0.1391450 0.1252300 0.2863114 0.2571025 
taxon_40   0.3903764 0.3715423 0.3688120 0.3704490 0.3803465 0.3596028 0.3622997 0.3775841 0.3803465 0.3753814 0.3601414 0.3764819 0.3781357 0.3660917 0.3903764 0.3731852 0.2897372 0.3797932 0.3797932 0.3753814 0.3026003 0.2594543 0.2399244 0.1069411 0.1069411 0.1077103 0.1057887 0.1050215 0.1119553 0.1008155 0.1011969 0.0936057 0.0989115 0.0845966 0.1038721 0.1080953 0.1015785 0.1065568 0.0924737 0.0000000 0.0683558 0.0690865 0.0842236 0.0797615 0.0621740 0.1279924 0.1492448 0.1327518 0.3026003 0.2751642 
taxon_41   0.3886954 0.3650063 0.3622997 0.3633812 0.3704490 0.3531696 0.3553079 0.3720895 0.3742825 0.3699030 0.3531696 0.3699030 0.3748318 0.3617596 0.3809002 0.3660917 0.2843608 0.3742825 0.3797932 0.3781357 0.2966361 0.2538223 0.2330709 0.1034893 0.1031068 0.1069411 0.1023422 0.1008155 0.1080953 0.0985312 0.0981512 0.0913433 0.0947395 0.0805033 0.1011969 0.1046381 0.0996725 0.1038721 0.0909669 0.0683558 0.0000000 0.0428688 0.0801323 0.0775404 0.0578408 0.1236560 0.1443799 0.1279924 0.2956466 0.2689361 
taxon_42   0.3875768 0.3644642 0.3612198 0.3622997 0.3709954 0.3537036 0.3526360 0.3720895 0.3742825 0.3688120 0.3542380 0.3715423 0.3753814 0.3622997 0.3853447 0.3688120 0.2799905 0.3715423 0.3737337 0.3748318 0.2936716 0.2519543 0.2312538 0.1011969 0.1023422 0.1042550 0.0977714 0.1019603 0.1084804 0.0973917 0.0970123 0.0913433 0.0954963 0.0805033 0.0989115 0.1027244 0.0970123 0.1011969 0.0902146 0.0690865 0.0428688 0.0000000 0.0760633 0.0745891 0.0560427 0.1240492 0.1435722 0.1283879 0.2921938 0.2670302 
taxon_43   0.3847877 0.3558434 0.3558434 0.3542380 0.3666350 0.3467911 0.3462620 0.3622997 0.3682672 0.3585268 0.3457333 0.3628402 0.3671787 0.3531696 0.3803465 0.3612198 0.2795064 0.3677227 0.3688120 0.3671787 0.2887568 0.2496258 0.2271814 0.1008155 0.1011969 0.1023422 0.0992919 0.0996725 0.1069411 0.0947395 0.0947395 0.0875877 0.0902146 0.0771708 0.0954963 0.1004343 0.0928508 0.1000533 0.0860906 0.0842236 0.0801323 0.0760633 0.0000000 0.0285361 0.0517447 0.1189538 0.1395464 0.1256240 0.2872886 0.2580423 
taxon_44   0.3814543 0.3547728 0.3526360 0.3515699 0.3655488 0.3452050 0.3430953 0.3596028 0.3699030 0.3569156 0.3441494 0.3601414 0.3660917 0.3531696 0.3781357 0.3590646 0.2756454 0.3660917 0.3660917 0.3639225 0.2858233 0.2468411 0.2226823 0.0981512 0.0962539 0.0985312 0.0954963 0.0962539 0.1031068 0.0905907 0.0898388 0.0831056 0.0883373 0.0731177 0.0909669 0.0973917 0.0902146 0.0947395 0.0819892 0.0797615 0.0775404 0.0745891 0.0285361 0.0000000 0.0478263 0.1173929 0.1379421 0.1228702 0.2833874 0.2556949 
taxon_45   0.3553079 0.3295250 0.3290079 0.3279748 0.3394175 0.3182311 0.3218062 0.3378468 0.3425688 0.3347153 0.3187408 0.3357577 0.3415169 0.3284912 0.3521028 0.3368015 0.2519543 0.3415169 0.3457333 0.3452050 0.2646545 0.2258288 0.2040753 0.0775404 0.0764323 0.0786501 0.0742210 0.0768014 0.0831056 0.0731177 0.0723832 0.0643500 0.0679908 0.0538906 0.0723832 0.0771708 0.0712827 0.0771708 0.0632612 0.0621740 0.0578408 0.0560427 0.0517447 0.0478263 0.0000000 0.0973917 0.1197354 0.1046381 0.2641802 0.2390070 
taxon_46   0.3601414 0.3331544 0.3362794 0.3331544 0.3420426 0.3269432 0.3253984 0.3409915 0.3446770 0.3383700 0.3253984 0.3388936 0.3473206 0.3341946 0.3569156 0.3394175 0.2552263 0.3430953 0.3457333 0.3462620 0.2708470 0.2285364 0.2049509 0.1236560 0.1216931 0.1260182 0.1220853 0.1205179 0.1295755 0.1205179 0.1193445 0.1115684 0.1150577 0.0989115 0.1224777 0.1279924 0.1213012 0.1256240 0.1150577 0.1279924 0.1236560 0.1240492 0.1189538 0.1173929 0.0973917 0.0000000 0.1154464 0.1000533 0.2679825 0.2390070 
taxon_47   0.3898156 0.3553079 0.3531696 0.3499736 0.3650063 0.3489113 0.3436221 0.3644642 0.3699030 0.3633812 0.3473206 0.3628402 0.3666350 0.3547728 0.3764819 0.3612198 0.2814444 0.3660917 0.3633812 0.3628402 0.2892468 0.2538223 0.2330709 0.1447841 0.1447841 0.1455932 0.1431686 0.1455932 0.1537322 0.1411541 0.1411541 0.1323540 0.1399480 0.1228702 0.1464031 0.1533231 0.1472139 0.1484318 0.1391450 0.1492448 0.1443799 0.1435722 0.1395464 0.1379421 0.1197354 0.1154464 0.0000000 0.0368927 0.2848480 0.2622863 
taxon_48   0.3764819 0.3404664 0.3420426 0.3378468 0.3521028 0.3368015 0.3315968 0.3526360 0.3585268 0.3515699 0.3357577 0.3499736 0.3537036 0.3420426 0.3628402 0.3483807 0.2660790 0.3542380 0.3499736 0.3467911 0.2746833 0.2367183 0.2150952 0.1315591 0.1303683 0.1327518 0.1307650 0.1315591 0.1403498 0.1268072 0.1268072 0.1185632 0.1244426 0.1084804 0.1319565 0.1379421 0.1327518 0.1335480 0.1252300 0.1327518 0.1279924 0.1283879 0.1256240 0.1228702 0.1046381 0.1000533 0.0368927 0.0000000 0.2675062 0.2459152 
taxon_49   0.3585268 0.3537036 0.3473206 0.3415169 0.3569156 0.3378468 0.3373240 0.3553079 0.3606804 0.3494423 0.3362794 0.3526360 0.3596028 0.3457333 0.3628402 0.3462620 0.2594543 0.3505053 0.3505053 0.3547728 0.2780562 0.2326162 0.2235799 0.2897372 0.2882671 0.2867999 0.2897372 0.2858233 0.2926861 0.2785393 0.2775735 0.2737224 0.2838740 0.2689361 0.2921938 0.2976268 0.2931787 0.2971313 0.2863114 0.3026003 0.2956466 0.2921938 0.2872886 0.2833874 0.2641802 0.2679825 0.2848480 0.2675062 0.0000000 0.1244426 
taxon_50   0.3430953 0.3207830 0.3223183 0.3161958 0.3279748 0.3111317 0.3096191 0.3274588 0.3300424 0.3212944 0.3111317 0.3248842 0.3310783 0.3131532 0.3409915 0.3218062 0.2399244 0.3305602 0.3305602 0.3310783 0.2542900 0.2106678 0.1962400 0.2599256 0.2627593 0.2637063 0.2618136 0.2561638 0.2679825 0.2528877 0.2533548 0.2491610 0.2556949 0.2426835 0.2627593 0.2698909 0.2646545 0.2656038 0.2571025 0.2751642 0.2689361 0.2670302 0.2580423 0.2556949 0.2390070 0.2390070 0.2622863 0.2459152 0.1244426 0.0000000 
