30
taxon_1    0.0000000 0.6905588 0.7265657 3.1225021 1.9920678 9.0000000 9.0000000 9.0000000 9.0000000 9.0000000 9.0000000 9.0000000 0.8229599 9.0000000 9.0000000 0.8340265 0.7690214 9.0000000 0.8239592 0.8401323 0.8259619 0.7653131 9.0000000 0.7793147 0.7764934 0.7955058 9.0000000 0.8061718 9.0000000 0.7380704 
taxon_2    0.6905588 0.0000000 0.7671649 2.9681140 2.3351365 9.0000000 9.0000000 9.0000000 9.0000000 9.0000000 9.0000000 9.0000000 0.7974338 9.0000000 9.0000000 0.7974338 0.7524766 9.0000000 0.8032478 0.8150128 0.8140253 0.8061718 9.0000000 0.8140253 0.8061718 0.8340265 9.0000000 0.8071490 9.0000000 0.7515680 
taxon_3    0.7265657 0.7671649 0.0000000 1.2972931 3.6212353 9.0000000 9.0000000 9.0000000 9.0000000 9.0000000 9.0000000 9.0000000 0.8110706 9.0000000 9.0000000 0.8169917 0.8160016 9.0000000 0.8411548 0.8219619 0.8169917 0.8229599 9.0000000 0.7983997 0.8032478 0.8100883 9.0000000 0.8042212 9.0000000 0.7830931 
taxon_4    3.1225021 2.9681140 1.2972931 0.0000000 0.5066442 0.7868905 0.7671649 0.7318536 0.7533862 0.8199698 0.7821467 0.8411548 9.0000000 0.7708824 0.8003352 9.0000000 9.0000000 0.7407505 9.0000000 9.0000000 9.0000000 9.0000000 0.7945437 9.0000000 9.0000000 9.0000000 0.7964692 9.0000000 0.7887965 4.3295813 
taxon_5    1.9920678 2.3351365 3.6212353 0.5066442 0.0000000 0.7178345 0.6435164 0.6029660 0.7126442 0.7849894 0.7336246 0.7680926 9.0000000 0.7515680 0.7634658 9.0000000 2.7700001 0.6187719 9.0000000 9.0000000 9.0000000 3.3748572 0.7057792 9.0000000 9.0000000 9.0000000 0.7452389 9.0000000 0.6855532 1.5187145 
taxon_6    9.0000000 9.0000000 9.0000000 0.7868905 0.7178345 0.0000000 0.3715424 0.5279034 0.7993668 0.7840406 0.8259619 0.7849894 9.0000000 0.7662384 0.8110706 9.0000000 9.0000000 0.7248113 9.0000000 9.0000000 9.0000000 9.0000000 0.7764934 9.0000000 9.0000000 9.0000000 0.8209652 9.0000000 0.8150128 9.0000000 
taxon_7    9.0000000 9.0000000 9.0000000 0.7671649 0.6435164 0.3715424 0.0000000 0.2867999 0.7283242 0.7515680 0.7425427 0.7362889 9.0000000 0.7143703 0.7616230 9.0000000 2.3976721 0.5809487 9.0000000 9.0000000 9.0000000 3.5806849 0.7126442 9.0000000 9.0000000 9.0000000 0.8032478 9.0000000 0.7671649 2.3895635 
taxon_8    9.0000000 9.0000000 9.0000000 0.7318536 0.6029660 0.5279034 0.2867999 0.0000000 0.6830629 0.7671649 0.7561218 0.7109221 9.0000000 0.7117826 0.7416461 9.0000000 2.1441548 0.5380799 9.0000000 9.0000000 9.0000000 2.9014034 0.6880518 9.0000000 4.3295813 9.0000000 0.7671649 9.0000000 0.7699513 2.1921712 
taxon_9    9.0000000 9.0000000 9.0000000 0.7533862 0.7126442 0.7993668 0.7283242 0.6830629 0.0000000 0.7074896 0.6880518 0.7774327 9.0000000 0.7597848 0.7746184 9.0000000 9.0000000 0.6981304 9.0000000 9.0000000 9.0000000 9.0000000 0.7461398 9.0000000 9.0000000 9.0000000 0.7887965 9.0000000 0.8071490 9.0000000 
taxon_10   9.0000000 9.0000000 9.0000000 0.8199698 0.7849894 0.7840406 0.7515680 0.7671649 0.7074896 0.0000000 0.6666688 0.7859394 9.0000000 0.7907073 0.8160016 9.0000000 9.0000000 0.7204432 9.0000000 9.0000000 9.0000000 9.0000000 0.7497543 9.0000000 9.0000000 9.0000000 0.8189758 9.0000000 0.8360562 9.0000000 
taxon_11   9.0000000 9.0000000 9.0000000 0.7821467 0.7336246 0.8259619 0.7425427 0.7561218 0.6880518 0.6666688 0.0000000 0.7755553 9.0000000 0.7945437 0.7774327 9.0000000 9.0000000 0.7336246 9.0000000 9.0000000 9.0000000 9.0000000 0.7774327 9.0000000 9.0000000 9.0000000 0.8411548 9.0000000 0.8081275 9.0000000 
taxon_12   9.0000000 9.0000000 9.0000000 0.8411548 0.7680926 0.7849894 0.7362889 0.7109221 0.7774327 0.7859394 0.7755553 0.0000000 1.1873405 0.6947558 0.7533862 9.0000000 2.2774157 0.5744676 9.0000000 9.0000000 9.0000000 9.0000000 0.8091072 9.0000000 9.0000000 9.0000000 0.8110706 9.0000000 0.8340265 9.0000000 
taxon_13   0.8229599 0.7974338 0.8110706 9.0000000 9.0000000 9.0000000 9.0000000 9.0000000 9.0000000 9.0000000 9.0000000 1.1873405 0.0000000 3.9905927 9.0000000 0.6838921 0.5285775 1.5764358 0.7607033 0.7625438 0.8013048 0.7542970 9.0000000 0.7625438 0.7597848 0.8219619 9.0000000 0.8239592 9.0000000 0.7345116 
taxon_14   9.0000000 9.0000000 9.0000000 0.7708824 0.7515680 0.7662384 0.7143703 0.7117826 0.7597848 0.7907073 0.7945437 0.6947558 3.9905927 0.0000000 0.4444487 1.0829420 1.5929806 0.4450518 9.0000000 9.0000000 9.0000000 9.0000000 0.7371791 9.0000000 9.0000000 9.0000000 0.8120542 9.0000000 0.7974338 9.0000000 
taxon_15   9.0000000 9.0000000 9.0000000 0.8003352 0.7634658 0.8110706 0.7616230 0.7416461 0.7746184 0.8160016 0.7774327 0.7533862 9.0000000 0.4444487 0.0000000 0.8566619 2.1921712 0.5609666 9.0000000 9.0000000 9.0000000 9.0000000 0.7746184 9.0000000 9.0000000 9.0000000 0.8309921 9.0000000 0.7993668 9.0000000 
taxon_16   0.8340265 0.7974338 0.8169917 9.0000000 9.0000000 9.0000000 9.0000000 9.0000000 9.0000000 9.0000000 9.0000000 9.0000000 0.6838921 1.0829420 0.8566619 0.0000000 0.5299277 1.6127557 0.7662384 0.7897513 0.7746184 0.7292050 9.0000000 0.8051959 0.7470418 0.8169917 9.0000000 0.8535347 9.0000000 0.7434403 
taxon_17   0.7690214 0.7524766 0.8160016 9.0000000 2.7700001 9.0000000 2.3976721 2.1441548 9.0000000 9.0000000 9.0000000 2.2774157 0.5285775 1.5929806 2.1921712 0.5299277 0.0000000 0.7292050 0.7398561 0.7213148 0.7221874 0.6490398 9.0000000 0.7023701 0.6731835 0.8239592 9.0000000 0.7755553 9.0000000 0.6490398 
taxon_18   9.0000000 9.0000000 9.0000000 0.7407505 0.6187719 0.7248113 0.5809487 0.5380799 0.6981304 0.7204432 0.7336246 0.5744676 1.5764358 0.4450518 0.5609666 1.6127557 0.7292050 0.0000000 9.0000000 9.0000000 9.0000000 2.4310115 0.6781069 9.0000000 2.8255813 9.0000000 0.8100883 9.0000000 0.7597848 2.5409639 
taxon_19   0.8239592 0.8032478 0.8411548 9.0000000 9.0000000 9.0000000 9.0000000 9.0000000 9.0000000 9.0000000 9.0000000 9.0000000 0.7607033 9.0000000 9.0000000 0.7662384 0.7398561 9.0000000 0.0000000 0.6104510 0.8042212 0.6922348 9.0000000 0.7699513 0.7389627 0.8110706 9.0000000 0.8169917 9.0000000 0.7371791 
taxon_20   0.8401323 0.8150128 0.8219619 9.0000000 9.0000000 9.0000000 9.0000000 9.0000000 9.0000000 9.0000000 9.0000000 9.0000000 0.7625438 9.0000000 9.0000000 0.7897513 0.7213148 9.0000000 0.6104510 0.0000000 0.8061718 0.6789307 9.0000000 0.7727481 0.7318536 0.7945437 9.0000000 0.7983997 9.0000000 0.7470418 
taxon_21   0.8259619 0.8140253 0.8169917 9.0000000 9.0000000 9.0000000 9.0000000 9.0000000 9.0000000 9.0000000 9.0000000 9.0000000 0.8013048 9.0000000 9.0000000 0.7746184 0.7221874 9.0000000 0.8042212 0.8061718 0.0000000 0.5680421 2.4748837 0.6930742 0.6127112 0.8380915 9.0000000 0.7887965 9.0000000 0.7793147 
taxon_22   0.7653131 0.8061718 0.8229599 9.0000000 3.3748572 9.0000000 3.5806849 2.9014034 9.0000000 9.0000000 9.0000000 9.0000000 0.7542970 9.0000000 9.0000000 0.7292050 0.6490398 2.4310115 0.6922348 0.6789307 0.5680421 0.0000000 0.7699513 0.4005423 0.2182092 0.8289759 9.0000000 0.8421787 9.0000000 0.7152349 
taxon_23   9.0000000 9.0000000 9.0000000 0.7945437 0.7057792 0.7764934 0.7126442 0.6880518 0.7461398 0.7497543 0.7774327 0.8091072 9.0000000 0.7371791 0.7746184 9.0000000 9.0000000 0.6781069 9.0000000 9.0000000 2.4748837 0.7699513 0.0000000 1.4129061 0.9499773 9.0000000 0.8150128 9.0000000 0.8360562 9.0000000 
taxon_24   0.7793147 0.8140253 0.7983997 9.0000000 9.0000000 9.0000000 9.0000000 9.0000000 9.0000000 9.0000000 9.0000000 9.0000000 0.7625438 9.0000000 9.0000000 0.8051959 0.7023701 9.0000000 0.7699513 0.7727481 0.6930742 0.4005423 1.4129061 0.0000000 0.2542900 0.8442307 9.0000000 0.8042212 9.0000000 0.7727481 
taxon_25   0.7764934 0.8061718 0.8032478 9.0000000 9.0000000 9.0000000 9.0000000 4.3295813 9.0000000 9.0000000 9.0000000 9.0000000 0.7597848 9.0000000 9.0000000 0.7470418 0.6731835 2.8255813 0.7389627 0.7318536 0.6127112 0.2182092 0.9499773 0.2542900 0.0000000 0.8330136 9.0000000 0.8249599 9.0000000 0.7443391 
taxon_26   0.7955058 0.8340265 0.8100883 9.0000000 9.0000000 9.0000000 9.0000000 9.0000000 9.0000000 9.0000000 9.0000000 9.0000000 0.8219619 9.0000000 9.0000000 0.8169917 0.8239592 9.0000000 0.8110706 0.7945437 0.8380915 0.8289759 9.0000000 0.8442307 0.8330136 0.0000000 1.5161935 0.7006713 3.5056223 0.6847222 
taxon_27   9.0000000 9.0000000 9.0000000 0.7964692 0.7452389 0.8209652 0.8032478 0.7671649 0.7887965 0.8189758 0.8411548 0.8110706 9.0000000 0.8120542 0.8309921 9.0000000 9.0000000 0.8100883 9.0000000 9.0000000 9.0000000 9.0000000 0.8150128 9.0000000 9.0000000 1.5161935 0.0000000 3.8097202 0.6287261 2.7182557 
taxon_28   0.8061718 0.8071490 0.8042212 9.0000000 9.0000000 9.0000000 9.0000000 9.0000000 9.0000000 9.0000000 9.0000000 9.0000000 0.8239592 9.0000000 9.0000000 0.8535347 0.7755553 9.0000000 0.8169917 0.7983997 0.7887965 0.8421787 9.0000000 0.8042212 0.8249599 0.7006713 3.8097202 0.0000000 1.0363945 0.6225848 
taxon_29   9.0000000 9.0000000 9.0000000 0.7887965 0.6855532 0.8150128 0.7671649 0.7699513 0.8071490 0.8360562 0.8081275 0.8340265 9.0000000 0.7974338 0.7993668 9.0000000 9.0000000 0.7597848 9.0000000 9.0000000 9.0000000 9.0000000 0.8360562 9.0000000 9.0000000 3.5056223 0.6287261 1.0363945 0.0000000 1.9327665 
taxon_30   0.7380704 0.7515680 0.7830931 4.3295813 1.5187145 9.0000000 2.3895635 2.1921712 9.0000000 9.0000000 9.0000000 9.0000000 0.7345116 9.0000000 9.0000000 0.7434403 0.6490398 2.5409639 0.7371791 0.7470418 0.7793147 0.7152349 9.0000000 0.7727481 0.7443391 0.6847222 2.7182557 0.6225848 1.9327665 0.0000000 
