30
taxon_1    0.0000000 0.8946922 9.0000000 4.1410957 3.2381161 2.4931773 3.9253341 9.0000000 9.0000000 9.0000000 3.9253341 4.4451945 3.9253341 3.3600053 2.6134342 3.0130376 9.0000000 9.0000000 4.6609561 9.0000000 4.1410957 3.2015235 9.0000000 3.7579765 9.0000000 3.3171365 3.1666335 4.4451945 3.2015235 9.0000000 
taxon_2    0.8946922 0.0000000 9.0000000 4.6609561 4.6609561 4.4451945 2.6640152 9.0000000 4.4451945 3.7579765 4.4451945 9.0000000 3.6864938 2.9594434 2.7972761 4.1410957 9.0000000 2.8856134 3.2015235 9.0000000 4.0254827 9.0000000 9.0000000 3.2765861 4.1410957 9.0000000 9.0000000 9.0000000 4.4451945 4.4451945 
taxon_3    9.0000000 9.0000000 0.0000000 1.1633768 2.2467992 2.0935739 3.2015235 3.3600053 2.5508980 2.8856134 2.3657530 2.9857619 2.4526268 2.6134342 1.8818995 2.8401449 9.0000000 2.7567257 4.6609561 9.0000000 9.0000000 2.9857619 4.0254827 3.9253341 3.7579765 9.0000000 4.2778369 2.6816631 3.2015235 9.0000000 
taxon_4    4.1410957 4.6609561 1.1633768 0.0000000 2.9094249 2.5214825 2.9340173 2.6299184 2.3657530 3.5612033 2.5360461 2.6997362 2.2270612 2.1707848 1.9197226 3.3171365 3.2381161 3.4054737 3.5056223 9.0000000 9.0000000 3.3171365 9.0000000 5.4849153 3.6864938 9.0000000 4.0254827 3.7579765 4.2778369 9.0000000 
taxon_5    3.2381161 4.6609561 2.2467992 2.9094249 0.0000000 0.3505054 2.1184380 2.2670707 1.6199466 2.5973046 2.1798759 2.1269127 1.7023465 1.6509244 1.2944788 9.0000000 3.9253341 9.0000000 9.0000000 9.0000000 9.0000000 9.0000000 3.2765861 9.0000000 9.0000000 9.0000000 9.0000000 4.6609561 4.2778369 4.4451945 
taxon_6    2.4931773 4.4451945 2.0935739 2.5214825 0.3505054 0.0000000 1.7840598 2.1184380 1.4431115 2.4017599 1.7319556 1.8458926 1.6600155 1.4674756 1.0297869 3.5612033 9.0000000 9.0000000 4.4451945 9.0000000 3.7579765 9.0000000 9.0000000 9.0000000 9.0000000 9.0000000 9.0000000 4.2778369 3.5056223 9.0000000 
taxon_7    3.9253341 2.6640152 3.2015235 2.9340173 2.1184380 1.7840598 0.0000000 2.0774442 1.5301656 2.2173837 1.8228138 2.2568665 1.9873360 1.8880724 1.2120952 3.9253341 9.0000000 3.2015235 2.9857619 2.4526268 3.4538776 9.0000000 9.0000000 9.0000000 9.0000000 9.0000000 9.0000000 9.0000000 9.0000000 9.0000000 
taxon_8    9.0000000 9.0000000 3.3600053 2.6299184 2.2670707 2.1184380 2.0774442 0.0000000 1.2403036 2.5071964 2.2670707 3.1332946 2.5973046 2.4141569 1.6374913 3.2381161 9.0000000 9.0000000 3.5612033 9.0000000 3.2381161 9.0000000 2.7972761 9.0000000 2.4267622 3.2015235 2.7372441 3.3171365 3.4538776 3.5612033 
taxon_9    9.0000000 4.4451945 2.5508980 2.3657530 1.6199466 1.4431115 1.5301656 1.2403036 0.0000000 1.9197226 1.6374913 1.8400560 1.6509244 1.5985776 0.9215407 4.9650549 9.0000000 3.5612033 3.5612033 9.0000000 3.1666335 9.0000000 3.1332946 2.9594434 3.6864938 9.0000000 3.5056223 3.6864938 3.5612033 2.8184042 
taxon_10   9.0000000 3.7579765 2.8856134 3.5612033 2.5973046 2.4017599 2.2173837 2.5071964 1.9197226 0.0000000 0.8640098 2.6299184 2.0774442 2.0161857 1.5656053 9.0000000 9.0000000 9.0000000 4.6609561 9.0000000 3.3600053 9.0000000 9.0000000 9.0000000 3.8369969 9.0000000 9.0000000 9.0000000 9.0000000 3.4538776 
taxon_11   3.9253341 4.4451945 2.3657530 2.5360461 2.1798759 1.7319556 1.8228138 2.2670707 1.6374913 0.8640098 0.0000000 2.1890784 1.8400560 1.8115354 1.3115250 9.0000000 9.0000000 3.3600053 3.3171365 9.0000000 3.1332946 3.0413429 2.9094249 9.0000000 3.4054737 9.0000000 3.0707584 9.0000000 5.4849153 3.1332946 
taxon_12   4.4451945 9.0000000 2.9857619 2.6997362 2.1269127 1.8458926 2.2568665 3.1332946 1.8400560 2.6299184 2.1890784 0.0000000 1.2778114 1.2247858 1.1288084 3.6212353 9.0000000 9.0000000 4.1410957 4.2778369 4.2778369 9.0000000 9.0000000 4.1410957 4.6609561 3.7579765 4.1410957 3.1666335 2.9094249 3.2015235 
taxon_13   3.9253341 3.6864938 2.4526268 2.2270612 1.7023465 1.6600155 1.9873360 2.5973046 1.6509244 2.0774442 1.8400560 1.2778114 0.0000000 0.5463217 0.8963424 3.5056223 4.6609561 3.2381161 2.8184042 3.8369969 3.1332946 4.6609561 9.0000000 9.0000000 3.1666335 9.0000000 3.5612033 3.0130376 3.1013749 2.9857619 
taxon_14   3.3600053 2.9594434 2.6134342 2.1707848 1.6509244 1.4674756 1.8880724 2.4141569 1.5985776 2.0161857 1.8115354 1.2247858 0.5463217 0.0000000 0.8483516 9.0000000 9.0000000 4.9650549 3.7579765 4.1410957 3.7579765 9.0000000 9.0000000 9.0000000 3.1332946 9.0000000 9.0000000 9.0000000 2.8625346 3.1332946 
taxon_15   2.6134342 2.7972761 1.8818995 1.9197226 1.2944788 1.0297869 1.2120952 1.6374913 0.9215407 1.5656053 1.3115250 1.1288084 0.8963424 0.8483516 0.0000000 4.1410957 9.0000000 3.4538776 3.2765861 9.0000000 9.0000000 9.0000000 3.7579765 9.0000000 3.6212353 9.0000000 9.0000000 9.0000000 3.2765861 4.6609561 
taxon_16   3.0130376 4.1410957 2.8401449 3.3171365 9.0000000 3.5612033 3.9253341 3.2381161 4.9650549 9.0000000 9.0000000 3.6212353 3.5056223 9.0000000 4.1410957 0.0000000 2.6299184 2.1017707 2.0616541 2.2985439 2.0538821 1.0026521 2.2368653 2.2368653 2.8625346 2.5214825 0.9950763 1.4926578 1.9802937 2.5973046 
taxon_17   9.0000000 9.0000000 9.0000000 3.2381161 3.9253341 9.0000000 9.0000000 9.0000000 9.0000000 9.0000000 9.0000000 9.0000000 4.6609561 9.0000000 9.0000000 2.6299184 0.0000000 2.1890784 2.5071964 2.6467731 2.8401449 2.2670707 3.6864938 9.0000000 9.0000000 9.0000000 2.1618027 2.8401449 2.6997362 2.7567257 
taxon_18   9.0000000 2.8856134 2.7567257 3.4054737 9.0000000 9.0000000 3.2015235 9.0000000 3.5612033 9.0000000 3.3600053 9.0000000 3.2381161 4.9650549 3.4538776 2.1017707 2.1890784 0.0000000 0.3617596 0.6566016 0.5030502 2.0774442 9.0000000 3.1013749 2.7182557 3.2381161 1.7072008 3.1332946 9.0000000 3.5056223 
taxon_19   4.6609561 3.2015235 4.6609561 3.5056223 9.0000000 4.4451945 2.9857619 3.5612033 3.5612033 4.6609561 3.3171365 4.1410957 2.8184042 3.7579765 3.2765861 2.0616541 2.5071964 0.3617596 0.0000000 0.5370560 0.3806234 2.2078294 3.5612033 9.0000000 2.8856134 4.0254827 1.8004241 2.8625346 9.0000000 3.4054737 
taxon_20   9.0000000 9.0000000 9.0000000 9.0000000 9.0000000 9.0000000 2.4526268 9.0000000 9.0000000 9.0000000 9.0000000 4.2778369 3.8369969 4.1410957 9.0000000 2.2985439 2.6467731 0.6566016 0.5370560 0.0000000 0.5339927 2.4017599 4.0254827 2.9857619 2.6997362 3.3171365 1.9944450 2.7372441 3.9253341 2.8625346 
taxon_21   4.1410957 4.0254827 9.0000000 9.0000000 9.0000000 3.7579765 3.4538776 3.2381161 3.1666335 3.3600053 3.1332946 4.2778369 3.1332946 3.7579765 9.0000000 2.0538821 2.8401449 0.5030502 0.3806234 0.5339927 0.0000000 2.2467992 3.2381161 4.9650549 2.7182557 4.9650549 2.0385754 2.9857619 9.0000000 9.0000000 
taxon_22   3.2015235 9.0000000 2.9857619 3.3171365 9.0000000 9.0000000 9.0000000 9.0000000 9.0000000 9.0000000 3.0413429 9.0000000 4.6609561 9.0000000 9.0000000 1.0026521 2.2670707 2.0774442 2.2078294 2.4017599 2.2467992 0.0000000 2.2467992 2.2568665 2.2368653 2.0616541 0.7217510 1.3528740 1.7786835 2.7767269 
taxon_23   9.0000000 9.0000000 4.0254827 9.0000000 3.2765861 9.0000000 9.0000000 2.7972761 3.1332946 9.0000000 2.9094249 9.0000000 9.0000000 9.0000000 3.7579765 2.2368653 3.6864938 9.0000000 3.5612033 4.0254827 3.2381161 2.2467992 0.0000000 2.3657530 2.4526268 9.0000000 1.9664044 3.2765861 9.0000000 9.0000000 
taxon_24   3.7579765 3.2765861 3.9253341 5.4849153 9.0000000 9.0000000 9.0000000 9.0000000 2.9594434 9.0000000 9.0000000 4.1410957 9.0000000 9.0000000 9.0000000 2.2368653 9.0000000 3.1013749 9.0000000 2.9857619 4.9650549 2.2568665 2.3657530 0.0000000 1.2944788 3.1013749 2.0935739 3.4054737 4.2778369 3.7579765 
taxon_25   9.0000000 4.1410957 3.7579765 3.6864938 9.0000000 9.0000000 9.0000000 2.4267622 3.6864938 3.8369969 3.4054737 4.6609561 3.1666335 3.1332946 3.6212353 2.8625346 9.0000000 2.7182557 2.8856134 2.6997362 2.7182557 2.2368653 2.4526268 1.2944788 0.0000000 2.9094249 2.1354842 2.5508980 2.8625346 3.5612033 
taxon_26   3.3171365 9.0000000 9.0000000 9.0000000 9.0000000 9.0000000 9.0000000 3.2015235 9.0000000 9.0000000 9.0000000 3.7579765 9.0000000 9.0000000 9.0000000 2.5214825 9.0000000 3.2381161 4.0254827 3.3171365 4.9650549 2.0616541 9.0000000 3.1013749 2.9094249 0.0000000 2.2985439 3.2015235 2.7372441 9.0000000 
taxon_27   3.1666335 9.0000000 4.2778369 4.0254827 9.0000000 9.0000000 9.0000000 2.7372441 3.5056223 9.0000000 3.0707584 4.1410957 3.5612033 9.0000000 9.0000000 0.9950763 2.1618027 1.7072008 1.8004241 1.9944450 2.0385754 0.7217510 1.9664044 2.0935739 2.1354842 2.2985439 0.0000000 1.3498437 1.7120868 2.4395830 
taxon_28   4.4451945 9.0000000 2.6816631 3.7579765 4.6609561 4.2778369 9.0000000 3.3171365 3.6864938 9.0000000 9.0000000 3.1666335 3.0130376 9.0000000 9.0000000 1.4926578 2.8401449 3.1332946 2.8625346 2.7372441 2.9857619 1.3528740 3.2765861 3.4054737 2.5508980 3.2015235 1.3498437 0.0000000 0.5567531 1.3086569 
taxon_29   3.2015235 4.4451945 3.2015235 4.2778369 4.2778369 3.5056223 9.0000000 3.4538776 3.5612033 9.0000000 5.4849153 2.9094249 3.1013749 2.8625346 3.2765861 1.9802937 2.6997362 9.0000000 9.0000000 3.9253341 9.0000000 1.7786835 9.0000000 4.2778369 2.8625346 2.7372441 1.7120868 0.5567531 0.0000000 1.0979217 
taxon_30   9.0000000 4.4451945 9.0000000 9.0000000 4.4451945 9.0000000 9.0000000 3.5612033 2.8184042 3.4538776 3.1332946 3.2015235 2.9857619 3.1332946 4.6609561 2.5973046 2.7567257 3.5056223 3.4054737 2.8625346 9.0000000 2.7767269 9.0000000 3.7579765 3.5612033 9.0000000 2.4395830 1.3086569 1.0979217 0.0000000 
