30
taxon_1    0.0000000 1.4713449 0.8158217 1.4093261 2.7712189 9.0000000 1.3631577 1.5604908 9.0000000 1.8135734 1.7594516 9.0000000 1.6411310 3.7579763 1.8448279 9.0000000 1.7089738 9.0000000 9.0000000 1.5077759 1.6616803 1.6250876 9.0000000 9.0000000 9.0000000 9.0000000 9.0000000 1.6411310 3.5771049 1.6785349 
taxon_2    1.4713449 0.0000000 1.0120555 2.3488983 1.5284194 1.6330664 3.0309260 9.0000000 1.7134249 9.0000000 9.0000000 1.7934380 9.0000000 1.5939951 9.0000000 1.6575251 9.0000000 1.7594516 1.6616803 2.7014011 9.0000000 9.0000000 1.7045491 1.7089738 1.8342644 1.8084886 1.7453446 9.0000000 1.5678079 9.0000000 
taxon_3    0.8158217 1.0120555 0.0000000 1.0646769 1.8886360 2.5241095 1.0856439 1.4713449 9.0000000 1.7835694 1.6700602 9.0000000 1.6016482 2.3488983 1.7089738 9.0000000 1.7224070 9.0000000 9.0000000 1.2515532 1.5826599 1.5604908 9.0000000 9.0000000 9.0000000 4.0969653 9.0000000 1.6914292 3.0845202 1.6211298 
taxon_4    1.4093261 2.3488983 1.0646769 0.0000000 1.7884875 2.4610471 1.0553368 1.5939951 9.0000000 1.7224070 1.7134249 9.0000000 1.7690059 3.8294578 1.7547197 9.0000000 1.7690059 9.0000000 9.0000000 1.4843887 1.6957770 1.6533929 9.0000000 9.0000000 9.0000000 9.0000000 9.0000000 1.6211298 9.0000000 1.6785349 
taxon_5    2.7712189 1.5284194 1.8886360 1.7884875 0.0000000 1.1586745 1.0461116 9.0000000 1.6250876 9.0000000 9.0000000 1.6451961 9.0000000 1.6957770 9.0000000 1.7835694 9.0000000 1.6616803 1.6616803 3.0054999 9.0000000 9.0000000 1.6785349 1.8034381 1.9232575 1.6871064 1.6914292 9.0000000 1.5641404 9.0000000 
taxon_6    9.0000000 1.6330664 2.5241095 2.4610471 1.1586745 0.0000000 1.2886283 9.0000000 1.7738290 5.5562928 9.0000000 1.7269388 9.0000000 1.7269388 3.3480687 1.8830180 9.0000000 1.7089738 1.7045491 9.0000000 9.0000000 9.0000000 1.8238475 1.9291863 1.9411866 1.7984214 1.9351625 9.0000000 1.7001502 9.0000000 
taxon_7    1.3631577 3.0309260 1.0856439 1.0553368 1.0461116 1.2886283 0.0000000 1.8290379 9.0000000 1.6828084 1.7045491 9.0000000 1.9057469 9.0000000 1.5568588 9.0000000 1.6616803 9.0000000 9.0000000 1.4553528 1.5826599 1.6658585 9.0000000 9.0000000 9.0000000 9.0000000 9.0000000 1.6957770 9.0000000 1.6785349 
taxon_8    1.5604908 9.0000000 1.4713449 1.5939951 9.0000000 9.0000000 1.8290379 0.0000000 2.5929651 1.4909967 1.4428002 2.5646599 1.3438196 0.8602792 1.7089738 9.0000000 1.6616803 9.0000000 9.0000000 1.2116377 1.6957770 1.6700602 9.0000000 9.0000000 9.0000000 9.0000000 9.0000000 1.7134249 4.7324385 1.5604908 
taxon_9    9.0000000 1.7134249 9.0000000 9.0000000 1.6250876 1.7738290 9.0000000 2.5929651 0.0000000 9.0000000 9.0000000 1.6330664 3.4769564 1.2443532 9.0000000 1.8664121 9.0000000 1.7884875 1.7934380 9.0000000 9.0000000 9.0000000 1.6700602 1.6575251 1.7453446 1.6250876 1.6016482 9.0000000 1.6785349 9.0000000 
taxon_10   1.8135734 9.0000000 1.7835694 1.7224070 9.0000000 5.5562928 1.6828084 1.4909967 9.0000000 0.0000000 0.2375907 2.6223807 1.2467455 1.6370879 1.7179025 9.0000000 1.6171928 9.0000000 9.0000000 1.7179025 1.8448279 1.7500175 9.0000000 9.0000000 9.0000000 9.0000000 9.0000000 1.7984214 9.0000000 1.8395275 
taxon_11   1.7594516 9.0000000 1.6700602 1.7134249 9.0000000 9.0000000 1.7045491 1.4428002 9.0000000 0.2375907 0.0000000 2.7014011 1.2661641 1.5901976 1.6411310 9.0000000 1.6330664 9.0000000 9.0000000 1.7179025 1.8942964 1.8135734 9.0000000 9.0000000 9.0000000 9.0000000 9.0000000 1.6914292 9.0000000 1.9057469 
taxon_12   9.0000000 1.7934380 9.0000000 9.0000000 1.6451961 1.7269388 9.0000000 2.5646599 1.6330664 2.6223807 2.7014011 0.0000000 0.9260583 1.1233004 9.0000000 1.7934380 9.0000000 1.8609576 1.7407006 2.8898869 9.0000000 9.0000000 1.8609576 1.8342644 1.7835694 1.8555424 1.8719066 9.0000000 1.9232575 9.0000000 
taxon_13   1.6411310 9.0000000 1.6016482 1.7690059 9.0000000 9.0000000 1.9057469 1.3438196 3.4769564 1.2467455 1.2661641 0.9260583 0.0000000 1.0837134 1.8501660 9.0000000 1.8342644 9.0000000 9.0000000 1.4843887 1.7642135 1.7547197 9.0000000 9.0000000 9.0000000 9.0000000 9.0000000 1.7453446 9.0000000 1.7690059 
taxon_14   3.7579763 1.5939951 2.3488983 3.8294578 1.6957770 1.7269388 9.0000000 0.8602792 1.2443532 1.6370879 1.5901976 1.1233004 1.0837134 0.0000000 9.0000000 1.5714934 9.0000000 1.6575251 1.7690059 1.4123082 3.6927179 3.4769564 1.6616803 1.6700602 1.7045491 1.5789192 1.5568588 9.0000000 1.5978119 3.9084795 
taxon_15   1.8448279 9.0000000 1.7089738 1.7547197 9.0000000 3.3480687 1.5568588 1.7089738 9.0000000 1.7179025 1.6411310 9.0000000 1.8501660 9.0000000 0.0000000 9.0000000 1.8186929 9.0000000 9.0000000 1.3830076 1.6742856 1.6957770 9.0000000 9.0000000 9.0000000 9.0000000 9.0000000 1.6785349 5.5562928 1.6290664 
taxon_16   9.0000000 1.6575251 9.0000000 9.0000000 1.7835694 1.8830180 9.0000000 9.0000000 1.8664121 9.0000000 9.0000000 1.7934380 9.0000000 1.5714934 9.0000000 0.0000000 2.6687872 1.3091776 1.3065779 1.2515532 9.0000000 4.7324385 1.6785349 1.6093803 1.7001502 1.5284194 1.5460673 9.0000000 1.7407006 9.0000000 
taxon_17   1.7089738 9.0000000 1.7224070 1.7690059 9.0000000 9.0000000 1.6616803 1.6616803 9.0000000 1.6171928 1.6330664 9.0000000 1.8342644 9.0000000 1.8186929 2.6687872 0.0000000 1.4553528 1.5532443 1.2937131 1.7134249 1.7269388 9.0000000 9.0000000 9.0000000 9.0000000 9.0000000 1.9057469 9.0000000 1.7314981 
taxon_18   9.0000000 1.7594516 9.0000000 9.0000000 1.6616803 1.7089738 9.0000000 9.0000000 1.7884875 9.0000000 9.0000000 1.8609576 9.0000000 1.6575251 9.0000000 1.3091776 1.4553528 0.0000000 0.7500013 1.5978119 9.0000000 9.0000000 1.8135734 1.8942964 1.9115385 1.8135734 1.7934380 9.0000000 1.8609576 9.0000000 
taxon_19   9.0000000 1.6616803 9.0000000 9.0000000 1.6616803 1.7045491 9.0000000 9.0000000 1.7934380 9.0000000 9.0000000 1.7407006 9.0000000 1.7690059 9.0000000 1.3065779 1.5532443 0.7500013 0.0000000 1.6957770 9.0000000 9.0000000 1.6575251 1.8342644 1.9291863 1.6211298 1.6330664 9.0000000 1.8395275 9.0000000 
taxon_20   1.5077759 2.7014011 1.2515532 1.4843887 3.0054999 9.0000000 1.4553528 1.2116377 9.0000000 1.7179025 1.7179025 2.8898869 1.4843887 1.4123082 1.3830076 1.2515532 1.2937131 1.5978119 1.6957770 0.0000000 1.2093546 1.1715688 3.7579763 2.8282083 3.1422410 2.4982448 2.0310373 1.3039872 2.2698779 1.2025467 
taxon_21   1.6616803 9.0000000 1.5826599 1.6957770 9.0000000 9.0000000 1.5826599 1.6957770 9.0000000 1.8448279 1.8942964 9.0000000 1.7642135 3.6927179 1.6742856 9.0000000 1.7134249 9.0000000 9.0000000 1.2093546 0.0000000 0.1927833 3.6326859 9.0000000 3.9084795 9.0000000 5.5562928 1.7360852 3.4769564 1.5319159 
taxon_22   1.6250876 9.0000000 1.5604908 1.6533929 9.0000000 9.0000000 1.6658585 1.6700602 9.0000000 1.7500175 1.8135734 9.0000000 1.7547197 3.4769564 1.6957770 4.7324385 1.7269388 9.0000000 9.0000000 1.1715688 0.1927833 0.0000000 2.9340172 9.0000000 3.9084795 9.0000000 4.3493195 1.6914292 3.1728574 1.5249391 
taxon_23   9.0000000 1.7045491 9.0000000 9.0000000 1.6785349 1.8238475 9.0000000 9.0000000 1.6700602 9.0000000 9.0000000 1.8609576 9.0000000 1.6616803 9.0000000 1.6785349 9.0000000 1.8135734 1.6575251 3.7579763 3.6326859 2.9340172 0.0000000 1.1759167 1.1314749 1.0016145 0.8198794 9.0000000 1.8501660 9.0000000 
taxon_24   9.0000000 1.7089738 9.0000000 9.0000000 1.8034381 1.9291863 9.0000000 9.0000000 1.6575251 9.0000000 9.0000000 1.8342644 9.0000000 1.6700602 9.0000000 1.6093803 9.0000000 1.8942964 1.8342644 2.8282083 9.0000000 9.0000000 1.1759167 0.0000000 0.6725889 0.9291899 0.7138207 9.0000000 1.7594516 9.0000000 
taxon_25   9.0000000 1.8342644 9.0000000 9.0000000 1.9232575 1.9411866 9.0000000 9.0000000 1.7453446 9.0000000 9.0000000 1.7835694 9.0000000 1.7045491 9.0000000 1.7001502 9.0000000 1.9115385 1.9291863 3.1422410 3.9084795 3.9084795 1.1314749 0.6725889 0.0000000 0.9090648 0.6804307 9.0000000 1.7690059 9.0000000 
taxon_26   9.0000000 1.8084886 4.0969653 9.0000000 1.6871064 1.7984214 9.0000000 9.0000000 1.6250876 9.0000000 9.0000000 1.8555424 9.0000000 1.5789192 9.0000000 1.5284194 9.0000000 1.8135734 1.6211298 2.4982448 9.0000000 9.0000000 1.0016145 0.9291899 0.9090648 0.0000000 0.3733348 9.0000000 1.7547197 9.0000000 
taxon_27   9.0000000 1.7453446 9.0000000 9.0000000 1.6914292 1.9351625 9.0000000 9.0000000 1.6016482 9.0000000 9.0000000 1.8719066 9.0000000 1.5568588 9.0000000 1.5460673 9.0000000 1.7934380 1.6330664 2.0310373 5.5562928 4.3493195 0.8198794 0.7138207 0.6804307 0.3733348 0.0000000 9.0000000 1.6492833 3.3095979 
taxon_28   1.6411310 9.0000000 1.6914292 1.6211298 9.0000000 9.0000000 1.6957770 1.7134249 9.0000000 1.7984214 1.6914292 9.0000000 1.7453446 9.0000000 1.6785349 9.0000000 1.9057469 9.0000000 9.0000000 1.3039872 1.7360852 1.6914292 9.0000000 9.0000000 9.0000000 9.0000000 9.0000000 0.0000000 5.5562928 1.5010191 
taxon_29   3.5771049 1.5678079 3.0845202 9.0000000 1.5641404 1.7001502 9.0000000 4.7324385 1.6785349 9.0000000 9.0000000 1.9232575 9.0000000 1.5978119 5.5562928 1.7407006 9.0000000 1.8609576 1.8395275 2.2698779 3.4769564 3.1728574 1.8501660 1.7594516 1.7690059 1.7547197 1.6492833 5.5562928 0.0000000 1.0442801 
taxon_30   1.6785349 9.0000000 1.6211298 1.6785349 9.0000000 9.0000000 1.6785349 1.5604908 9.0000000 1.8395275 1.9057469 9.0000000 1.7690059 3.9084795 1.6290664 9.0000000 1.7314981 9.0000000 9.0000000 1.2025467 1.5319159 1.5249391 9.0000000 9.0000000 9.0000000 9.0000000 3.3095979 1.5010191 1.0442801 0.0000000 
