30
taxon_1    0.0000000 2.3593880 1.3520464 1.8186927 3.9084795 9.0000000 9.0000000 1.6785348 1.6575251 1.6492832 1.5826598 9.0000000 1.6742855 1.6171928 9.0000000 9.0000000 1.6411310 9.0000000 1.7089738 9.0000000 9.0000000 1.5826598 9.0000000 1.5568588 1.7269387 9.0000000 1.8609573 9.0000000 1.6957769 2.7354978 
taxon_2    2.3593880 0.0000000 1.9976980 0.9370764 1.6290664 1.6785348 1.7179024 9.0000000 9.0000000 9.0000000 9.0000000 1.7134248 9.0000000 3.1422411 1.8886357 1.6828083 9.0000000 1.8290377 9.0000000 1.6957769 1.7547196 9.0000000 1.5939951 9.0000000 9.0000000 1.8238473 9.0000000 1.5978119 3.9084795 1.4183082 
taxon_3    1.3520464 1.9976980 0.0000000 1.1891135 9.0000000 9.0000000 9.0000000 1.7500174 1.7269387 1.6211298 1.6370878 9.0000000 1.8084885 1.6616802 9.0000000 9.0000000 1.8942961 9.0000000 1.6533928 9.0000000 5.0365368 1.8034379 9.0000000 1.7089738 1.7500174 9.0000000 1.9115381 9.0000000 1.6742855 5.5562928 
taxon_4    1.8186927 0.9370764 1.1891135 0.0000000 1.7269387 1.6171928 1.6533928 9.0000000 9.0000000 9.0000000 3.2381161 1.6700602 9.0000000 9.0000000 1.7884873 1.6330664 4.2125782 1.6871063 9.0000000 1.6914291 1.6658585 9.0000000 1.6871063 9.0000000 9.0000000 1.6492832 9.0000000 1.7269387 9.0000000 1.4033972 
taxon_5    3.9084795 1.6290664 9.0000000 1.7269387 0.0000000 0.8631472 1.2661641 1.8664119 1.9657784 1.2860988 1.6914291 0.8894657 1.7786833 1.7089738 1.3039872 1.1273765 1.7269387 1.3744361 2.0803512 1.3575814 1.2563920 1.9115381 1.7407005 9.0000000 9.0000000 1.6492832 9.0000000 1.6250876 9.0000000 1.2962685 
taxon_6    9.0000000 1.6785348 9.0000000 1.6171928 0.8631472 0.0000000 1.1715688 1.8395273 1.8395273 1.2372216 1.5249391 0.8321860 1.7407005 1.6533928 1.3631577 1.2162249 1.8830177 1.3438196 2.2698779 1.3975148 1.3144041 2.1176723 1.6700602 9.0000000 9.0000000 1.6700602 9.0000000 1.6616802 9.0000000 1.2637091 
taxon_7    9.0000000 1.7179024 9.0000000 1.6533928 1.2661641 1.1715688 0.0000000 1.1233004 0.9981662 1.4713449 1.9057466 1.0798673 2.3182818 2.6687872 1.5901976 1.4183082 2.5786790 1.5789192 3.4314879 1.6250876 1.5978119 2.4372356 1.6957769 9.0000000 9.0000000 1.7224069 9.0000000 1.7984212 9.0000000 1.5214749 
taxon_8    1.6785348 9.0000000 1.7500174 9.0000000 1.8664119 1.8395273 1.1233004 0.0000000 0.7304880 1.0571955 1.2637091 1.6533928 1.3945908 1.3438196 9.0000000 2.3283491 1.4617088 3.1728576 1.4713449 9.0000000 4.0969653 1.4490502 9.0000000 1.8448277 1.8135732 9.0000000 1.8942961 9.0000000 1.7594515 2.6223807 
taxon_9    1.6575251 9.0000000 1.7269387 9.0000000 1.9657784 1.8395273 0.9981662 0.7304880 0.0000000 1.0665589 1.2515532 1.5389582 1.4093261 1.3916782 2.9116275 2.3488983 1.3887769 3.5771045 1.5354288 3.2047773 2.6687872 1.4183082 9.0000000 1.6370878 1.7786833 9.0000000 1.8135732 9.0000000 1.8830177 2.7354978 
taxon_10   1.6492832 9.0000000 1.6211298 9.0000000 1.2860988 1.2372216 1.4713449 1.0571955 1.0665589 0.0000000 0.9466510 0.9136614 1.2637091 1.1273765 2.4982448 1.7786833 1.2686271 2.4610471 1.4745846 2.9809073 2.2605611 1.2911664 9.0000000 1.6616802 2.0042482 9.0000000 1.7407005 9.0000000 1.7089738 2.2069668 
taxon_11   1.5826598 9.0000000 1.6370878 3.2381161 1.6914291 1.5249391 1.9057466 1.2637091 1.2515532 0.9466510 0.0000000 0.7612049 1.3716005 1.3039872 3.1128255 2.2698779 1.3465518 2.6849169 1.4713449 2.8282083 2.6223807 1.4033972 9.0000000 1.7884873 1.7360851 9.0000000 1.9472591 9.0000000 1.7786833 2.5786790 
taxon_12   9.0000000 1.7134248 9.0000000 1.6700602 0.8894657 0.8321860 1.0798673 1.6533928 1.5389582 0.9136614 0.7612049 0.0000000 2.0175229 1.7594515 1.4093261 1.1694043 2.0378870 1.4004502 2.8687587 1.3603644 1.3196672 2.1569483 1.7594515 9.0000000 9.0000000 1.6957769 9.0000000 1.8034379 9.0000000 1.2735777 
taxon_13   1.6742855 9.0000000 1.8084885 9.0000000 1.7786833 1.7407005 2.3182818 1.3945908 1.4093261 1.2637091 1.3716005 2.0175229 0.0000000 0.5833854 2.7182557 2.1253647 1.2301572 3.5771045 1.3801395 2.2605611 2.2332853 1.2911664 5.0365368 1.5751971 1.7089738 9.0000000 1.9976980 9.0000000 1.9115381 2.5373842 
taxon_14   1.6171928 3.1422411 1.6616802 9.0000000 1.7089738 1.6533928 2.6687872 1.3438196 1.3916782 1.1273765 1.3039872 1.7594515 0.5833854 0.0000000 2.4028785 1.6211298 1.1913357 2.1176723 1.3091776 2.1100580 1.8290377 1.1439061 9.0000000 1.6055042 1.7001501 9.0000000 1.6828083 9.0000000 1.6016482 2.4141569 
taxon_15   9.0000000 1.8886357 9.0000000 1.7884873 1.3039872 1.3631577 1.5901976 9.0000000 2.9116275 2.4982448 3.1128255 1.4093261 2.7182557 2.4028785 0.0000000 1.1294229 1.8555421 1.3603644 2.1176723 1.2760652 1.2070784 1.9595544 1.6370878 9.0000000 9.0000000 1.8999995 9.0000000 1.6914291 9.0000000 1.4843887 
taxon_16   9.0000000 1.6828083 9.0000000 1.6330664 1.1273765 1.2162249 1.4183082 2.3283491 2.3488983 1.7786833 2.2698779 1.1694043 2.1253647 1.6211298 1.1294229 0.0000000 1.4093261 1.1480961 1.5978119 1.1629481 1.0779515 1.5284194 1.8719064 3.9968167 9.0000000 1.6290664 9.0000000 1.6533928 4.5166771 1.3916782 
taxon_17   1.6411310 9.0000000 1.8942961 4.2125782 1.7269387 1.8830177 2.5786790 1.4617088 1.3887769 1.2686271 1.3465518 2.0378870 1.2301572 1.1913357 1.8555421 1.4093261 0.0000000 1.7642134 1.0424530 1.6016482 1.5354288 0.9947337 9.0000000 1.6700602 1.7594515 9.0000000 1.7314979 9.0000000 1.7360851 2.4856395 
taxon_18   9.0000000 1.8290377 9.0000000 1.6871063 1.3744361 1.3438196 1.5789192 3.1728576 3.5771045 2.4610471 2.6849169 1.4004502 3.5771045 2.1176723 1.3603644 1.1480961 1.7642134 0.0000000 0.9531026 0.9661749 0.8631472 1.2048091 1.7224069 9.0000000 9.0000000 1.7360851 9.0000000 1.8084885 9.0000000 1.6055042 
taxon_19   1.7089738 9.0000000 1.6533928 9.0000000 2.0803512 2.2698779 3.4314879 1.4713449 1.5354288 1.4745846 1.4713449 2.8687587 1.3801395 1.3091776 2.1176723 1.5978119 1.0424530 0.9531026 0.0000000 1.2612621 1.1355958 0.7524766 9.0000000 1.6055042 1.8886357 9.0000000 1.7360851 9.0000000 1.6658585 3.0845196 
taxon_20   9.0000000 1.6957769 9.0000000 1.6914291 1.3575814 1.3975148 1.6250876 9.0000000 3.2047773 2.9809073 2.8282083 1.3603644 2.2605611 2.1100580 1.2760652 1.1629481 1.6016482 0.9661749 1.2612621 0.0000000 0.2227638 0.9136614 1.8609573 9.0000000 9.0000000 1.9173747 9.0000000 1.7690057 9.0000000 1.4153022 
taxon_21   9.0000000 1.7547196 5.0365368 1.6658585 1.2563920 1.3144041 1.5978119 4.0969653 2.6687872 2.2605611 2.6223807 1.3196672 2.2332853 1.8290377 1.2070784 1.0779515 1.5354288 0.8631472 1.1355958 0.2227638 0.0000000 0.7893172 1.7500174 9.0000000 9.0000000 2.0242493 9.0000000 1.7594515 9.0000000 1.3575814 
taxon_22   1.5826598 9.0000000 1.8034379 9.0000000 1.9115381 2.1176723 2.4372356 1.4490502 1.4183082 1.2911664 1.4033972 2.1569483 1.2911664 1.1439061 1.9595544 1.5284194 0.9947337 1.2048091 0.7524766 0.9136614 0.7893172 0.0000000 9.0000000 1.6914291 1.8501658 9.0000000 1.8609573 9.0000000 1.7134248 2.1732533 
taxon_23   9.0000000 1.5939951 9.0000000 1.6871063 1.7407005 1.6700602 1.6957769 9.0000000 9.0000000 9.0000000 9.0000000 1.7594515 5.0365368 9.0000000 1.6370878 1.8719064 9.0000000 1.7224069 9.0000000 1.8609573 1.7500174 9.0000000 0.0000000 9.0000000 9.0000000 1.6742855 9.0000000 1.7224069 9.0000000 1.6171928 
taxon_24   1.5568588 9.0000000 1.7089738 9.0000000 9.0000000 9.0000000 9.0000000 1.8448277 1.6370878 1.6616802 1.7884873 9.0000000 1.5751971 1.6055042 9.0000000 3.9968167 1.6700602 9.0000000 1.6055042 9.0000000 9.0000000 1.6914291 9.0000000 0.0000000 1.7045490 9.0000000 1.7786833 9.0000000 1.5789192 2.9570959 
taxon_25   1.7269387 9.0000000 1.7500174 9.0000000 9.0000000 9.0000000 9.0000000 1.8135732 1.7786833 2.0042482 1.7360851 9.0000000 1.7089738 1.7001501 9.0000000 9.0000000 1.7594515 9.0000000 1.8886357 9.0000000 9.0000000 1.8501658 9.0000000 1.7045490 0.0000000 4.0969653 1.5901976 9.0000000 1.5180266 2.0447995 
taxon_26   9.0000000 1.8238473 9.0000000 1.6492832 1.6492832 1.6700602 1.7224069 9.0000000 9.0000000 9.0000000 9.0000000 1.6957769 9.0000000 9.0000000 1.8999995 1.6290664 9.0000000 1.7360851 9.0000000 1.9173747 2.0242493 9.0000000 1.6742855 9.0000000 4.0969653 0.0000000 1.6575251 1.0315833 1.2988326 1.2372216 
taxon_27   1.8609573 9.0000000 1.9115381 9.0000000 9.0000000 9.0000000 9.0000000 1.8942961 1.8135732 1.7407005 1.9472591 9.0000000 1.9976980 1.6828083 9.0000000 9.0000000 1.7314979 9.0000000 1.7360851 9.0000000 9.0000000 1.8609573 9.0000000 1.7786833 1.5901976 1.6575251 0.0000000 1.1212707 0.6637262 2.2422675 
taxon_28   9.0000000 1.5978119 9.0000000 1.7269387 1.6250876 1.6616802 1.7984212 9.0000000 9.0000000 9.0000000 9.0000000 1.8034379 9.0000000 9.0000000 1.6914291 1.6533928 9.0000000 1.8084885 9.0000000 1.7690057 1.7594515 9.0000000 1.7224069 9.0000000 9.0000000 1.0315833 1.1212707 0.0000000 0.3297601 1.1233004 
taxon_29   1.6957769 3.9084795 1.6742855 9.0000000 9.0000000 9.0000000 9.0000000 1.7594515 1.8830177 1.7089738 1.7786833 9.0000000 1.9115381 1.6016482 9.0000000 4.5166771 1.7360851 9.0000000 1.6658585 9.0000000 9.0000000 1.7134248 9.0000000 1.5789192 1.5180266 1.2988326 0.6637262 0.3297601 0.0000000 1.5077759 
taxon_30   2.7354978 1.4183082 5.5562928 1.4033972 1.2962685 1.2637091 1.5214749 2.6223807 2.7354978 2.2069668 2.5786790 1.2735777 2.5373842 2.4141569 1.4843887 1.3916782 2.4856395 1.6055042 3.0845196 1.4153022 1.3575814 2.1732533 1.6171928 2.9570959 2.0447995 1.2372216 2.2422675 1.1233004 1.5077759 0.0000000 
