50
taxon_1    0.0000000 0.0831053 0.1216925 0.1232623 0.1331489 0.1283871 0.1268065 0.1339455 0.1283871 0.1170026 0.1092506 0.1252292 0.1264119 0.1209088 0.0924733 0.1236553 0.1216925 0.1260174 0.1092506 0.1216925 0.1197348 0.1216925 0.1228695 0.1307642 0.1323532 0.1115678 0.1228695 0.1201259 0.1252292 0.1248354 0.1307642 0.1142803 0.1275964 0.1256232 0.1256232 0.1252292 0.1232623 0.1115678 0.1244418 0.1359407 0.1268065 0.1311611 0.1825097 0.1889145 0.1880574 0.1984083 0.1984083 0.1971066 0.1820846 0.1863460 
taxon_2    0.0831053 0.0000000 0.0928504 0.0947391 0.1057882 0.1004339 0.0989110 0.1031063 0.0992914 0.0879620 0.0816172 0.0981508 0.0981508 0.0917195 0.0643498 0.0928504 0.0924733 0.0981508 0.0823608 0.0932278 0.0905903 0.0951174 0.0954959 0.1015780 0.1031063 0.0834777 0.0954959 0.0928504 0.0954959 0.0939831 0.1011964 0.0849695 0.1000529 0.1008150 0.1000529 0.0973913 0.0954959 0.0845963 0.0977709 0.1054045 0.0973913 0.1065563 0.1652772 0.1711171 0.1690262 0.1782700 0.1770028 0.1786929 0.1627883 0.1744747 
taxon_3    0.1216925 0.0928504 0.0000000 0.0709159 0.1015780 0.0985308 0.0966326 0.0985308 0.0947391 0.0823608 0.1096363 0.1291786 0.1307642 0.1228695 0.0947391 0.1236553 0.1260174 0.1287827 0.1119547 0.1252292 0.1213005 0.1264119 0.1264119 0.1315583 0.1355412 0.1131166 0.1256232 0.1213005 0.1248354 0.1256232 0.1307642 0.1150571 0.1287827 0.1307642 0.1295747 0.1268065 0.1260174 0.1146686 0.1264119 0.1335471 0.1268065 0.1347430 0.2027637 0.2067053 0.2032007 0.2164285 0.2164285 0.2173187 0.2005829 0.2106678 
taxon_4    0.1232623 0.0947391 0.0709159 0.0000000 0.1000529 0.0943610 0.0936053 0.0985308 0.0936053 0.0801320 0.1088651 0.1268065 0.1275964 0.1224770 0.0928504 0.1220846 0.1232623 0.1260174 0.1088651 0.1232623 0.1189531 0.1228695 0.1248354 0.1299710 0.1331489 0.1104083 0.1264119 0.1205172 0.1240484 0.1252292 0.1287827 0.1146686 0.1268065 0.1287827 0.1272013 0.1260174 0.1232623 0.1111811 0.1256232 0.1315583 0.1220846 0.1335471 0.2001474 0.2075841 0.2053892 0.2150952 0.2137642 0.2168735 0.2005829 0.2084638 
taxon_5    0.1331489 0.1057882 0.1015780 0.1000529 0.0000000 0.0808742 0.0753255 0.1031063 0.0970118 0.0879620 0.1216925 0.1407509 0.1419593 0.1335471 0.1054045 0.1371404 0.1379412 0.1403489 0.1244418 0.1351420 0.1327509 0.1387429 0.1375407 0.1419593 0.1447841 0.1240484 0.1363404 0.1347430 0.1387429 0.1383419 0.1415556 0.1264119 0.1391441 0.1427653 0.1395454 0.1403489 0.1367403 0.1260174 0.1415556 0.1464031 0.1375407 0.1464031 0.2115512 0.2240292 0.2182100 0.2289886 0.2294411 0.2317077 0.2146513 0.2294411 
taxon_6    0.1283871 0.1004339 0.0985308 0.0943610 0.0808742 0.0000000 0.0582008 0.0973913 0.0939831 0.0834777 0.1146686 0.1339455 0.1351420 0.1264119 0.0992914 0.1295747 0.1319556 0.1351420 0.1158346 0.1291786 0.1248354 0.1327509 0.1319556 0.1359407 0.1391441 0.1189531 0.1319556 0.1287827 0.1327509 0.1335471 0.1359407 0.1201259 0.1343441 0.1379412 0.1359407 0.1335471 0.1319556 0.1209088 0.1323532 0.1411531 0.1315583 0.1403489 0.2115512 0.2199957 0.2177642 0.2258288 0.2208902 0.2267303 0.2102265 0.2182100 
taxon_7    0.1268065 0.0989110 0.0966326 0.0936053 0.0753255 0.0582008 0.0000000 0.0943610 0.0890873 0.0786498 0.1135043 0.1315583 0.1327509 0.1256232 0.0985308 0.1279916 0.1303675 0.1335471 0.1162237 0.1268065 0.1248354 0.1303675 0.1295747 0.1343441 0.1391441 0.1170026 0.1283871 0.1272013 0.1315583 0.1323532 0.1343441 0.1193438 0.1319556 0.1351420 0.1343441 0.1303675 0.1287827 0.1193438 0.1327509 0.1391441 0.1327509 0.1407509 0.2067053 0.2177642 0.2133211 0.2222338 0.2213378 0.2253785 0.2075841 0.2168735 
taxon_8    0.1339455 0.1031063 0.0985308 0.0985308 0.1031063 0.0973913 0.0943610 0.0000000 0.0857165 0.0760630 0.1193438 0.1363404 0.1367403 0.1295747 0.1023418 0.1335471 0.1347430 0.1371404 0.1209088 0.1327509 0.1287827 0.1379412 0.1343441 0.1399470 0.1411531 0.1220846 0.1323532 0.1315583 0.1323532 0.1347430 0.1375407 0.1220846 0.1415556 0.1419593 0.1395454 0.1391441 0.1367403 0.1209088 0.1367403 0.1451886 0.1359407 0.1451886 0.2119933 0.2186560 0.2191023 0.2253785 0.2267303 0.2298939 0.2124356 0.2222338 
taxon_9    0.1283871 0.0992914 0.0947391 0.0936053 0.0970118 0.0939831 0.0890873 0.0857165 0.0000000 0.0618117 0.1135043 0.1343441 0.1331489 0.1252292 0.0981508 0.1295747 0.1291786 0.1327509 0.1170026 0.1287827 0.1228695 0.1307642 0.1295747 0.1331489 0.1387429 0.1177822 0.1327509 0.1287827 0.1311611 0.1323532 0.1367403 0.1209088 0.1367403 0.1395454 0.1371404 0.1331489 0.1331489 0.1185626 0.1327509 0.1399470 0.1315583 0.1403489 0.2080238 0.2159838 0.2150952 0.2222338 0.2222338 0.2249285 0.2084638 0.2195489 
taxon_10   0.1170026 0.0879620 0.0823608 0.0801320 0.0879620 0.0834777 0.0786498 0.0760630 0.0618117 0.0000000 0.1031063 0.1213005 0.1209088 0.1146686 0.0868384 0.1154457 0.1181723 0.1197348 0.1046377 0.1162237 0.1123418 0.1205172 0.1170026 0.1240484 0.1264119 0.1057882 0.1209088 0.1162237 0.1197348 0.1181723 0.1240484 0.1077098 0.1240484 0.1244418 0.1236553 0.1197348 0.1181723 0.1073251 0.1189531 0.1264119 0.1189531 0.1275964 0.1966732 0.2036379 0.2032007 0.2111093 0.2102265 0.2146513 0.1971066 0.2089041 
taxon_11   0.1092506 0.0816172 0.1096363 0.1088651 0.1216925 0.1146686 0.1135043 0.1193438 0.1135043 0.1031063 0.0000000 0.0567612 0.0560425 0.0513875 0.0237040 0.0564018 0.0603653 0.0621738 0.0478262 0.0596431 0.0578406 0.0698176 0.0683556 0.0753255 0.0786498 0.0574807 0.0883369 0.0849695 0.0890873 0.0868384 0.0905903 0.0760630 0.0924733 0.0928504 0.0902143 0.0894628 0.0857165 0.0760630 0.0902143 0.0958746 0.0883369 0.0951174 0.1932150 0.1971066 0.1971066 0.2036379 0.2058276 0.2045130 0.1902021 0.1945099 
taxon_12   0.1252292 0.0981508 0.1291786 0.1268065 0.1407509 0.1339455 0.1315583 0.1363404 0.1343441 0.1213005 0.0567612 0.0000000 0.0585611 0.0668965 0.0386453 0.0768012 0.0797612 0.0801320 0.0658040 0.0771705 0.0727501 0.0883369 0.0872128 0.0924733 0.0977709 0.0756942 0.1046377 0.1015780 0.1065563 0.1042545 0.1107946 0.0954959 0.1096363 0.1104083 0.1092506 0.1061722 0.1027239 0.0909665 0.1073251 0.1142803 0.1057882 0.1135043 0.2119933 0.2159838 0.2168735 0.2213378 0.2231310 0.2262794 0.2102265 0.2124356 
taxon_13   0.1264119 0.0981508 0.1307642 0.1275964 0.1419593 0.1351420 0.1327509 0.1367403 0.1331489 0.1209088 0.0560425 0.0585611 0.0000000 0.0665321 0.0375932 0.0756942 0.0782797 0.0782797 0.0647131 0.0768012 0.0738528 0.0879620 0.0838504 0.0917195 0.0958746 0.0760630 0.1027239 0.1011964 0.1073251 0.1023418 0.1096363 0.0951174 0.1092506 0.1111811 0.1084798 0.1077098 0.1050210 0.0909665 0.1069406 0.1158346 0.1069406 0.1131166 0.2093446 0.2133211 0.2128782 0.2186560 0.2217857 0.2213378 0.2062664 0.2124356 
taxon_14   0.1209088 0.0917195 0.1228695 0.1224770 0.1335471 0.1264119 0.1256232 0.1295747 0.1252292 0.1146686 0.0513875 0.0668965 0.0665321 0.0000000 0.0323545 0.0720159 0.0734851 0.0756942 0.0610881 0.0712824 0.0709159 0.0834777 0.0819889 0.0883369 0.0917195 0.0687208 0.0981508 0.0954959 0.1011964 0.0966326 0.1031063 0.0883369 0.1027239 0.1042545 0.1011964 0.1004339 0.0981508 0.0857165 0.1008150 0.1069406 0.0973913 0.1038716 0.2005829 0.2058276 0.2049510 0.2137642 0.2146513 0.2137642 0.2001474 0.2071446 
taxon_15   0.0924733 0.0643498 0.0947391 0.0928504 0.1054045 0.0992914 0.0985308 0.1023418 0.0981508 0.0868384 0.0237040 0.0386453 0.0375932 0.0323545 0.0000000 0.0421632 0.0442818 0.0460519 0.0313112 0.0435749 0.0421632 0.0535323 0.0524591 0.0592822 0.0621738 0.0411061 0.0716491 0.0676257 0.0723829 0.0694518 0.0753255 0.0607266 0.0753255 0.0760630 0.0742207 0.0727501 0.0698176 0.0585611 0.0723829 0.0801320 0.0709159 0.0782797 0.1757376 0.1812353 0.1803869 0.1889145 0.1897726 0.1889145 0.1740541 0.1812353 
taxon_16   0.1236553 0.0928504 0.1236553 0.1220846 0.1371404 0.1295747 0.1279916 0.1335471 0.1295747 0.1154457 0.0564018 0.0768012 0.0756942 0.0720159 0.0421632 0.0000000 0.0517445 0.0647131 0.0481816 0.0731175 0.0727501 0.0823608 0.0797612 0.0879620 0.0902143 0.0716491 0.1034888 0.0973913 0.1034888 0.1011964 0.1046377 0.0905903 0.1073251 0.1046377 0.1050210 0.1034888 0.1008150 0.0890873 0.1027239 0.1088651 0.0989110 0.1088651 0.2032007 0.2102265 0.2089041 0.2182100 0.2195489 0.2186560 0.2032007 0.2111093 
taxon_17   0.1216925 0.0924733 0.1260174 0.1232623 0.1379412 0.1319556 0.1303675 0.1347430 0.1291786 0.1181723 0.0603653 0.0797612 0.0782797 0.0734851 0.0442818 0.0517445 0.0000000 0.0668965 0.0503173 0.0742207 0.0738528 0.0834777 0.0831053 0.0909665 0.0917195 0.0720159 0.1023418 0.0977709 0.1031063 0.1011964 0.1046377 0.0913429 0.1061722 0.1069406 0.1046377 0.1038716 0.1008150 0.0887120 0.1019598 0.1065563 0.0989110 0.1057882 0.2018906 0.2097854 0.2084638 0.2173187 0.2186560 0.2191023 0.2018906 0.2093446 
taxon_18   0.1260174 0.0981508 0.1287827 0.1260174 0.1403489 0.1351420 0.1335471 0.1371404 0.1327509 0.1197348 0.0621738 0.0801320 0.0782797 0.0756942 0.0460519 0.0647131 0.0668965 0.0000000 0.0471160 0.0764320 0.0745888 0.0868384 0.0845963 0.0924733 0.0936053 0.0753255 0.1069406 0.1031063 0.1069406 0.1023418 0.1104083 0.0954959 0.1111811 0.1123418 0.1092506 0.1080947 0.1054045 0.0909665 0.1061722 0.1138922 0.1061722 0.1131166 0.2089041 0.2115512 0.2097854 0.2199957 0.2186560 0.2217857 0.2058276 0.2173187 
taxon_19   0.1092506 0.0823608 0.1119547 0.1088651 0.1244418 0.1158346 0.1162237 0.1209088 0.1170026 0.1046377 0.0478262 0.0658040 0.0647131 0.0610881 0.0313112 0.0481816 0.0503173 0.0471160 0.0000000 0.0603653 0.0610881 0.0698176 0.0683556 0.0775401 0.0793906 0.0596431 0.0883369 0.0857165 0.0898384 0.0875873 0.0917195 0.0771705 0.0951174 0.0936053 0.0920963 0.0898384 0.0883369 0.0764320 0.0883369 0.0958746 0.0879620 0.0954959 0.1923529 0.1988427 0.1979742 0.2062664 0.2062664 0.2053892 0.1897726 0.1984083 
taxon_20   0.1216925 0.0932278 0.1252292 0.1232623 0.1351420 0.1291786 0.1268065 0.1327509 0.1287827 0.1162237 0.0596431 0.0771705 0.0768012 0.0712824 0.0435749 0.0731175 0.0742207 0.0764320 0.0603653 0.0000000 0.0701835 0.0842233 0.0816172 0.0894628 0.0920963 0.0716491 0.0989110 0.0985308 0.1034888 0.1008150 0.1046377 0.0909665 0.1069406 0.1050210 0.1031063 0.1019598 0.1004339 0.0879620 0.1011964 0.1100222 0.1004339 0.1080947 0.2062664 0.2097854 0.2080238 0.2195489 0.2177642 0.2173187 0.2023270 0.2097854 
taxon_21   0.1197348 0.0905903 0.1213005 0.1189531 0.1327509 0.1248354 0.1248354 0.1287827 0.1228695 0.1123418 0.0578406 0.0727501 0.0738528 0.0709159 0.0421632 0.0727501 0.0738528 0.0745888 0.0610881 0.0701835 0.0000000 0.0819889 0.0797612 0.0872128 0.0902143 0.0694518 0.1023418 0.0958746 0.1027239 0.0970118 0.1065563 0.0913429 0.1023418 0.1042545 0.1023418 0.1011964 0.0981508 0.0894628 0.1023418 0.1107946 0.1023418 0.1092506 0.2027637 0.2067053 0.2049510 0.2168735 0.2177642 0.2155394 0.2010185 0.2045130 
taxon_22   0.1216925 0.0951174 0.1264119 0.1228695 0.1387429 0.1327509 0.1303675 0.1379412 0.1307642 0.1205172 0.0698176 0.0883369 0.0879620 0.0834777 0.0535323 0.0823608 0.0834777 0.0868384 0.0698176 0.0842233 0.0819889 0.0000000 0.0782797 0.0853429 0.0902143 0.0694518 0.1042545 0.1015780 0.1050210 0.1023418 0.1069406 0.0917195 0.1088651 0.1073251 0.1023418 0.1050210 0.1004339 0.0905903 0.1019598 0.1135043 0.1038716 0.1111811 0.2062664 0.2119933 0.2106678 0.2199957 0.2199957 0.2208902 0.2036379 0.2155394 
taxon_23   0.1228695 0.0954959 0.1264119 0.1248354 0.1375407 0.1319556 0.1295747 0.1343441 0.1295747 0.1170026 0.0683556 0.0872128 0.0838504 0.0819889 0.0524591 0.0797612 0.0831053 0.0845963 0.0683556 0.0816172 0.0797612 0.0782797 0.0000000 0.0538904 0.0849695 0.0654402 0.1011964 0.0981508 0.1034888 0.1015780 0.1069406 0.0928504 0.1065563 0.1073251 0.1042545 0.1027239 0.1011964 0.0894628 0.1027239 0.1111811 0.1027239 0.1100222 0.2058276 0.2102265 0.2093446 0.2191023 0.2186560 0.2177642 0.2023270 0.2137642 
taxon_24   0.1307642 0.1015780 0.1315583 0.1299710 0.1419593 0.1359407 0.1343441 0.1399470 0.1331489 0.1240484 0.0753255 0.0924733 0.0917195 0.0883369 0.0592822 0.0879620 0.0909665 0.0924733 0.0775401 0.0894628 0.0872128 0.0853429 0.0538904 0.0000000 0.0905903 0.0712824 0.1080947 0.1065563 0.1100222 0.1092506 0.1158346 0.1000529 0.1150571 0.1146686 0.1123418 0.1119547 0.1088651 0.0973913 0.1080947 0.1173923 0.1069406 0.1150571 0.2119933 0.2150952 0.2119933 0.2235799 0.2217857 0.2231310 0.2058276 0.2208902 
taxon_25   0.1323532 0.1031063 0.1355412 0.1331489 0.1447841 0.1391441 0.1391441 0.1411531 0.1387429 0.1264119 0.0786498 0.0977709 0.0958746 0.0917195 0.0621738 0.0902143 0.0917195 0.0936053 0.0793906 0.0920963 0.0902143 0.0902143 0.0849695 0.0905903 0.0000000 0.0723829 0.1115678 0.1092506 0.1123418 0.1104083 0.1189531 0.1027239 0.1177822 0.1170026 0.1146686 0.1138922 0.1111811 0.1000529 0.1138922 0.1201259 0.1119547 0.1197348 0.2191023 0.2249285 0.2240292 0.2312538 0.2303469 0.2294411 0.2128782 0.2253785 
taxon_26   0.1115678 0.0834777 0.1131166 0.1104083 0.1240484 0.1189531 0.1170026 0.1220846 0.1177822 0.1057882 0.0574807 0.0756942 0.0760630 0.0687208 0.0411061 0.0716491 0.0720159 0.0753255 0.0596431 0.0716491 0.0694518 0.0694518 0.0654402 0.0712824 0.0723829 0.0000000 0.0913429 0.0887120 0.0909665 0.0909665 0.0962535 0.0812456 0.0947391 0.0939831 0.0920963 0.0909665 0.0875873 0.0793906 0.0924733 0.0989110 0.0894628 0.0981508 0.1940780 0.2001474 0.2001474 0.2089041 0.2080238 0.2084638 0.1932150 0.2049510 
taxon_27   0.1228695 0.0954959 0.1256232 0.1264119 0.1363404 0.1319556 0.1283871 0.1323532 0.1327509 0.1209088 0.0883369 0.1046377 0.1027239 0.0981508 0.0716491 0.1034888 0.1023418 0.1069406 0.0883369 0.0989110 0.1023418 0.1042545 0.1011964 0.1080947 0.1115678 0.0913429 0.0000000 0.0625360 0.0764320 0.0760630 0.0812456 0.0650765 0.0973913 0.0962535 0.0958746 0.0951174 0.0920963 0.0831053 0.0966326 0.1015780 0.0962535 0.1034888 0.2071446 0.2142076 0.2124356 0.2186560 0.2231310 0.2226823 0.2058276 0.2173187 
taxon_28   0.1201259 0.0928504 0.1213005 0.1205172 0.1347430 0.1287827 0.1272013 0.1315583 0.1287827 0.1162237 0.0849695 0.1015780 0.1011964 0.0954959 0.0676257 0.0973913 0.0977709 0.1031063 0.0857165 0.0985308 0.0958746 0.1015780 0.0981508 0.1065563 0.1092506 0.0887120 0.0625360 0.0000000 0.0742207 0.0742207 0.0779098 0.0628984 0.0954959 0.0947391 0.0954959 0.0936053 0.0894628 0.0805030 0.0939831 0.1000529 0.0936053 0.1023418 0.2005829 0.2080238 0.2040753 0.2146513 0.2159838 0.2168735 0.2001474 0.2084638 
taxon_29   0.1252292 0.0954959 0.1248354 0.1240484 0.1387429 0.1327509 0.1315583 0.1323532 0.1311611 0.1197348 0.0890873 0.1065563 0.1073251 0.1011964 0.0723829 0.1034888 0.1031063 0.1069406 0.0898384 0.1034888 0.1027239 0.1050210 0.1034888 0.1100222 0.1123418 0.0909665 0.0764320 0.0742207 0.0000000 0.0723829 0.0768012 0.0610881 0.0962535 0.0954959 0.0954959 0.0928504 0.0905903 0.0834777 0.0962535 0.1027239 0.0951174 0.1023418 0.2097854 0.2155394 0.2137642 0.2213378 0.2231310 0.2240292 0.2067053 0.2150952 
taxon_30   0.1248354 0.0939831 0.1256232 0.1252292 0.1383419 0.1335471 0.1323532 0.1347430 0.1323532 0.1181723 0.0868384 0.1042545 0.1023418 0.0966326 0.0694518 0.1011964 0.1011964 0.1023418 0.0875873 0.1008150 0.0970118 0.1023418 0.1015780 0.1092506 0.1104083 0.0909665 0.0760630 0.0742207 0.0723829 0.0000000 0.0625360 0.0467611 0.0958746 0.0958746 0.0936053 0.0928504 0.0909665 0.0831053 0.0958746 0.0992914 0.0962535 0.1023418 0.2062664 0.2124356 0.2106678 0.2191023 0.2213378 0.2213378 0.2049510 0.2150952 
taxon_31   0.1307642 0.1011964 0.1307642 0.1287827 0.1415556 0.1359407 0.1343441 0.1375407 0.1367403 0.1240484 0.0905903 0.1107946 0.1096363 0.1031063 0.0753255 0.1046377 0.1046377 0.1104083 0.0917195 0.1046377 0.1065563 0.1069406 0.1069406 0.1158346 0.1189531 0.0962535 0.0812456 0.0779098 0.0768012 0.0625360 0.0000000 0.0158326 0.1042545 0.1008150 0.1000529 0.0996721 0.0977709 0.0875873 0.1008150 0.1054045 0.1000529 0.1080947 0.2115512 0.2173187 0.2168735 0.2249285 0.2262794 0.2276328 0.2102265 0.2173187 
taxon_32   0.1142803 0.0849695 0.1150571 0.1146686 0.1264119 0.1201259 0.1193438 0.1220846 0.1209088 0.1077098 0.0760630 0.0954959 0.0951174 0.0883369 0.0607266 0.0905903 0.0913429 0.0954959 0.0771705 0.0909665 0.0913429 0.0917195 0.0928504 0.1000529 0.1027239 0.0812456 0.0650765 0.0628984 0.0610881 0.0467611 0.0158326 0.0000000 0.0887120 0.0864643 0.0853429 0.0857165 0.0831053 0.0712824 0.0853429 0.0905903 0.0845963 0.0924733 0.1962401 0.2023270 0.2014544 0.2102265 0.2111093 0.2124356 0.1953745 0.2023270 
taxon_33   0.1275964 0.1000529 0.1287827 0.1268065 0.1391441 0.1343441 0.1319556 0.1415556 0.1367403 0.1240484 0.0924733 0.1096363 0.1092506 0.1027239 0.0753255 0.1073251 0.1061722 0.1111811 0.0951174 0.1069406 0.1023418 0.1088651 0.1065563 0.1150571 0.1177822 0.0947391 0.0973913 0.0954959 0.0962535 0.0958746 0.1042545 0.0887120 0.0000000 0.0834777 0.0797612 0.0793906 0.0768012 0.0834777 0.0954959 0.1031063 0.0958746 0.1031063 0.2093446 0.2142076 0.2146513 0.2267303 0.2258288 0.2262794 0.2097854 0.2177642 
taxon_34   0.1256232 0.1008150 0.1307642 0.1287827 0.1427653 0.1379412 0.1351420 0.1419593 0.1395454 0.1244418 0.0928504 0.1104083 0.1111811 0.1042545 0.0760630 0.1046377 0.1069406 0.1123418 0.0936053 0.1050210 0.1042545 0.1073251 0.1073251 0.1146686 0.1170026 0.0939831 0.0962535 0.0947391 0.0954959 0.0958746 0.1008150 0.0864643 0.0834777 0.0000000 0.0299223 0.0411061 0.0396989 0.0812456 0.0951174 0.1027239 0.0924733 0.1034888 0.2119933 0.2168735 0.2164285 0.2271814 0.2285364 0.2280845 0.2124356 0.2217857 
taxon_35   0.1256232 0.1000529 0.1295747 0.1272013 0.1395454 0.1359407 0.1343441 0.1395454 0.1371404 0.1236553 0.0902143 0.1092506 0.1084798 0.1011964 0.0742207 0.1050210 0.1046377 0.1092506 0.0920963 0.1031063 0.1023418 0.1023418 0.1042545 0.1123418 0.1146686 0.0920963 0.0958746 0.0954959 0.0954959 0.0936053 0.1000529 0.0853429 0.0797612 0.0299223 0.0000000 0.0389964 0.0375932 0.0790201 0.0936053 0.1004339 0.0887120 0.1008150 0.2128782 0.2177642 0.2168735 0.2276328 0.2294411 0.2285364 0.2124356 0.2249285 
taxon_36   0.1252292 0.0973913 0.1268065 0.1260174 0.1403489 0.1335471 0.1303675 0.1391441 0.1331489 0.1197348 0.0894628 0.1061722 0.1077098 0.1004339 0.0727501 0.1034888 0.1038716 0.1080947 0.0898384 0.1019598 0.1011964 0.1050210 0.1027239 0.1119547 0.1138922 0.0909665 0.0951174 0.0936053 0.0928504 0.0928504 0.0996721 0.0857165 0.0793906 0.0411061 0.0389964 0.0000000 0.0323545 0.0786498 0.0924733 0.0992914 0.0902143 0.1000529 0.2093446 0.2150952 0.2133211 0.2244787 0.2249285 0.2244787 0.2093446 0.2222338 
taxon_37   0.1232623 0.0954959 0.1260174 0.1232623 0.1367403 0.1319556 0.1287827 0.1367403 0.1331489 0.1181723 0.0857165 0.1027239 0.1050210 0.0981508 0.0698176 0.1008150 0.1008150 0.1054045 0.0883369 0.1004339 0.0981508 0.1004339 0.1011964 0.1088651 0.1111811 0.0875873 0.0920963 0.0894628 0.0905903 0.0909665 0.0977709 0.0831053 0.0768012 0.0396989 0.0375932 0.0323545 0.0000000 0.0775401 0.0913429 0.0970118 0.0890873 0.0981508 0.2111093 0.2150952 0.2137642 0.2258288 0.2262794 0.2258288 0.2102265 0.2195489 
taxon_38   0.1115678 0.0845963 0.1146686 0.1111811 0.1260174 0.1209088 0.1193438 0.1209088 0.1185626 0.1073251 0.0760630 0.0909665 0.0909665 0.0857165 0.0585611 0.0890873 0.0887120 0.0909665 0.0764320 0.0879620 0.0894628 0.0905903 0.0894628 0.0973913 0.1000529 0.0793906 0.0831053 0.0805030 0.0834777 0.0831053 0.0875873 0.0712824 0.0834777 0.0812456 0.0790201 0.0786498 0.0775401 0.0000000 0.0694518 0.0782797 0.0709159 0.0779098 0.1923529 0.2010185 0.1988427 0.2084638 0.2093446 0.2089041 0.1932150 0.2014544 
taxon_39   0.1244418 0.0977709 0.1264119 0.1256232 0.1415556 0.1323532 0.1327509 0.1367403 0.1327509 0.1189531 0.0902143 0.1073251 0.1069406 0.1008150 0.0723829 0.1027239 0.1019598 0.1061722 0.0883369 0.1011964 0.1023418 0.1019598 0.1027239 0.1080947 0.1138922 0.0924733 0.0966326 0.0939831 0.0962535 0.0958746 0.1008150 0.0853429 0.0954959 0.0951174 0.0936053 0.0924733 0.0913429 0.0694518 0.0000000 0.0690862 0.0636238 0.0698176 0.2084638 0.2159838 0.2142076 0.2235799 0.2231310 0.2217857 0.2062664 0.2164285 
taxon_40   0.1359407 0.1054045 0.1335471 0.1315583 0.1464031 0.1411531 0.1391441 0.1451886 0.1399470 0.1264119 0.0958746 0.1142803 0.1158346 0.1069406 0.0801320 0.1088651 0.1065563 0.1138922 0.0958746 0.1100222 0.1107946 0.1135043 0.1111811 0.1173923 0.1201259 0.0989110 0.1015780 0.1000529 0.1027239 0.0992914 0.1054045 0.0905903 0.1031063 0.1027239 0.1004339 0.0992914 0.0970118 0.0782797 0.0690862 0.0000000 0.0567612 0.0625360 0.2164285 0.2280845 0.2235799 0.2353484 0.2339811 0.2344366 0.2177642 0.2182100 
taxon_41   0.1268065 0.0973913 0.1268065 0.1220846 0.1375407 0.1315583 0.1327509 0.1359407 0.1315583 0.1189531 0.0883369 0.1057882 0.1069406 0.0973913 0.0709159 0.0989110 0.0989110 0.1061722 0.0879620 0.1004339 0.1023418 0.1038716 0.1027239 0.1069406 0.1119547 0.0894628 0.0962535 0.0936053 0.0951174 0.0962535 0.1000529 0.0845963 0.0958746 0.0924733 0.0887120 0.0902143 0.0890873 0.0709159 0.0636238 0.0567612 0.0000000 0.0542487 0.2053892 0.2159838 0.2128782 0.2231310 0.2217857 0.2244787 0.2067053 0.2199957 
taxon_42   0.1311611 0.1065563 0.1347430 0.1335471 0.1464031 0.1403489 0.1407509 0.1451886 0.1403489 0.1275964 0.0951174 0.1135043 0.1131166 0.1038716 0.0782797 0.1088651 0.1057882 0.1131166 0.0954959 0.1080947 0.1092506 0.1111811 0.1100222 0.1150571 0.1197348 0.0981508 0.1034888 0.1023418 0.1023418 0.1023418 0.1080947 0.0924733 0.1031063 0.1034888 0.1008150 0.1000529 0.0981508 0.0779098 0.0698176 0.0625360 0.0542487 0.0000000 0.2137642 0.2217857 0.2186560 0.2271814 0.2253785 0.2267303 0.2106678 0.2280845 
taxon_43   0.1825097 0.1652772 0.2027637 0.2001474 0.2115512 0.2115512 0.2067053 0.2119933 0.2080238 0.1966732 0.1932150 0.2119933 0.2093446 0.2005829 0.1757376 0.2032007 0.2018906 0.2089041 0.1923529 0.2062664 0.2027637 0.2062664 0.2058276 0.2119933 0.2191023 0.1940780 0.2071446 0.2005829 0.2097854 0.2062664 0.2115512 0.1962401 0.2093446 0.2119933 0.2128782 0.2093446 0.2111093 0.1923529 0.2084638 0.2164285 0.2053892 0.2137642 0.0000000 0.0650765 0.0614498 0.0687208 0.0679906 0.0709159 0.0549657 0.1897726 
taxon_44   0.1889145 0.1711171 0.2067053 0.2075841 0.2240292 0.2199957 0.2177642 0.2186560 0.2159838 0.2036379 0.1971066 0.2159838 0.2133211 0.2058276 0.1812353 0.2102265 0.2097854 0.2115512 0.1988427 0.2097854 0.2067053 0.2119933 0.2102265 0.2150952 0.2249285 0.2001474 0.2142076 0.2080238 0.2155394 0.2124356 0.2173187 0.2023270 0.2142076 0.2168735 0.2177642 0.2150952 0.2150952 0.2010185 0.2159838 0.2280845 0.2159838 0.2217857 0.0650765 0.0000000 0.0506739 0.0709159 0.0720159 0.0756942 0.0592822 0.1927838 
taxon_45   0.1880574 0.1690262 0.2032007 0.2053892 0.2182100 0.2177642 0.2133211 0.2191023 0.2150952 0.2032007 0.1971066 0.2168735 0.2128782 0.2049510 0.1803869 0.2089041 0.2084638 0.2097854 0.1979742 0.2080238 0.2049510 0.2106678 0.2093446 0.2119933 0.2240292 0.2001474 0.2124356 0.2040753 0.2137642 0.2106678 0.2168735 0.2014544 0.2146513 0.2164285 0.2168735 0.2133211 0.2137642 0.1988427 0.2142076 0.2235799 0.2128782 0.2186560 0.0614498 0.0506739 0.0000000 0.0687208 0.0701835 0.0727501 0.0560425 0.1919223 
taxon_46   0.1984083 0.1782700 0.2164285 0.2150952 0.2289886 0.2258288 0.2222338 0.2253785 0.2222338 0.2111093 0.2036379 0.2213378 0.2186560 0.2137642 0.1889145 0.2182100 0.2173187 0.2199957 0.2062664 0.2195489 0.2168735 0.2199957 0.2191023 0.2235799 0.2312538 0.2089041 0.2186560 0.2146513 0.2213378 0.2191023 0.2249285 0.2102265 0.2267303 0.2271814 0.2276328 0.2244787 0.2258288 0.2084638 0.2235799 0.2353484 0.2231310 0.2271814 0.0687208 0.0709159 0.0687208 0.0000000 0.0650765 0.0668965 0.0510306 0.1984083 
taxon_47   0.1984083 0.1770028 0.2164285 0.2137642 0.2294411 0.2208902 0.2213378 0.2267303 0.2222338 0.2102265 0.2058276 0.2231310 0.2217857 0.2146513 0.1897726 0.2195489 0.2186560 0.2186560 0.2062664 0.2177642 0.2177642 0.2199957 0.2186560 0.2217857 0.2303469 0.2080238 0.2231310 0.2159838 0.2231310 0.2213378 0.2262794 0.2111093 0.2258288 0.2285364 0.2294411 0.2249285 0.2262794 0.2093446 0.2231310 0.2339811 0.2217857 0.2253785 0.0679906 0.0720159 0.0701835 0.0650765 0.0000000 0.0467611 0.0299223 0.1979742 
taxon_48   0.1971066 0.1786929 0.2173187 0.2168735 0.2317077 0.2267303 0.2253785 0.2298939 0.2249285 0.2146513 0.2045130 0.2262794 0.2213378 0.2137642 0.1889145 0.2186560 0.2191023 0.2217857 0.2053892 0.2173187 0.2155394 0.2208902 0.2177642 0.2231310 0.2294411 0.2084638 0.2226823 0.2168735 0.2240292 0.2213378 0.2276328 0.2124356 0.2262794 0.2280845 0.2285364 0.2244787 0.2258288 0.2089041 0.2217857 0.2344366 0.2244787 0.2267303 0.0709159 0.0756942 0.0727501 0.0668965 0.0467611 0.0000000 0.0216426 0.2005829 
taxon_49   0.1820846 0.1627883 0.2005829 0.2005829 0.2146513 0.2102265 0.2075841 0.2124356 0.2084638 0.1971066 0.1902021 0.2102265 0.2062664 0.2001474 0.1740541 0.2032007 0.2018906 0.2058276 0.1897726 0.2023270 0.2010185 0.2036379 0.2023270 0.2058276 0.2128782 0.1932150 0.2058276 0.2001474 0.2067053 0.2049510 0.2102265 0.1953745 0.2097854 0.2124356 0.2124356 0.2093446 0.2102265 0.1932150 0.2062664 0.2177642 0.2067053 0.2106678 0.0549657 0.0592822 0.0560425 0.0510306 0.0299223 0.0216426 0.0000000 0.1829350 
taxon_50   0.1863460 0.1744747 0.2106678 0.2084638 0.2294411 0.2182100 0.2168735 0.2222338 0.2195489 0.2089041 0.1945099 0.2124356 0.2124356 0.2071446 0.1812353 0.2111093 0.2093446 0.2173187 0.1984083 0.2097854 0.2045130 0.2155394 0.2137642 0.2208902 0.2253785 0.2049510 0.2173187 0.2084638 0.2150952 0.2150952 0.2173187 0.2023270 0.2177642 0.2217857 0.2249285 0.2222338 0.2195489 0.2014544 0.2164285 0.2182100 0.2199957 0.2280845 0.1897726 0.1927838 0.1919223 0.1984083 0.1979742 0.2005829 0.1829350 0.0000000 
