30
taxon_1    0.0000000 0.2326162 9.0000000 9.0000000 9.0000000 0.8160015 9.0000000 0.7926230 0.7840406 9.0000000 9.0000000 9.0000000 9.0000000 0.8169916 0.8140252 9.0000000 0.7916645 0.8071489 9.0000000 9.0000000 0.8120541 9.0000000 0.8003351 0.7452388 0.7680925 0.7993668 9.0000000 9.0000000 0.8249598 9.0000000 
taxon_2    0.2326162 0.0000000 9.0000000 9.0000000 9.0000000 0.8051958 9.0000000 0.7671649 0.7662384 9.0000000 9.0000000 9.0000000 9.0000000 0.7764933 0.7662384 9.0000000 0.7653130 0.7878429 9.0000000 9.0000000 0.7964691 9.0000000 0.8279698 0.6905588 0.7461397 0.7907073 9.0000000 9.0000000 0.8110705 9.0000000 
taxon_3    9.0000000 9.0000000 0.0000000 0.6814072 0.6241154 9.0000000 0.7897512 9.0000000 9.0000000 0.7840406 0.7859393 0.8022756 0.7907073 9.0000000 9.0000000 0.7793147 9.0000000 9.0000000 0.7868905 0.7653130 9.0000000 0.7907073 9.0000000 9.0000000 9.0000000 9.0000000 0.7926230 0.7802575 9.0000000 0.8013047 
taxon_4    9.0000000 9.0000000 0.6814072 0.0000000 0.3574523 9.0000000 0.7783730 9.0000000 9.0000000 0.7897512 0.7840406 0.8309920 0.7983996 9.0000000 9.0000000 0.7964691 9.0000000 9.0000000 0.7821466 0.7345116 9.0000000 0.8110705 9.0000000 9.0000000 9.0000000 9.0000000 0.8071489 0.8022756 9.0000000 0.7993668 
taxon_5    9.0000000 9.0000000 0.6241154 0.3574523 0.0000000 9.0000000 0.7506605 9.0000000 9.0000000 0.7662384 0.7868905 0.8130390 0.8130390 9.0000000 9.0000000 0.7945436 9.0000000 9.0000000 0.7727480 0.7515680 9.0000000 0.8051958 9.0000000 9.0000000 9.0000000 9.0000000 0.7955057 0.7708823 9.0000000 0.7821466 
taxon_6    0.8160015 0.8051958 9.0000000 9.0000000 9.0000000 0.0000000 9.0000000 0.7109220 0.6880518 9.0000000 9.0000000 9.0000000 9.0000000 0.8140252 0.8130390 9.0000000 0.8199697 0.8130390 9.0000000 9.0000000 0.7859393 9.0000000 0.7916645 0.7117826 0.7092038 0.8209651 9.0000000 9.0000000 0.8042211 9.0000000 
taxon_7    9.0000000 9.0000000 0.7897512 0.7783730 0.7506605 9.0000000 0.0000000 9.0000000 9.0000000 0.6964412 0.7371791 0.8504204 0.7783730 9.0000000 9.0000000 0.8160015 9.0000000 9.0000000 0.8219618 0.7597847 9.0000000 0.8179830 9.0000000 9.0000000 9.0000000 9.0000000 0.8051958 0.7926230 9.0000000 0.8140252 
taxon_8    0.7926230 0.7671649 9.0000000 9.0000000 9.0000000 0.7109220 9.0000000 0.0000000 0.1711171 9.0000000 9.0000000 9.0000000 9.0000000 0.7935827 0.7755552 9.0000000 0.8130390 0.7887964 9.0000000 9.0000000 0.8051958 9.0000000 0.7945436 0.7552088 0.7643888 0.7878429 9.0000000 9.0000000 0.8061717 9.0000000 
taxon_9    0.7840406 0.7662384 9.0000000 9.0000000 9.0000000 0.6880518 9.0000000 0.1711171 0.0000000 9.0000000 9.0000000 9.0000000 9.0000000 0.8003351 0.7821466 9.0000000 0.8259618 0.8013047 9.0000000 9.0000000 0.7916645 9.0000000 0.7983996 0.7727480 0.7607033 0.8013047 9.0000000 9.0000000 0.8150127 9.0000000 
taxon_10   9.0000000 9.0000000 0.7840406 0.7897512 0.7662384 9.0000000 0.6964412 9.0000000 9.0000000 0.0000000 0.6586042 0.7964691 0.7878429 9.0000000 9.0000000 0.8411547 9.0000000 9.0000000 0.7878429 0.7634657 9.0000000 0.7964691 9.0000000 9.0000000 9.0000000 9.0000000 0.7983996 0.7783730 9.0000000 0.8022756 
taxon_11   9.0000000 9.0000000 0.7859393 0.7840406 0.7868905 9.0000000 0.7371791 9.0000000 9.0000000 0.6586042 0.0000000 0.8239591 0.7878429 9.0000000 9.0000000 0.8199697 9.0000000 9.0000000 0.7840406 0.7945436 9.0000000 0.8140252 9.0000000 9.0000000 9.0000000 9.0000000 0.8239591 0.7812014 9.0000000 0.8229598 
taxon_12   9.0000000 9.0000000 0.8022756 0.8309920 0.8130390 9.0000000 0.8504204 9.0000000 9.0000000 0.7964691 0.8239591 0.0000000 0.7398560 9.0000000 9.0000000 0.7907073 9.0000000 9.0000000 0.7708823 0.7135067 9.0000000 0.7570358 9.0000000 9.0000000 9.0000000 9.0000000 0.8239591 0.8269651 9.0000000 0.8130390 
taxon_13   9.0000000 9.0000000 0.7907073 0.7983996 0.8130390 9.0000000 0.7783730 9.0000000 9.0000000 0.7878429 0.7878429 0.7398560 0.0000000 9.0000000 9.0000000 0.7680925 9.0000000 9.0000000 0.7764933 0.7006713 9.0000000 0.7935827 9.0000000 9.0000000 9.0000000 9.0000000 0.8003351 0.7849893 9.0000000 0.8269651 
taxon_14   0.8169916 0.7764933 9.0000000 9.0000000 9.0000000 0.8140252 9.0000000 0.7935827 0.8003351 9.0000000 9.0000000 9.0000000 9.0000000 0.0000000 0.1842123 1.9779608 0.3612198 0.3494423 9.0000000 9.0000000 0.7092038 9.0000000 0.7389626 0.6998233 0.7049254 0.7859393 9.0000000 9.0000000 0.8239591 9.0000000 
taxon_15   0.8140252 0.7662384 9.0000000 9.0000000 9.0000000 0.8130390 9.0000000 0.7755552 0.7821466 9.0000000 9.0000000 9.0000000 9.0000000 0.1842123 0.0000000 1.5314488 0.2317077 0.2258288 9.0000000 2.5409640 0.6847222 9.0000000 0.7204432 0.6498322 0.6781069 0.7680925 9.0000000 9.0000000 0.8259618 9.0000000 
taxon_16   9.0000000 9.0000000 0.7793147 0.7964691 0.7945436 9.0000000 0.8160015 9.0000000 9.0000000 0.8411547 0.8199697 0.7907073 0.7680925 1.9779608 1.5314488 0.0000000 1.6185029 1.5901977 0.7389626 0.6981303 9.0000000 0.8013047 9.0000000 9.0000000 9.0000000 9.0000000 0.8100882 0.8120541 9.0000000 0.7897512 
taxon_17   0.7916645 0.7653130 9.0000000 9.0000000 9.0000000 0.8199697 9.0000000 0.8130390 0.8259618 9.0000000 9.0000000 9.0000000 9.0000000 0.3612198 0.2317077 1.6185029 0.0000000 0.0970123 9.0000000 3.0808256 0.7178345 9.0000000 0.7169669 0.6781069 0.6913963 0.7570358 9.0000000 9.0000000 0.8239591 9.0000000 
taxon_18   0.8071489 0.7878429 9.0000000 9.0000000 9.0000000 0.8130390 9.0000000 0.7887964 0.8013047 9.0000000 9.0000000 9.0000000 9.0000000 0.3494423 0.2258288 1.5901977 0.0970123 0.0000000 9.0000000 3.2381161 0.7040726 9.0000000 0.7371791 0.6764622 0.7015202 0.7653130 9.0000000 9.0000000 0.8110705 9.0000000 
taxon_19   9.0000000 9.0000000 0.7868905 0.7821466 0.7727480 9.0000000 0.8219618 9.0000000 9.0000000 0.7878429 0.7840406 0.7708823 0.7764933 9.0000000 9.0000000 0.7389626 9.0000000 9.0000000 0.0000000 0.3086124 9.0000000 0.7552088 9.0000000 9.0000000 9.0000000 9.0000000 0.8032477 0.7783730 9.0000000 0.8022756 
taxon_20   9.0000000 9.0000000 0.7653130 0.7345116 0.7515680 9.0000000 0.7597847 9.0000000 9.0000000 0.7634657 0.7945436 0.7135067 0.7006713 9.0000000 2.5409640 0.6981303 3.0808256 3.2381161 0.3086124 0.0000000 9.0000000 0.6805808 4.7492932 2.9175331 9.0000000 9.0000000 0.7793147 0.7265657 9.0000000 0.7443390 
taxon_21   0.8120541 0.7964691 9.0000000 9.0000000 9.0000000 0.7859393 9.0000000 0.8051958 0.7916645 9.0000000 9.0000000 9.0000000 9.0000000 0.7092038 0.6847222 9.0000000 0.7178345 0.7040726 9.0000000 9.0000000 0.0000000 9.0000000 0.6022215 0.7300868 0.7461397 0.8269651 9.0000000 9.0000000 0.8130390 9.0000000 
taxon_22   9.0000000 9.0000000 0.7907073 0.8110705 0.8051958 9.0000000 0.8179830 9.0000000 9.0000000 0.7964691 0.8140252 0.7570358 0.7935827 9.0000000 9.0000000 0.8013047 9.0000000 9.0000000 0.7552088 0.6805808 9.0000000 0.0000000 3.9253341 9.0000000 9.0000000 9.0000000 0.7955057 0.7774326 9.0000000 0.7964691 
taxon_23   0.8003351 0.8279698 9.0000000 9.0000000 9.0000000 0.7916645 9.0000000 0.7945436 0.7983996 9.0000000 9.0000000 9.0000000 9.0000000 0.7389626 0.7204432 9.0000000 0.7169669 0.7371791 9.0000000 4.7492932 0.6022215 3.9253341 0.0000000 0.7221874 0.7274444 0.7840406 9.0000000 9.0000000 0.8289758 9.0000000 
taxon_24   0.7452388 0.6905588 9.0000000 9.0000000 9.0000000 0.7117826 9.0000000 0.7552088 0.7727480 9.0000000 9.0000000 9.0000000 9.0000000 0.6998233 0.6498322 9.0000000 0.6781069 0.6764622 9.0000000 2.9175331 0.7300868 9.0000000 0.7221874 0.0000000 0.5053353 0.7152348 9.0000000 9.0000000 0.7868905 9.0000000 
taxon_25   0.7680925 0.7461397 9.0000000 9.0000000 9.0000000 0.7092038 9.0000000 0.7643888 0.7607033 9.0000000 9.0000000 9.0000000 9.0000000 0.7049254 0.6781069 9.0000000 0.6913963 0.7015202 9.0000000 9.0000000 0.7461397 9.0000000 0.7274444 0.5053353 0.0000000 0.6202947 9.0000000 2.0564635 0.8022756 9.0000000 
taxon_26   0.7993668 0.7907073 9.0000000 9.0000000 9.0000000 0.8209651 9.0000000 0.7878429 0.8013047 9.0000000 9.0000000 9.0000000 9.0000000 0.7859393 0.7680925 9.0000000 0.7570358 0.7653130 9.0000000 9.0000000 0.8269651 9.0000000 0.7840406 0.7152348 0.6202947 0.0000000 9.0000000 9.0000000 0.7974338 9.0000000 
taxon_27   9.0000000 9.0000000 0.7926230 0.8071489 0.7955057 9.0000000 0.8051958 9.0000000 9.0000000 0.7983996 0.8239591 0.8239591 0.8003351 9.0000000 9.0000000 0.8100882 9.0000000 9.0000000 0.8032477 0.7793147 9.0000000 0.7955057 9.0000000 9.0000000 9.0000000 9.0000000 0.0000000 0.3467912 9.0000000 0.8150127 
taxon_28   9.0000000 9.0000000 0.7802575 0.8022756 0.7708823 9.0000000 0.7926230 9.0000000 9.0000000 0.7783730 0.7812014 0.8269651 0.7849893 9.0000000 9.0000000 0.8120541 9.0000000 9.0000000 0.7783730 0.7265657 9.0000000 0.7774326 9.0000000 9.0000000 2.0564635 9.0000000 0.3467912 0.0000000 9.0000000 0.8169916 
taxon_29   0.8249598 0.8110705 9.0000000 9.0000000 9.0000000 0.8042211 9.0000000 0.8061717 0.8150127 9.0000000 9.0000000 9.0000000 9.0000000 0.8239591 0.8259618 9.0000000 0.8239591 0.8110705 9.0000000 9.0000000 0.8130390 9.0000000 0.8289758 0.7868905 0.8022756 0.7974338 9.0000000 9.0000000 0.0000000 2.2110007 
taxon_30   9.0000000 9.0000000 0.8013047 0.7993668 0.7821466 9.0000000 0.8140252 9.0000000 9.0000000 0.8022756 0.8229598 0.8130390 0.8269651 9.0000000 9.0000000 0.7897512 9.0000000 9.0000000 0.8022756 0.7443390 9.0000000 0.7964691 9.0000000 9.0000000 9.0000000 9.0000000 0.8150127 0.8169916 2.2110007 0.0000000 
