30
taxon_1    0.0000000 0.4652324 0.7993668 9.0000000 9.0000000 9.0000000 0.8100882 0.8299833 0.8239592 9.0000000 0.8100882 0.8239592 9.0000000 0.8411548 0.8401323 9.0000000 0.8209651 9.0000000 9.0000000 9.0000000 0.7830930 0.8209651 0.8032478 9.0000000 9.0000000 9.0000000 9.0000000 9.0000000 9.0000000 0.8003352 
taxon_2    0.4652324 0.0000000 0.7802575 9.0000000 9.0000000 9.0000000 0.7935827 0.8130391 0.7736826 9.0000000 0.7830930 0.7746184 9.0000000 0.8081274 0.7793147 9.0000000 0.8239592 9.0000000 9.0000000 9.0000000 0.8032478 0.8259618 0.8189758 9.0000000 9.0000000 9.0000000 9.0000000 9.0000000 9.0000000 0.7452389 
taxon_3    0.7993668 0.7802575 0.0000000 2.5119282 9.0000000 9.0000000 0.7802575 0.8091072 0.8130391 9.0000000 0.8269652 0.8239592 9.0000000 0.7849894 0.7907073 9.0000000 0.8535347 9.0000000 9.0000000 9.0000000 0.8130391 0.8032478 0.8309920 9.0000000 9.0000000 9.0000000 9.0000000 9.0000000 9.0000000 0.8279699 
taxon_4    9.0000000 9.0000000 2.5119282 0.0000000 0.8110705 0.7907073 9.0000000 9.0000000 9.0000000 0.7479448 9.0000000 9.0000000 0.7983997 9.0000000 9.0000000 0.7727480 9.0000000 0.8442307 0.8608518 0.8401323 9.0000000 9.0000000 9.0000000 0.8150127 0.8462883 0.8421787 0.8320021 0.8411548 0.7256880 9.0000000 
taxon_5    9.0000000 9.0000000 9.0000000 0.8110705 0.0000000 0.2618136 9.0000000 9.0000000 2.4570257 0.8169916 9.0000000 9.0000000 0.8401323 9.0000000 9.0000000 0.7840406 9.0000000 0.8219618 0.7708824 0.8239592 9.0000000 9.0000000 9.0000000 0.8209651 0.8360562 0.7993668 0.8360562 0.7887965 0.7964692 9.0000000 
taxon_6    9.0000000 9.0000000 9.0000000 0.7907073 0.2618136 0.0000000 9.0000000 9.0000000 1.9460411 0.7718146 9.0000000 9.0000000 0.8071490 9.0000000 9.0000000 0.7793147 9.0000000 0.8179830 0.7887965 0.8160015 9.0000000 9.0000000 9.0000000 0.8380915 0.8309920 0.8199698 0.8411548 0.8042212 0.7764934 9.0000000 
taxon_7    0.8100882 0.7935827 0.7802575 9.0000000 9.0000000 9.0000000 0.0000000 0.6930742 0.6066991 9.0000000 0.8042212 0.8239592 9.0000000 0.7916646 0.8032478 9.0000000 0.8279699 9.0000000 9.0000000 9.0000000 0.8421787 0.8370731 0.8391112 9.0000000 9.0000000 9.0000000 9.0000000 9.0000000 9.0000000 0.7993668 
taxon_8    0.8299833 0.8130391 0.8091072 9.0000000 9.0000000 9.0000000 0.6930742 0.0000000 0.2936717 9.0000000 0.7926230 0.8081274 9.0000000 0.8259618 0.8229598 9.0000000 0.8421787 9.0000000 9.0000000 9.0000000 0.8289759 0.8391112 0.7926230 9.0000000 9.0000000 9.0000000 9.0000000 9.0000000 9.0000000 0.7588673 
taxon_9    0.8239592 0.7736826 0.8130391 9.0000000 2.4570257 1.9460411 0.6066991 0.2936717 0.0000000 9.0000000 0.7993668 0.8051958 9.0000000 0.7849894 0.7907073 9.0000000 0.8169916 9.0000000 9.0000000 9.0000000 0.8160015 0.8299833 0.8239592 9.0000000 9.0000000 9.0000000 9.0000000 9.0000000 9.0000000 0.7671649 
taxon_10   9.0000000 9.0000000 9.0000000 0.7479448 0.8169916 0.7718146 9.0000000 9.0000000 9.0000000 0.0000000 9.0000000 9.0000000 0.6466676 9.0000000 9.0000000 0.6930742 9.0000000 0.8432040 0.7974338 0.8051958 9.0000000 9.0000000 9.0000000 0.7993668 0.7878429 0.8051958 0.8071490 0.8160015 0.6210573 9.0000000 
taxon_11   0.8100882 0.7830930 0.8269652 9.0000000 9.0000000 9.0000000 0.8042212 0.7926230 0.7993668 9.0000000 0.0000000 0.7470417 9.0000000 0.8483515 0.7897513 9.0000000 0.7793147 9.0000000 9.0000000 9.0000000 0.8032478 0.8483515 0.8535347 9.0000000 9.0000000 9.0000000 9.0000000 9.0000000 9.0000000 0.8061718 
taxon_12   0.8239592 0.7746184 0.8239592 9.0000000 9.0000000 9.0000000 0.8239592 0.8081274 0.8051958 9.0000000 0.7470417 0.0000000 0.7690213 0.8179830 0.8091072 9.0000000 0.8401323 9.0000000 9.0000000 9.0000000 0.8150127 0.8091072 0.8071490 9.0000000 9.0000000 9.0000000 9.0000000 9.0000000 9.0000000 0.7887965 
taxon_13   9.0000000 9.0000000 9.0000000 0.7983997 0.8401323 0.8071490 9.0000000 9.0000000 9.0000000 0.6466676 9.0000000 0.7690213 0.0000000 9.0000000 9.0000000 0.7916646 9.0000000 0.8279699 0.8421787 0.8100882 9.0000000 9.0000000 9.0000000 0.8299833 0.8493853 0.8380915 0.8350406 0.8380915 0.7708824 9.0000000 
taxon_14   0.8411548 0.8081274 0.7849894 9.0000000 9.0000000 9.0000000 0.7916646 0.8259618 0.7849894 9.0000000 0.8483515 0.8179830 9.0000000 0.0000000 0.4821575 9.0000000 0.8360562 9.0000000 9.0000000 9.0000000 0.8279699 0.8013048 0.8462883 9.0000000 9.0000000 9.0000000 9.0000000 9.0000000 9.0000000 0.7389627 
taxon_15   0.8401323 0.7793147 0.7907073 9.0000000 9.0000000 9.0000000 0.8032478 0.8229598 0.7907073 9.0000000 0.7897513 0.8091072 9.0000000 0.4821575 0.0000000 9.0000000 0.7964692 9.0000000 9.0000000 9.0000000 0.8120542 0.8013048 0.8091072 9.0000000 9.0000000 9.0000000 9.0000000 9.0000000 9.0000000 0.7213148 
taxon_16   9.0000000 9.0000000 9.0000000 0.7727480 0.7840406 0.7793147 9.0000000 9.0000000 9.0000000 0.6930742 9.0000000 9.0000000 0.7916646 9.0000000 9.0000000 0.0000000 9.0000000 0.8219618 0.7515680 0.7916646 9.0000000 9.0000000 9.0000000 0.7309697 0.8150127 0.8140252 0.8330136 0.7643888 0.4840618 3.2381161 
taxon_17   0.8209651 0.8239592 0.8535347 9.0000000 9.0000000 9.0000000 0.8279699 0.8421787 0.8169916 9.0000000 0.7793147 0.8401323 9.0000000 0.8360562 0.7964692 9.0000000 0.0000000 3.8097211 1.6509244 9.0000000 0.7542969 0.8081274 0.7213148 9.0000000 9.0000000 9.0000000 9.0000000 9.0000000 9.0000000 0.7671649 
taxon_18   9.0000000 9.0000000 9.0000000 0.8442307 0.8219618 0.8179830 9.0000000 9.0000000 9.0000000 0.8432040 9.0000000 9.0000000 0.8279699 9.0000000 9.0000000 0.8219618 3.8097211 0.0000000 0.4609060 0.7774326 9.0000000 9.0000000 9.0000000 0.8269652 0.8003352 0.8140252 0.7783731 0.7802575 0.7764934 9.0000000 
taxon_19   9.0000000 9.0000000 9.0000000 0.8608518 0.7708824 0.7887965 9.0000000 9.0000000 9.0000000 0.7974338 9.0000000 9.0000000 0.8421787 9.0000000 9.0000000 0.7515680 1.6509244 0.4609060 0.0000000 0.7764934 9.0000000 9.0000000 9.0000000 0.7461398 0.7830930 0.7830930 0.7552088 0.7066339 0.6947558 9.0000000 
taxon_20   9.0000000 9.0000000 9.0000000 0.8401323 0.8239592 0.8160015 9.0000000 9.0000000 9.0000000 0.8051958 9.0000000 9.0000000 0.8100882 9.0000000 9.0000000 0.7916646 9.0000000 0.7774326 0.7764934 0.0000000 9.0000000 9.0000000 9.0000000 0.7274444 0.7821467 0.7746184 0.7625438 0.7425426 0.7336246 9.0000000 
taxon_21   0.7830930 0.8032478 0.8130391 9.0000000 9.0000000 9.0000000 0.8421787 0.8289759 0.8160015 9.0000000 0.8032478 0.8150127 9.0000000 0.8279699 0.8120542 9.0000000 0.7542969 9.0000000 9.0000000 9.0000000 0.0000000 0.7542969 0.6218206 3.2135237 9.0000000 9.0000000 9.0000000 5.2691537 9.0000000 0.7840406 
taxon_22   0.8209651 0.8259618 0.8032478 9.0000000 9.0000000 9.0000000 0.8370731 0.8391112 0.8299833 9.0000000 0.8483515 0.8091072 9.0000000 0.8013048 0.8013048 9.0000000 0.8081274 9.0000000 9.0000000 9.0000000 0.7542969 0.0000000 0.5962926 9.0000000 9.0000000 9.0000000 9.0000000 9.0000000 9.0000000 0.8229598 
taxon_23   0.8032478 0.8189758 0.8309920 9.0000000 9.0000000 9.0000000 0.8391112 0.7926230 0.8239592 9.0000000 0.8535347 0.8071490 9.0000000 0.8462883 0.8091072 9.0000000 0.7213148 9.0000000 9.0000000 9.0000000 0.6218206 0.5962926 0.0000000 1.4041850 4.1410953 2.7182550 2.0260542 1.3438196 9.0000000 0.7561218 
taxon_24   9.0000000 9.0000000 9.0000000 0.8150127 0.8209651 0.8380915 9.0000000 9.0000000 9.0000000 0.7993668 9.0000000 9.0000000 0.8299833 9.0000000 9.0000000 0.7309697 9.0000000 0.8269652 0.7461398 0.7274444 3.2135237 9.0000000 1.4041850 0.0000000 0.6066991 0.5560531 0.4777327 0.3558435 0.7074895 9.0000000 
taxon_25   9.0000000 9.0000000 9.0000000 0.8462883 0.8360562 0.8309920 9.0000000 9.0000000 9.0000000 0.7878429 9.0000000 9.0000000 0.8493853 9.0000000 9.0000000 0.8150127 9.0000000 0.8003352 0.7830930 0.7821467 9.0000000 9.0000000 4.1410953 0.6066991 0.0000000 0.4885242 0.3622998 0.5232011 0.7461398 9.0000000 
taxon_26   9.0000000 9.0000000 9.0000000 0.8421787 0.7993668 0.8199698 9.0000000 9.0000000 9.0000000 0.8051958 9.0000000 9.0000000 0.8380915 9.0000000 9.0000000 0.8140252 9.0000000 0.8140252 0.7830930 0.7746184 9.0000000 9.0000000 2.7182550 0.5560531 0.4885242 0.0000000 0.3061015 0.5014222 0.7849894 9.0000000 
taxon_27   9.0000000 9.0000000 9.0000000 0.8320021 0.8360562 0.8411548 9.0000000 9.0000000 9.0000000 0.8071490 9.0000000 9.0000000 0.8350406 9.0000000 9.0000000 0.8330136 9.0000000 0.7783731 0.7552088 0.7625438 9.0000000 9.0000000 2.0260542 0.4777327 0.3622998 0.3061015 0.0000000 0.3903764 0.7579510 9.0000000 
taxon_28   9.0000000 9.0000000 9.0000000 0.8411548 0.7887965 0.8042212 9.0000000 9.0000000 9.0000000 0.8160015 9.0000000 9.0000000 0.8380915 9.0000000 9.0000000 0.7643888 9.0000000 0.7802575 0.7066339 0.7425426 5.2691537 9.0000000 1.3438196 0.3558435 0.5232011 0.5014222 0.3903764 0.0000000 0.6789307 9.0000000 
taxon_29   9.0000000 9.0000000 9.0000000 0.7256880 0.7964692 0.7764934 9.0000000 9.0000000 9.0000000 0.6210573 9.0000000 9.0000000 0.7708824 9.0000000 9.0000000 0.4840618 9.0000000 0.7764934 0.6947558 0.7336246 9.0000000 9.0000000 9.0000000 0.7074895 0.7461398 0.7849894 0.7579510 0.6789307 0.0000000 1.3418223 
taxon_30   0.8003352 0.7452389 0.8279699 9.0000000 9.0000000 9.0000000 0.7993668 0.7588673 0.7671649 9.0000000 0.8061718 0.7887965 9.0000000 0.7389627 0.7213148 3.2381161 0.7671649 9.0000000 9.0000000 9.0000000 0.7840406 0.8229598 0.7561218 9.0000000 9.0000000 9.0000000 9.0000000 9.0000000 1.3418223 0.0000000 
