30
taxon_1    0.0000000 0.8785835 1.2706758 1.1067775 0.8023228 1.9612198 2.1161805 2.0533165 2.2407263 2.2703354 2.9159441 3.3567841 2.6913067 3.1682975 2.1670475 1.7683026 2.1497057 2.1758711 2.8925047 2.8697757 2.3224396 1.9883721 1.6582329 2.0919849 2.3117252 2.9651421 4.8162140 9.0000000 2.4020593 2.0999637 
taxon_2    0.8785835 0.0000000 1.1196903 0.9617246 0.7422362 1.6626972 2.2504667 2.1938360 2.4911475 2.2122419 2.2703354 2.4141561 3.2381158 4.0995831 2.0762775 1.6449973 2.0165444 2.1670475 2.8262852 2.1938360 2.5047842 1.6808250 1.6319912 2.3333094 2.1938360 9.0000000 3.8149649 2.7654411 2.3668969 2.2603352 
taxon_3    1.2706758 1.1196903 0.0000000 0.3646493 0.9795189 2.0094015 2.5769552 2.4264522 2.0023260 2.8262852 2.0533165 2.3443390 2.9159441 3.0455762 2.3901544 2.3117252 2.7274582 2.4516647 2.3011616 2.2216170 2.5619547 2.1938360 1.6994018 2.8054503 2.8054503 2.6078873 3.2381158 2.2804707 2.7091647 2.1938360 
taxon_4    1.1067775 0.9617246 0.3646493 0.0000000 0.8785835 1.7330613 2.4911475 2.3224396 1.8499046 2.7462086 2.0608923 2.1847998 3.5514175 3.4478047 2.6738640 2.1244224 2.6078873 2.1327558 2.6078873 2.3784356 2.6078873 2.1244224 1.5741112 3.1356835 2.8054503 3.3151067 3.0177952 2.3011616 3.0177952 2.1080283 
taxon_5    0.8023228 0.7422362 0.9795189 0.8785835 0.0000000 1.4103431 1.6493833 1.6406368 1.6234441 1.8161912 2.0533165 2.2311108 2.5328249 2.5186735 1.6149933 1.3144041 1.8614878 2.1583264 2.5047842 2.2907448 2.3443390 1.6277055 1.2343993 1.7892099 2.2603352 2.9401397 9.0000000 9.0000000 2.2603352 1.7330613 
taxon_6    1.9612198 1.6626972 2.0094015 1.7330613 1.4103431 0.0000000 1.8217059 2.3117252 1.6762518 2.5619547 2.4777543 2.3333094 2.1327558 1.9612198 1.9480028 1.9222494 2.1847998 2.5922618 2.3784356 2.1161805 2.3117252 1.9350156 1.5057094 2.2504667 2.8262852 2.9401397 2.7274582 2.8925047 2.7274582 2.0094015 
taxon_7    2.1161805 2.2504667 2.5769552 2.4911475 1.6493833 1.8217059 0.0000000 1.2653848 1.0014459 2.3333094 3.0455762 2.7654411 2.9910067 3.6091383 2.1497057 1.7580636 2.6568179 2.5186735 9.0000000 3.4478047 2.8477151 2.4516647 2.1327558 2.2504667 2.5047842 4.3753767 3.4978232 9.0000000 2.4645960 2.3333094 
taxon_8    2.0533165 2.1938360 2.4264522 2.3224396 1.6406368 2.3117252 1.2653848 0.0000000 0.9670187 3.1044299 3.9922575 9.0000000 3.0177952 3.1682975 1.9350156 1.9096969 2.3224396 2.4911475 3.3151067 3.9922575 2.9651421 2.2407263 2.0458165 2.3784356 2.2216170 3.3567841 9.0000000 3.7399032 2.6913067 2.5328249 
taxon_9    2.2407263 2.4911475 2.0023260 1.8499046 1.6234441 1.6762518 1.0014459 0.9670187 0.0000000 2.8697757 2.7091647 2.5922618 2.3668969 2.3555331 2.1327558 1.9286054 2.1080283 2.5619547 2.4777543 2.4645960 3.0744259 2.1670475 1.5901976 2.5769552 2.5922618 2.6078873 2.8697757 3.4009145 2.8697757 1.9222494 
taxon_10   2.2703354 2.2122419 2.8262852 2.7462086 1.8161912 2.5619547 2.3333094 3.1044299 2.8697757 0.0000000 0.8645498 0.7771574 3.2023945 2.6238451 1.6626972 1.5467645 1.9034986 2.0762775 2.2603352 2.1080283 2.1327558 1.6762518 1.3228947 1.9222494 2.5328249 3.0455762 9.0000000 3.4978232 2.4389525 2.2216170 
taxon_11   2.9159441 2.2703354 2.0533165 2.0608923 2.0533165 2.4777543 3.0455762 3.9922575 2.7091647 0.8645498 0.0000000 0.4396702 2.3333094 2.0094015 2.2122419 1.8732527 2.2804707 2.7091647 2.1670475 2.0383907 2.5186735 2.3011616 1.5701430 2.5328249 2.9910067 2.9159441 2.9910067 2.3011616 3.0455762 2.2804707 
taxon_12   3.3567841 2.4141561 2.3443390 2.1847998 2.2311108 2.3333094 2.7654411 9.0000000 2.5922618 0.7771574 0.4396702 0.0000000 2.4645960 2.2216170 2.2504667 1.7892099 2.4516647 2.5328249 2.0608923 1.9480028 2.6568179 2.0533165 1.4265075 2.3443390 2.4264522 2.6078873 3.3567841 2.3224396 2.8054503 1.9480028 
taxon_13   2.6913067 3.2381158 2.9159441 3.5514175 2.5328249 2.1327558 2.9910067 3.0177952 2.3668969 3.2023945 2.3333094 2.4645960 0.0000000 0.1956277 1.9286054 2.2804707 2.9401397 4.5638625 2.4264522 2.5328249 3.8149649 2.6078873 1.7998862 2.4389525 3.4978232 2.2504667 2.5619547 2.6401505 3.0177952 2.3011616 
taxon_14   3.1682975 4.0995831 3.0455762 3.4478047 2.5186735 1.9612198 3.6091383 3.1682975 2.3555331 2.6238451 2.0094015 2.2216170 0.1956277 0.0000000 1.7839282 2.1080283 2.5769552 3.3151067 2.3117252 2.1938360 2.8054503 2.2603352 1.6762518 2.3117252 9.0000000 2.6078873 2.8697757 2.4911475 2.8477151 2.3224396 
taxon_15   2.1670475 2.0762775 2.3901544 2.6738640 1.6149933 1.9480028 2.1497057 1.9350156 2.1327558 1.6626972 2.2122419 2.2504667 1.9286054 1.7839282 0.0000000 1.3257464 2.1161805 1.8556739 2.1758711 2.7851790 2.4264522 1.5901976 1.2243489 2.0094015 2.2907448 3.2381158 3.7399032 9.0000000 1.9883721 2.1497057 
taxon_16   1.7683026 1.6449973 2.3117252 2.1244224 1.3144041 1.9222494 1.7580636 1.9096969 1.9286054 1.5467645 1.8732527 1.7892099 2.2804707 2.1080283 1.3257464 0.0000000 1.3548763 1.5130088 1.8217059 1.7580636 1.6626972 1.0355858 0.7126441 1.6406368 2.2703354 2.6568179 3.6091383 3.4478047 2.0458165 1.8499046 
taxon_17   2.1497057 2.0165444 2.7274582 2.6078873 1.8614878 2.1847998 2.6568179 2.3224396 2.1080283 1.9034986 2.2804707 2.4516647 2.9401397 2.5769552 2.1161805 1.3548763 0.0000000 1.4199998 1.5544766 1.4565115 1.5057094 0.8080317 1.1240444 2.2407263 2.6568179 9.0000000 9.0000000 9.0000000 2.5619547 3.3151067 
taxon_18   2.1758711 2.1670475 2.4516647 2.1327558 2.1583264 2.5922618 2.5186735 2.4911475 2.5619547 2.0762775 2.7091647 2.5328249 4.5638625 3.3151067 1.8556739 1.5130088 1.4199998 0.0000000 1.4842283 1.4463762 1.8912535 1.1973852 1.4842283 2.2122419 2.5619547 6.0226461 3.8149649 9.0000000 2.7274582 2.7851790 
taxon_19   2.8925047 2.8262852 2.3011616 2.6078873 2.5047842 2.3784356 9.0000000 3.3151067 2.4777543 2.2603352 2.1670475 2.0608923 2.4264522 2.3117252 2.1758711 1.8217059 1.5544766 1.4842283 0.0000000 1.0940832 1.9480028 1.2575176 1.3698768 2.7851790 9.0000000 2.7274582 2.8477151 2.8054503 9.0000000 2.6568179 
taxon_20   2.8697757 2.1938360 2.2216170 2.3784356 2.2907448 2.1161805 3.4478047 3.9922575 2.4645960 2.1080283 2.0383907 1.9480028 2.5328249 2.1938360 2.7851790 1.7580636 1.4565115 1.4463762 1.0940832 0.0000000 1.9814913 1.2627532 1.3882826 2.6238451 2.9159441 2.9651421 2.9159441 2.5186735 3.1044299 2.5328249 
taxon_21   2.3224396 2.5047842 2.5619547 2.6078873 2.3443390 2.3117252 2.8477151 2.9651421 3.0744259 2.1327558 2.5186735 2.6568179 3.8149649 2.8054503 2.4264522 1.6626972 1.5057094 1.8912535 1.9480028 1.9814913 0.0000000 1.1372606 1.6808250 2.6078873 2.6401505 9.0000000 4.2248707 9.0000000 2.6738640 3.1356835 
taxon_22   1.9883721 1.6808250 2.1938360 2.1244224 1.6277055 1.9350156 2.4516647 2.2407263 2.1670475 1.6762518 2.3011616 2.0533165 2.6078873 2.2603352 1.5901976 1.0355858 0.8080317 1.1973852 1.2575176 1.2627532 1.1372606 0.0000000 0.7980695 1.9480028 2.5328249 4.0995831 9.0000000 9.0000000 2.2804707 2.5472484 
taxon_23   1.6582329 1.6319912 1.6994018 1.5741112 1.2343993 1.5057094 2.1327558 2.0458165 1.5901976 1.3228947 1.5701430 1.4265075 1.7998862 1.6762518 1.2243489 0.7126441 1.1240444 1.4842283 1.3698768 1.3882826 1.6808250 0.7980695 0.0000000 1.4913205 2.4020593 2.4516647 2.3784356 2.6913067 2.0762775 1.4984805 
taxon_24   2.0919849 2.3333094 2.8054503 3.1356835 1.7892099 2.2504667 2.2504667 2.3784356 2.5769552 1.9222494 2.5328249 2.3443390 2.4389525 2.3117252 2.0094015 1.6406368 2.2407263 2.2122419 2.7851790 2.6238451 2.6078873 1.9480028 1.4913205 0.0000000 1.7945290 2.9159441 2.6913067 2.7851790 1.8792051 1.2894940 
taxon_25   2.3117252 2.1938360 2.8054503 2.8054503 2.2603352 2.8262852 2.5047842 2.2216170 2.5922618 2.5328249 2.9910067 2.4264522 3.4978232 9.0000000 2.2907448 2.2703354 2.6568179 2.5619547 9.0000000 2.9159441 2.6401505 2.5328249 2.4020593 1.7945290 0.0000000 2.4645960 2.1327558 2.6401505 1.5467645 1.2894940 
taxon_26   2.9651421 9.0000000 2.6078873 3.3151067 2.9401397 2.9401397 4.3753767 3.3567841 2.6078873 3.0455762 2.9159441 2.6078873 2.2504667 2.6078873 3.2381158 2.6568179 9.0000000 6.0226461 2.7274582 2.9651421 9.0000000 4.0995831 2.4516647 2.9159441 2.4645960 0.0000000 1.5130088 2.2703354 1.6234441 2.0237560 
taxon_27   4.8162140 3.8149649 3.2381158 3.0177952 9.0000000 2.7274582 3.4978232 9.0000000 2.8697757 9.0000000 2.9910067 3.3567841 2.5619547 2.8697757 3.7399032 3.6091383 9.0000000 3.8149649 2.8477151 2.9159441 4.2248707 9.0000000 2.3784356 2.6913067 2.1327558 1.5130088 0.0000000 1.8912535 1.1667206 1.6192068 
taxon_28   9.0000000 2.7654411 2.2804707 2.3011616 9.0000000 2.8925047 9.0000000 3.7399032 3.4009145 3.4978232 2.3011616 2.3224396 2.6401505 2.4911475 9.0000000 3.4478047 9.0000000 9.0000000 2.8054503 2.5186735 9.0000000 9.0000000 2.6913067 2.7851790 2.6401505 2.2703354 1.8912535 0.0000000 1.5467645 1.9222494 
taxon_29   2.4020593 2.3668969 2.7091647 3.0177952 2.2603352 2.7274582 2.4645960 2.6913067 2.8697757 2.4389525 3.0455762 2.8054503 3.0177952 2.8477151 1.9883721 2.0458165 2.5619547 2.7274582 9.0000000 3.1044299 2.6738640 2.2804707 2.0762775 1.8792051 1.5467645 1.6234441 1.1667206 1.5467645 0.0000000 1.3489591 
taxon_30   2.0999637 2.2603352 2.1938360 2.1080283 1.7330613 2.0094015 2.3333094 2.5328249 1.9222494 2.2216170 2.2804707 1.9480028 2.3011616 2.3224396 2.1497057 1.8499046 3.3151067 2.7851790 2.6568179 2.5328249 3.1356835 2.5472484 1.4984805 1.2894940 1.2894940 2.0237560 1.6192068 1.9222494 1.3489591 0.0000000 
