30
taxon_1    0.0000000 4.0043545 2.1337619 9.0000000 9.0000000 1.1549339 1.1475081 1.1700098 1.1456631 9.0000000 1.1493576 9.0000000 1.1475081 9.0000000 9.0000000 1.1815189 1.1568019 9.0000000 9.0000000 1.2191755 1.2273499 1.1586745 9.0000000 9.0000000 9.0000000 1.2232516 9.0000000 1.1568019 1.1346873 9.0000000 
taxon_2    4.0043545 0.0000000 0.5707475 1.2717917 1.1419866 9.0000000 9.0000000 9.0000000 9.0000000 1.2090811 9.0000000 1.2131026 9.0000000 1.1662123 1.1932075 9.0000000 9.0000000 1.1912467 1.2314708 9.0000000 9.0000000 9.0000000 1.2050811 1.1951734 1.2356145 9.0000000 1.2418732 9.0000000 9.0000000 1.2783611 
taxon_3    2.1337619 0.5707475 0.0000000 1.2439711 1.1795884 9.0000000 9.0000000 9.0000000 9.0000000 1.2030891 9.0000000 1.1681086 9.0000000 1.1401551 1.1456631 9.0000000 9.0000000 1.1662123 1.2314708 9.0000000 9.0000000 9.0000000 1.1643207 1.2916750 1.1951734 9.0000000 1.1834544 9.0000000 9.0000000 1.1310641 
taxon_4    9.0000000 1.2717917 1.2439711 0.0000000 0.9049823 9.0000000 9.0000000 9.0000000 9.0000000 1.1643207 9.0000000 1.2545495 9.0000000 1.1776629 1.2131026 9.0000000 9.0000000 1.1328735 1.1971445 9.0000000 9.0000000 9.0000000 1.1383280 1.2070784 1.1530705 9.0000000 1.1586745 9.0000000 9.0000000 1.1776629 
taxon_5    9.0000000 1.1419866 1.1795884 0.9049823 0.0000000 9.0000000 9.0000000 9.0000000 3.0767823 1.1834544 9.0000000 1.1643207 9.0000000 1.1643207 1.1681086 9.0000000 9.0000000 1.0888984 1.1605519 9.0000000 9.0000000 3.0298922 1.0604033 1.3213592 1.1892910 9.0000000 1.1530705 9.0000000 4.4451945 1.0923231 
taxon_6    1.1549339 9.0000000 9.0000000 9.0000000 9.0000000 0.0000000 0.9838541 1.0377234 0.9184718 9.0000000 1.2070784 9.0000000 1.1586745 9.0000000 9.0000000 1.2171457 1.1681086 5.6522725 9.0000000 1.1549339 1.2609690 1.0345387 9.0000000 9.0000000 9.0000000 1.1328735 9.0000000 1.1202983 1.0770337 9.0000000 
taxon_7    1.1475081 9.0000000 9.0000000 9.0000000 9.0000000 0.9838541 0.0000000 0.9130469 0.6912288 9.0000000 1.1624339 9.0000000 1.2070784 9.0000000 9.0000000 1.1932075 1.1328735 9.0000000 9.0000000 1.0686724 1.2481846 1.0361294 5.6522725 9.0000000 9.0000000 1.1776629 9.0000000 1.1096849 1.0110749 9.0000000 
taxon_8    1.1700098 9.0000000 9.0000000 9.0000000 9.0000000 1.0377234 0.9130469 0.0000000 0.4805105 9.0000000 1.1932075 9.0000000 1.1738266 9.0000000 9.0000000 1.1401551 1.1096849 9.0000000 9.0000000 1.1238698 1.2783611 1.0974896 9.0000000 9.0000000 9.0000000 1.1643207 9.0000000 1.1274583 1.0888984 9.0000000 
taxon_9    1.1456631 9.0000000 9.0000000 9.0000000 3.0767823 0.9184718 0.6912288 0.4805105 0.0000000 9.0000000 1.1700098 9.0000000 1.1419866 9.0000000 9.0000000 1.1310641 1.0992197 2.6199845 9.0000000 1.0974896 1.2961660 0.9943229 3.3339911 9.0000000 9.0000000 1.1951734 9.0000000 1.0571211 0.9735295 9.0000000 
taxon_10   9.0000000 1.2090811 1.2030891 1.1643207 1.1834544 9.0000000 9.0000000 9.0000000 9.0000000 0.0000000 9.0000000 1.0157093 3.6729799 1.0172605 0.9476152 2.7034037 9.0000000 1.1096849 1.2070784 9.0000000 9.0000000 9.0000000 1.0957634 1.1624339 1.2314708 9.0000000 1.1530705 9.0000000 9.0000000 1.1757423 
taxon_11   1.1493576 9.0000000 9.0000000 9.0000000 9.0000000 1.2070784 1.1624339 1.1932075 1.1700098 9.0000000 0.0000000 2.2212397 0.9619013 2.4344284 2.1201253 1.0126165 1.0126165 9.0000000 9.0000000 1.2739751 1.2050811 1.1365054 9.0000000 9.0000000 9.0000000 1.2191755 9.0000000 1.2356145 1.1991208 9.0000000 
taxon_12   9.0000000 1.2131026 1.1681086 1.2545495 1.1643207 9.0000000 9.0000000 9.0000000 9.0000000 1.0157093 2.2212397 0.0000000 1.7130679 0.7563045 0.7167936 2.4552630 2.0679303 1.0361294 1.1815189 9.0000000 9.0000000 9.0000000 1.0804045 1.1971445 1.1795884 9.0000000 1.1292590 9.0000000 9.0000000 1.0940413 
taxon_13   1.1475081 9.0000000 9.0000000 9.0000000 9.0000000 1.1586745 1.2070784 1.1738266 1.1419866 3.6729799 0.9619013 1.7130679 0.0000000 0.3891431 0.9433819 1.0095364 0.9575869 9.0000000 9.0000000 1.1662123 1.1834544 1.0804045 9.0000000 9.0000000 9.0000000 1.2191755 9.0000000 1.1114434 1.0940413 9.0000000 
taxon_14   9.0000000 1.1662123 1.1401551 1.1776629 1.1643207 9.0000000 9.0000000 9.0000000 9.0000000 1.0172605 2.4344284 0.7563045 0.3891431 0.0000000 0.4463800 3.0298922 2.2368653 1.0587604 1.1662123 9.0000000 9.0000000 9.0000000 1.1026919 1.2418732 1.3098028 9.0000000 1.1873404 9.0000000 9.0000000 1.1256619 
taxon_15   9.0000000 1.1932075 1.1456631 1.2131026 1.1681086 9.0000000 9.0000000 9.0000000 9.0000000 0.9476152 2.1201253 0.7167936 0.9433819 0.4463800 0.0000000 2.4659015 2.0806425 1.1044340 1.1738266 9.0000000 9.0000000 9.0000000 1.0522244 1.2070784 1.2545495 9.0000000 1.1700098 9.0000000 5.1324010 1.1346873 
taxon_16   1.1815189 9.0000000 9.0000000 9.0000000 9.0000000 1.2171457 1.1932075 1.1401551 1.1310641 2.7034037 1.0126165 2.4552630 1.0095364 3.0298922 2.4659015 0.0000000 0.9266836 9.0000000 9.0000000 1.1202983 1.2524219 1.1185190 9.0000000 9.0000000 9.0000000 1.1873404 9.0000000 1.1438226 1.0804045 9.0000000 
taxon_17   1.1568019 9.0000000 9.0000000 9.0000000 9.0000000 1.1681086 1.1328735 1.1096849 1.0992197 9.0000000 1.0126165 2.0679303 0.9575869 2.2368653 2.0806425 0.9266836 0.0000000 9.0000000 9.0000000 1.1456631 1.1493576 1.0820956 9.0000000 9.0000000 9.0000000 1.1681086 9.0000000 1.2090811 1.1044340 9.0000000 
taxon_18   9.0000000 1.1912467 1.1662123 1.1328735 1.0888984 5.6522725 9.0000000 9.0000000 2.6199845 1.1096849 9.0000000 1.0361294 9.0000000 1.0587604 1.1044340 9.0000000 9.0000000 0.0000000 1.1512118 3.7885924 9.0000000 1.6563658 0.8956819 1.2131026 1.1185190 9.0000000 1.0957634 2.2059331 1.8365757 1.0157093 
taxon_19   9.0000000 1.2314708 1.2314708 1.1971445 1.1605519 9.0000000 9.0000000 9.0000000 9.0000000 1.2070784 9.0000000 1.1815189 9.0000000 1.1662123 1.1738266 9.0000000 9.0000000 1.1512118 0.0000000 1.3283796 9.0000000 3.0298922 1.1149729 1.2050811 1.1419866 9.0000000 1.2566833 9.0000000 9.0000000 1.1274583 
taxon_20   1.2191755 9.0000000 9.0000000 9.0000000 9.0000000 1.1549339 1.0686724 1.1238698 1.0974896 9.0000000 1.2739751 9.0000000 1.1662123 9.0000000 9.0000000 1.1202983 1.1456631 3.7885924 1.3283796 0.0000000 1.1815189 0.8761326 3.0767823 9.0000000 9.0000000 1.1853949 9.0000000 1.1079306 0.9988546 9.0000000 
taxon_21   1.2273499 9.0000000 9.0000000 9.0000000 9.0000000 1.2609690 1.2481846 1.2783611 1.2961660 9.0000000 1.2050811 9.0000000 1.1834544 9.0000000 9.0000000 1.2524219 1.1493576 9.0000000 9.0000000 1.1815189 0.0000000 0.9619013 3.3688811 9.0000000 9.0000000 1.1568019 9.0000000 1.1167438 1.0837905 9.0000000 
taxon_22   1.1586745 9.0000000 9.0000000 9.0000000 3.0298922 1.0345387 1.0361294 1.0974896 0.9943229 9.0000000 1.1365054 9.0000000 1.0804045 9.0000000 9.0000000 1.1185190 1.0820956 1.6563658 3.0298922 0.8761326 0.9619013 0.0000000 1.2030891 4.1928403 2.3564361 1.0620499 3.3688811 0.6912288 0.5036366 2.2774157 
taxon_23   9.0000000 1.2050811 1.1643207 1.1383280 1.0604033 9.0000000 5.6522725 9.0000000 3.3339911 1.0957634 9.0000000 1.0804045 9.0000000 1.1026919 1.0522244 9.0000000 9.0000000 0.8956819 1.1149729 3.0767823 3.3688811 1.2030891 0.0000000 1.0489777 0.9590223 4.0043545 1.0361294 1.2151214 0.9391723 0.9619013 
taxon_24   9.0000000 1.1951734 1.2916750 1.2070784 1.3213592 9.0000000 9.0000000 9.0000000 9.0000000 1.1624339 9.0000000 1.1971445 9.0000000 1.2418732 1.2070784 9.0000000 9.0000000 1.2131026 1.2050811 9.0000000 9.0000000 4.1928403 1.0489777 0.0000000 0.3931862 2.9857618 1.0940413 1.8648809 2.1983953 1.2090811 
taxon_25   9.0000000 1.2356145 1.1951734 1.1530705 1.1892910 9.0000000 9.0000000 9.0000000 9.0000000 1.2314708 9.0000000 1.1795884 9.0000000 1.3098028 1.2545495 9.0000000 9.0000000 1.1185190 1.1419866 9.0000000 9.0000000 2.3564361 0.9590223 0.3931862 0.0000000 2.2290118 0.9676929 1.3546980 1.6313038 1.1912467 
taxon_26   1.2232516 9.0000000 9.0000000 9.0000000 9.0000000 1.1328735 1.1776629 1.1643207 1.1951734 9.0000000 1.2191755 9.0000000 1.2191755 9.0000000 9.0000000 1.1873404 1.1681086 9.0000000 9.0000000 1.1853949 1.1568019 1.0620499 4.0043545 2.9857618 2.2290118 0.0000000 1.2171457 0.7933907 0.8684533 9.0000000 
taxon_27   9.0000000 1.2418732 1.1834544 1.1586745 1.1530705 9.0000000 9.0000000 9.0000000 9.0000000 1.1530705 9.0000000 1.1292590 9.0000000 1.1873404 1.1700098 9.0000000 9.0000000 1.0957634 1.2566833 9.0000000 9.0000000 3.3688811 1.0361294 1.0940413 0.9676929 1.2171457 0.0000000 1.6975233 2.1689798 1.2674438 
taxon_28   1.1568019 9.0000000 9.0000000 9.0000000 9.0000000 1.1202983 1.1096849 1.1274583 1.0571211 9.0000000 1.2356145 9.0000000 1.1114434 9.0000000 9.0000000 1.1438226 1.2090811 2.2059331 9.0000000 1.1079306 1.1167438 0.6912288 1.2151214 1.8648809 1.3546980 0.7933907 1.6975233 0.0000000 0.3315967 4.0926915 
taxon_29   1.1346873 9.0000000 9.0000000 9.0000000 4.4451945 1.0770337 1.0110749 1.0888984 0.9735295 9.0000000 1.1991208 9.0000000 1.0940413 9.0000000 5.1324010 1.0804045 1.1044340 1.8365757 9.0000000 0.9988546 1.0837905 0.5036366 0.9391723 2.1983953 1.6313038 0.8684533 2.1689798 0.3315967 0.0000000 2.3202845 
taxon_30   9.0000000 1.2783611 1.1310641 1.1776629 1.0923231 9.0000000 9.0000000 9.0000000 9.0000000 1.1757423 9.0000000 1.0940413 9.0000000 1.1256619 1.1346873 9.0000000 9.0000000 1.0157093 1.1274583 9.0000000 9.0000000 2.2774157 0.9619013 1.2090811 1.1912467 9.0000000 1.2674438 4.0926915 2.3202845 0.0000000 
