30
taxon_1    0.0000000 2.6299184 2.6299184 3.0707584 3.1013749 9.0000000 4.0254827 3.8369969 3.1666335 9.0000000 3.1013749 3.5056223 2.5071964 2.6816631 3.0413429 3.4054737 3.2765861 9.0000000 9.0000000 3.4538776 4.0254827 3.0413429 9.0000000 3.0413429 3.4054737 2.6640152 3.2765861 2.9094249 2.5660501 2.7767269 
taxon_2    2.6299184 0.0000000 0.1947260 1.1110034 2.6467731 2.8856134 3.2381161 9.0000000 3.2015235 3.6212353 2.9594434 2.8401449 2.5973046 3.8369969 3.2381161 9.0000000 2.7767269 3.5612033 3.4538776 9.0000000 4.1410957 4.9650549 2.8856134 4.1410957 9.0000000 5.4849153 9.0000000 9.0000000 2.5815145 2.9340173 
taxon_3    2.6299184 0.1947260 0.0000000 1.1243174 2.7182557 2.8184042 3.2015235 3.8369969 3.3600053 3.4054737 2.7972761 2.8401449 3.0130376 4.4451945 9.0000000 9.0000000 2.9340173 3.5612033 9.0000000 9.0000000 9.0000000 9.0000000 2.7182557 9.0000000 9.0000000 9.0000000 9.0000000 9.0000000 2.5815145 2.5360461 
taxon_4    3.0707584 1.1110034 1.1243174 0.0000000 2.1529268 3.4538776 2.3202845 5.4849153 2.5214825 4.0254827 4.1410957 2.0854657 1.9733169 2.7767269 2.3657530 9.0000000 2.0310377 2.5815145 3.4538776 2.3657530 2.6467731 9.0000000 2.8401449 2.9594434 2.9094249 2.6134342 2.7767269 3.2015235 1.7023465 2.1529268 
taxon_5    3.1013749 2.6467731 2.7182557 2.1529268 0.0000000 2.1798759 2.2078294 2.4017599 1.9733169 2.8625346 2.7567257 2.4141569 2.0016221 4.9650549 3.8369969 2.9857619 2.3895645 3.1666335 4.6609561 3.6212353 2.9094249 9.0000000 2.8401449 9.0000000 3.0707584 2.6299184 2.8856134 2.7972761 2.0385754 2.3775642 
taxon_6    9.0000000 2.8856134 2.8184042 3.4538776 2.1798759 0.0000000 1.0518178 2.1983953 2.1890784 9.0000000 9.0000000 2.7182557 2.4526268 9.0000000 4.2778369 2.9340173 2.6467731 9.0000000 3.4538776 3.2765861 3.4538776 3.9253341 9.0000000 9.0000000 9.0000000 9.0000000 9.0000000 9.0000000 2.2774157 2.5071964 
taxon_7    4.0254827 3.2381161 3.2015235 2.3202845 2.2078294 1.0518178 0.0000000 2.0854657 2.0161857 3.9253341 9.0000000 9.0000000 2.7767269 9.0000000 2.7972761 9.0000000 4.6609561 9.0000000 4.6609561 9.0000000 3.2015235 3.7579765 4.0254827 9.0000000 3.8369969 3.5056223 9.0000000 4.4451945 2.5360461 4.4451945 
taxon_8    3.8369969 9.0000000 3.8369969 5.4849153 2.4017599 2.1983953 2.0854657 0.0000000 1.3682120 4.0254827 4.2778369 2.6134342 2.3093354 3.1332946 3.3600053 9.0000000 3.1013749 4.0254827 9.0000000 3.4054737 2.4395830 3.1332946 2.6299184 3.6212353 3.3171365 2.8625346 2.5973046 2.7972761 2.0016221 2.6299184 
taxon_9    3.1666335 3.2015235 3.3600053 2.5214825 1.9733169 2.1890784 2.0161857 1.3682120 0.0000000 3.8369969 9.0000000 2.6816631 2.5508980 3.1666335 2.4395830 9.0000000 2.5071964 3.8369969 9.0000000 2.5214825 2.1707848 3.0413429 9.0000000 9.0000000 3.3600053 2.7182557 9.0000000 2.8625346 2.0385754 2.7767269 
taxon_10   9.0000000 3.6212353 3.4054737 4.0254827 2.8625346 9.0000000 3.9253341 4.0254827 3.8369969 0.0000000 1.8115354 1.2669022 2.6816631 4.1410957 3.9253341 9.0000000 2.6299184 2.9594434 3.1332946 2.9594434 2.7182557 4.6609561 9.0000000 3.1666335 2.5973046 2.5071964 9.0000000 3.2381161 2.0161857 3.1013749 
taxon_11   3.1013749 2.9594434 2.7972761 4.1410957 2.7567257 9.0000000 9.0000000 4.2778369 9.0000000 1.8115354 0.0000000 1.0641132 2.0854657 3.2015235 3.1013749 9.0000000 2.4931773 4.2778369 9.0000000 3.9253341 3.2381161 3.0130376 3.2015235 2.4659015 2.6640152 2.5660501 2.5815145 2.8401449 1.8285173 2.3657530 
taxon_12   3.5056223 2.8401449 2.8401449 2.0854657 2.4141569 2.7182557 9.0000000 2.6134342 2.6816631 1.2669022 1.0641132 0.0000000 1.2588231 2.9340173 2.2467992 2.7182557 1.5301656 2.6640152 2.8856134 2.1100580 1.9595550 2.4659015 3.1666335 2.5071964 2.2568665 2.2568665 2.8184042 2.4141569 0.9988546 1.4162028 
taxon_13   2.5071964 2.5973046 3.0130376 1.9733169 2.0016221 2.4526268 2.7767269 2.3093354 2.5508980 2.6816631 2.0854657 1.2588231 0.0000000 2.1184380 2.2879054 2.2879054 1.2888818 2.5508980 2.4526268 1.9873360 1.7319556 2.2985439 2.7372441 1.9944450 2.2985439 2.0385754 2.7182557 2.4931773 0.7243734 1.2196838 
taxon_14   2.6816631 3.8369969 4.4451945 2.7767269 4.9650549 9.0000000 9.0000000 3.1332946 3.1666335 4.1410957 3.2015235 2.9340173 2.1184380 0.0000000 9.0000000 9.0000000 2.3657530 3.0130376 3.7579765 2.6640152 2.8401449 2.6640152 3.3600053 4.4451945 2.2879054 2.5660501 3.1332946 3.3600053 1.9664044 2.6997362 
taxon_15   3.0413429 3.2381161 9.0000000 2.3657530 3.8369969 4.2778369 2.7972761 3.3600053 2.4395830 3.9253341 3.1013749 2.2467992 2.2879054 9.0000000 0.0000000 1.7949296 1.1610220 2.6467731 4.4451945 3.3600053 2.7767269 5.4849153 9.0000000 4.1410957 9.0000000 3.6864938 3.1666335 3.3171365 1.9327665 2.4526268 
taxon_16   3.4054737 9.0000000 9.0000000 9.0000000 2.9857619 2.9340173 9.0000000 9.0000000 9.0000000 9.0000000 9.0000000 2.7182557 2.2879054 9.0000000 1.7949296 0.0000000 1.1447423 3.2765861 3.5056223 3.2015235 2.2985439 4.0254827 3.5612033 9.0000000 3.1013749 2.4526268 3.3171365 3.1013749 1.7840598 2.7182557 
taxon_17   3.2765861 2.7767269 2.9340173 2.0310377 2.3895645 2.6467731 4.6609561 3.1013749 2.5071964 2.6299184 2.4931773 1.5301656 1.2888818 2.3657530 1.1610220 1.1447423 0.0000000 2.2985439 3.7579765 2.3093354 1.6464199 2.6467731 2.6640152 1.8285173 2.2078294 1.7472103 2.2670707 2.0935739 0.7456892 1.3966365 
taxon_18   9.0000000 3.5612033 3.5612033 2.5815145 3.1666335 9.0000000 9.0000000 4.0254827 3.8369969 2.9594434 4.2778369 2.6640152 2.5508980 3.0130376 2.6467731 3.2765861 2.2985439 0.0000000 3.3171365 2.7972761 2.1529268 3.2015235 3.2381161 3.5612033 2.9857619 3.2015235 3.2765861 9.0000000 1.8880724 2.9594434 
taxon_19   9.0000000 3.4538776 9.0000000 3.4538776 4.6609561 3.4538776 4.6609561 9.0000000 9.0000000 3.1332946 9.0000000 2.8856134 2.4526268 3.7579765 4.4451945 3.5056223 3.7579765 3.3171365 0.0000000 1.2723370 2.6299184 3.9253341 3.7579765 9.0000000 2.7767269 4.1410957 9.0000000 3.2381161 2.6134342 2.5815145 
taxon_20   3.4538776 9.0000000 9.0000000 2.3657530 3.6212353 3.2765861 9.0000000 3.4054737 2.5214825 2.9594434 3.9253341 2.1100580 1.9873360 2.6640152 3.3600053 3.2015235 2.3093354 2.7972761 1.2723370 0.0000000 1.8171534 2.5973046 2.4395830 2.7767269 2.2985439 2.1798759 2.8856134 2.4931773 1.6286676 1.8942965 
taxon_21   4.0254827 4.1410957 9.0000000 2.6467731 2.9094249 3.4538776 3.2015235 2.4395830 2.1707848 2.7182557 3.2381161 1.9595550 1.7319556 2.8401449 2.7767269 2.2985439 1.6464199 2.1529268 2.6299184 1.8171534 0.0000000 1.9664044 2.1798759 1.7575553 1.5985776 1.5149367 2.1017707 1.8115354 1.1922265 1.7627818 
taxon_22   3.0413429 4.9650549 9.0000000 9.0000000 9.0000000 3.9253341 3.7579765 3.1332946 3.0413429 4.6609561 3.0130376 2.4659015 2.2985439 2.6640152 5.4849153 4.0254827 2.6467731 3.2015235 3.9253341 2.5973046 1.9664044 0.0000000 2.7972761 2.0616541 2.3895645 2.0310377 2.6134342 2.6997362 1.9802937 2.5815145 
taxon_23   9.0000000 2.8856134 2.7182557 2.8401449 2.8401449 9.0000000 4.0254827 2.6299184 9.0000000 9.0000000 3.2015235 3.1666335 2.7372441 3.3600053 9.0000000 3.5612033 2.6640152 3.2381161 3.7579765 2.4395830 2.1798759 2.7972761 0.0000000 1.8697041 1.9595550 1.6879690 2.4267622 2.2368653 2.1354842 2.6299184 
taxon_24   3.0413429 4.1410957 9.0000000 2.9594434 9.0000000 9.0000000 9.0000000 3.6212353 9.0000000 3.1666335 2.4659015 2.5071964 1.9944450 4.4451945 4.1410957 9.0000000 1.8285173 3.5612033 9.0000000 2.7767269 1.7575553 2.0616541 1.8697041 0.0000000 1.4362933 1.2196838 1.7472103 1.6330665 1.5819103 2.1017707 
taxon_25   3.4054737 9.0000000 9.0000000 2.9094249 3.0707584 9.0000000 3.8369969 3.3171365 3.3600053 2.5973046 2.6640152 2.2568665 2.2985439 2.2879054 9.0000000 3.1013749 2.2078294 2.9857619 2.7767269 2.2985439 1.5985776 2.3895645 1.9595550 1.4362933 0.0000000 0.7191378 1.2247858 1.0141613 1.5074366 2.3313958 
taxon_26   2.6640152 5.4849153 9.0000000 2.6134342 2.6299184 9.0000000 3.5056223 2.8625346 2.7182557 2.5071964 2.5660501 2.2568665 2.0385754 2.5660501 3.6864938 2.4526268 1.7472103 3.2015235 4.1410957 2.1798759 1.5149367 2.0310377 1.6879690 1.2196838 0.7191378 0.0000000 0.6248819 0.3881360 1.4031020 1.9802937 
taxon_27   3.2765861 9.0000000 9.0000000 2.7767269 2.8856134 9.0000000 9.0000000 2.5973046 9.0000000 9.0000000 2.5815145 2.8184042 2.7182557 3.1332946 3.1666335 3.3171365 2.2670707 3.2765861 9.0000000 2.8856134 2.1017707 2.6134342 2.4267622 1.7472103 1.2247858 0.6248819 0.0000000 0.8832416 2.1441548 2.6816631 
taxon_28   2.9094249 9.0000000 9.0000000 3.2015235 2.7972761 9.0000000 4.4451945 2.7972761 2.8625346 3.2381161 2.8401449 2.4141569 2.4931773 3.3600053 3.3171365 3.1013749 2.0935739 9.0000000 3.2381161 2.4931773 1.8115354 2.6997362 2.2368653 1.6330665 1.0141613 0.3881360 0.8832416 0.0000000 1.7680450 2.4267622 
taxon_29   2.5660501 2.5815145 2.5815145 1.7023465 2.0385754 2.2774157 2.5360461 2.0016221 2.0385754 2.0161857 1.8285173 0.9988546 0.7243734 1.9664044 1.9327665 1.7840598 0.7456892 1.8880724 2.6134342 1.6286676 1.1922265 1.9802937 2.1354842 1.5819103 1.5074366 1.4031020 2.1441548 1.7680450 0.0000000 0.8914027 
taxon_30   2.7767269 2.9340173 2.5360461 2.1529268 2.3775642 2.5071964 4.4451945 2.6299184 2.7767269 3.1013749 2.3657530 1.4162028 1.2196838 2.6997362 2.4526268 2.7182557 1.3966365 2.9594434 2.5815145 1.8942965 1.7627818 2.5815145 2.6299184 2.1017707 2.3313958 1.9802937 2.6816631 2.4267622 0.8914027 0.0000000 
