30
taxon_1    0.0000000 0.7868906 9.0000000 9.0000000 9.0000000 9.0000000 0.7746184 0.7561218 9.0000000 9.0000000 0.7195727 9.0000000 9.0000000 9.0000000 0.8013048 0.7718147 0.8299833 9.0000000 0.7812015 9.0000000 0.7945437 0.7964692 9.0000000 9.0000000 0.7708824 9.0000000 0.7887965 0.7964692 0.7821467 9.0000000 
taxon_2    0.7868906 0.0000000 1.9733167 1.7039611 9.0000000 9.0000000 0.7327386 0.7380704 9.0000000 9.0000000 0.6930742 9.0000000 9.0000000 9.0000000 0.7955058 0.8081275 0.8061718 9.0000000 0.7821467 9.0000000 0.8160016 0.8209652 9.0000000 9.0000000 0.7736827 9.0000000 0.8100883 0.8013048 0.7755553 9.0000000 
taxon_3    9.0000000 1.9733167 0.0000000 0.3965723 0.7152349 0.7318536 9.0000000 9.0000000 0.7389627 0.7859394 9.0000000 0.8229599 0.8130391 0.8022757 9.0000000 9.0000000 9.0000000 0.7897513 9.0000000 0.7616230 9.0000000 9.0000000 0.8042212 0.7821467 9.0000000 0.8199698 9.0000000 9.0000000 9.0000000 0.7283242 
taxon_4    9.0000000 1.7039611 0.3965723 0.0000000 0.7169670 0.7195727 9.0000000 9.0000000 0.7570359 0.8042212 9.0000000 0.7945437 0.7983997 0.8179831 9.0000000 9.0000000 9.0000000 0.7708824 9.0000000 0.7407505 9.0000000 9.0000000 0.7849894 0.7671649 9.0000000 0.8160016 9.0000000 9.0000000 9.0000000 0.7336246 
taxon_5    9.0000000 9.0000000 0.7152349 0.7169670 0.0000000 0.7274445 9.0000000 9.0000000 0.7897513 0.7746184 9.0000000 0.8140253 0.7802575 0.7690214 9.0000000 9.0000000 9.0000000 0.8032478 9.0000000 0.7764934 9.0000000 9.0000000 0.8150128 0.8042212 9.0000000 0.8013048 9.0000000 9.0000000 9.0000000 0.7907074 
taxon_6    9.0000000 9.0000000 0.7318536 0.7195727 0.7274445 0.0000000 1.4511451 9.0000000 0.7783731 0.8179831 9.0000000 0.8091072 0.8169917 0.7926231 9.0000000 9.0000000 9.0000000 0.8013048 9.0000000 0.8081275 9.0000000 9.0000000 0.7830931 0.8081275 9.0000000 0.8462883 9.0000000 9.0000000 9.0000000 0.8140253 
taxon_7    0.7746184 0.7327386 9.0000000 9.0000000 9.0000000 1.4511451 0.0000000 0.7774327 9.0000000 9.0000000 0.7434403 9.0000000 9.0000000 9.0000000 0.8209652 0.8071490 0.8189758 9.0000000 0.8432040 9.0000000 0.8071490 0.8100883 9.0000000 9.0000000 0.7774327 9.0000000 0.8169917 0.8071490 0.7878429 9.0000000 
taxon_8    0.7561218 0.7380704 9.0000000 9.0000000 9.0000000 9.0000000 0.7774327 0.0000000 9.0000000 9.0000000 0.5999920 9.0000000 9.0000000 9.0000000 0.7926231 0.7793147 0.7662384 9.0000000 0.8042212 9.0000000 0.7812015 0.7643889 9.0000000 9.0000000 0.7434403 9.0000000 0.8022757 0.7783731 0.7662384 9.0000000 
taxon_9    9.0000000 9.0000000 0.7389627 0.7570359 0.7897513 0.7783731 9.0000000 9.0000000 0.0000000 0.7699513 9.0000000 0.8199698 0.8042212 0.8013048 9.0000000 9.0000000 9.0000000 0.8051959 9.0000000 0.8140253 9.0000000 9.0000000 0.8022757 0.8473193 9.0000000 0.8462883 9.0000000 9.0000000 9.0000000 0.8042212 
taxon_10   9.0000000 9.0000000 0.7859394 0.8042212 0.7746184 0.8179831 9.0000000 9.0000000 0.7699513 0.0000000 9.0000000 0.8110706 0.8032478 0.7793147 9.0000000 9.0000000 9.0000000 0.7955058 9.0000000 0.7849894 9.0000000 9.0000000 0.7983997 0.8061718 9.0000000 0.8442307 9.0000000 9.0000000 9.0000000 0.7868906 
taxon_11   0.7195727 0.6930742 9.0000000 9.0000000 9.0000000 9.0000000 0.7434403 0.5999920 9.0000000 9.0000000 0.0000000 9.0000000 9.0000000 9.0000000 0.7542970 0.7362889 0.7802575 9.0000000 0.7643889 9.0000000 0.7718147 0.7727481 9.0000000 9.0000000 0.6888866 9.0000000 0.7964692 0.7643889 0.7221874 9.0000000 
taxon_12   9.0000000 9.0000000 0.8229599 0.7945437 0.8140253 0.8091072 9.0000000 9.0000000 0.8199698 0.8110706 9.0000000 0.0000000 0.8003352 0.8120542 9.0000000 9.0000000 9.0000000 0.7755553 9.0000000 0.7452389 9.0000000 9.0000000 0.8452588 0.7840406 9.0000000 0.8003352 9.0000000 9.0000000 9.0000000 0.7292050 
taxon_13   9.0000000 9.0000000 0.8130391 0.7983997 0.7802575 0.8169917 9.0000000 9.0000000 0.8042212 0.8032478 9.0000000 0.8003352 0.0000000 0.3715422 1.6156238 9.0000000 9.0000000 0.7926231 9.0000000 0.7897513 9.0000000 9.0000000 0.8209652 0.7774327 9.0000000 0.8219619 9.0000000 9.0000000 9.0000000 0.7755553 
taxon_14   9.0000000 9.0000000 0.8022757 0.8179831 0.7690214 0.7926231 9.0000000 9.0000000 0.8013048 0.7793147 9.0000000 0.8120542 0.3715422 0.0000000 1.4396945 9.0000000 9.0000000 0.8110706 9.0000000 0.7755553 9.0000000 9.0000000 0.7964692 0.7718147 9.0000000 0.8100883 9.0000000 9.0000000 9.0000000 0.7671649 
taxon_15   0.8013048 0.7955058 9.0000000 9.0000000 9.0000000 9.0000000 0.8209652 0.7926231 9.0000000 9.0000000 0.7542970 9.0000000 1.6156238 1.4396945 0.0000000 0.7434403 0.7662384 9.0000000 0.7849894 9.0000000 0.7727481 0.7840406 9.0000000 9.0000000 0.6922348 9.0000000 0.7926231 0.7708824 0.7802575 9.0000000 
taxon_16   0.7718147 0.8081275 9.0000000 9.0000000 9.0000000 9.0000000 0.8071490 0.7793147 9.0000000 9.0000000 0.7362889 9.0000000 9.0000000 9.0000000 0.7434403 0.0000000 0.6797553 2.7436819 0.7092038 3.7095725 0.7032209 0.6482473 9.0000000 9.0000000 0.5353522 9.0000000 0.6930742 0.6764622 0.6748211 2.9014034 
taxon_17   0.8299833 0.8061718 9.0000000 9.0000000 9.0000000 9.0000000 0.8189758 0.7662384 9.0000000 9.0000000 0.7802575 9.0000000 9.0000000 9.0000000 0.7662384 0.6797553 0.0000000 9.0000000 0.7561218 9.0000000 0.7597848 0.7983997 9.0000000 9.0000000 0.6955980 9.0000000 0.7542970 0.7935828 0.7830931 9.0000000 
taxon_18   9.0000000 9.0000000 0.7897513 0.7708824 0.8032478 0.8013048 9.0000000 9.0000000 0.8051959 0.7955058 9.0000000 0.7755553 0.7926231 0.8110706 9.0000000 2.7436819 9.0000000 0.0000000 9.0000000 0.6805808 9.0000000 9.0000000 0.7579511 0.7398561 9.0000000 0.7746184 9.0000000 9.0000000 9.0000000 0.7049254 
taxon_19   0.7812015 0.7821467 9.0000000 9.0000000 9.0000000 9.0000000 0.8432040 0.8042212 9.0000000 9.0000000 0.7643889 9.0000000 9.0000000 9.0000000 0.7849894 0.7092038 0.7561218 9.0000000 0.0000000 9.0000000 0.7283242 0.7407505 9.0000000 9.0000000 0.7109221 9.0000000 0.7945437 0.7793147 0.7830931 9.0000000 
taxon_20   9.0000000 9.0000000 0.7616230 0.7407505 0.7764934 0.8081275 9.0000000 9.0000000 0.8140253 0.7849894 9.0000000 0.7452389 0.7897513 0.7755553 9.0000000 3.7095725 9.0000000 0.6805808 9.0000000 0.0000000 9.0000000 2.8549969 0.7353998 0.6872180 2.4482536 0.7327386 9.0000000 9.0000000 9.0000000 0.6546032 
taxon_21   0.7945437 0.8160016 9.0000000 9.0000000 9.0000000 9.0000000 0.8071490 0.7812015 9.0000000 9.0000000 0.7718147 9.0000000 9.0000000 9.0000000 0.7727481 0.7032209 0.7597848 9.0000000 0.7283242 9.0000000 0.0000000 0.4727073 9.0000000 9.0000000 0.6530092 9.0000000 0.7616230 0.7169670 0.7452389 9.0000000 
taxon_22   0.7964692 0.8209652 9.0000000 9.0000000 9.0000000 9.0000000 0.8100883 0.7643889 9.0000000 9.0000000 0.7727481 9.0000000 9.0000000 9.0000000 0.7840406 0.6482473 0.7983997 9.0000000 0.7407505 2.8549969 0.4727073 0.0000000 9.0000000 9.0000000 0.6318148 9.0000000 0.7588674 0.7552088 0.7470418 9.0000000 
taxon_23   9.0000000 9.0000000 0.8042212 0.7849894 0.8150128 0.7830931 9.0000000 9.0000000 0.8022757 0.7983997 9.0000000 0.8452588 0.8209652 0.7964692 9.0000000 9.0000000 9.0000000 0.7579511 9.0000000 0.7353998 9.0000000 9.0000000 0.0000000 0.5867565 1.6330665 0.7859394 9.0000000 9.0000000 9.0000000 0.6814073 
taxon_24   9.0000000 9.0000000 0.7821467 0.7671649 0.8042212 0.8081275 9.0000000 9.0000000 0.8473193 0.8061718 9.0000000 0.7840406 0.7774327 0.7718147 9.0000000 9.0000000 9.0000000 0.7398561 9.0000000 0.6872180 9.0000000 9.0000000 0.5867565 0.0000000 1.2714284 0.7318536 9.0000000 9.0000000 9.0000000 0.6506245 
taxon_25   0.7708824 0.7736827 9.0000000 9.0000000 9.0000000 9.0000000 0.7774327 0.7434403 9.0000000 9.0000000 0.6888866 9.0000000 9.0000000 9.0000000 0.6922348 0.5353522 0.6955980 9.0000000 0.7109221 2.4482536 0.6530092 0.6318148 1.6330665 1.2714284 0.0000000 9.0000000 0.6149775 0.6195321 0.5948171 1.8419965 
taxon_26   9.0000000 9.0000000 0.8199698 0.8160016 0.8013048 0.8462883 9.0000000 9.0000000 0.8462883 0.8442307 9.0000000 0.8003352 0.8219619 0.8100883 9.0000000 9.0000000 9.0000000 0.7746184 9.0000000 0.7327386 9.0000000 9.0000000 0.7859394 0.7318536 9.0000000 0.0000000 1.6127557 9.0000000 9.0000000 0.5560526 
taxon_27   0.7887965 0.8100883 9.0000000 9.0000000 9.0000000 9.0000000 0.8169917 0.8022757 9.0000000 9.0000000 0.7964692 9.0000000 9.0000000 9.0000000 0.7926231 0.6930742 0.7542970 9.0000000 0.7945437 9.0000000 0.7616230 0.7588674 9.0000000 9.0000000 0.6149775 1.6127557 0.0000000 0.6419448 0.5694647 1.6098986 
taxon_28   0.7964692 0.8013048 9.0000000 9.0000000 9.0000000 9.0000000 0.8071490 0.7783731 9.0000000 9.0000000 0.7643889 9.0000000 9.0000000 9.0000000 0.7708824 0.6764622 0.7935828 9.0000000 0.7793147 9.0000000 0.7169670 0.7552088 9.0000000 9.0000000 0.6195321 9.0000000 0.6419448 0.0000000 0.2426834 1.6975233 
taxon_29   0.7821467 0.7755553 9.0000000 9.0000000 9.0000000 9.0000000 0.7878429 0.7662384 9.0000000 9.0000000 0.7221874 9.0000000 9.0000000 9.0000000 0.7802575 0.6748211 0.7830931 9.0000000 0.7830931 9.0000000 0.7452389 0.7470418 9.0000000 9.0000000 0.5948171 9.0000000 0.5694647 0.2426834 0.0000000 1.4534564 
taxon_30   9.0000000 9.0000000 0.7283242 0.7336246 0.7907074 0.8140253 9.0000000 9.0000000 0.8042212 0.7868906 9.0000000 0.7292050 0.7755553 0.7671649 9.0000000 2.9014034 9.0000000 0.7049254 9.0000000 0.6546032 9.0000000 9.0000000 0.6814073 0.6506245 1.8419965 0.5560526 1.6098986 1.6975233 1.4534564 0.0000000 
