30
taxon_1    0.0000000 9.0000000 3.3886191 1.6451961 1.4713440 1.2835776 2.7354978 4.3493195 4.0969651 1.5901977 4.5166766 9.0000000 1.7547198 9.0000000 1.7884875 1.7360853 3.5771045 1.6785349 9.0000000 9.0000000 1.9411868 1.7835695 1.7500176 9.0000000 1.7594517 1.9291865 9.0000000 9.0000000 3.2730061 1.6055043 
taxon_2    9.0000000 0.0000000 1.1544251 1.8186930 1.4876845 1.5641404 1.4153016 1.7314981 1.7314981 9.0000000 1.6171929 1.6451961 4.3493195 1.6093803 4.0969651 9.0000000 1.5939951 3.2047771 1.7594517 1.6658586 9.0000000 5.5562928 9.0000000 1.7642136 9.0000000 9.0000000 1.9057471 1.8290380 1.1629479 2.8482095 
taxon_3    3.3886191 1.1544251 0.0000000 0.5609666 0.3082009 1.3716001 1.4243560 1.6871065 1.6575252 9.0000000 1.5496472 1.6411311 9.0000000 1.5568588 9.0000000 9.0000000 1.6616803 2.7897383 1.6700603 1.6250877 9.0000000 9.0000000 3.6326854 1.6533929 4.3493195 9.0000000 1.7001503 1.6871065 1.0703372 2.5786790 
taxon_4    1.6451961 1.8186930 0.5609666 0.0000000 0.2681558 1.0516330 3.0845203 9.0000000 9.0000000 1.8034382 3.6326854 9.0000000 1.7224071 4.0969651 1.5714934 1.7179026 9.0000000 1.5496472 9.0000000 9.0000000 1.6492833 1.6871065 1.6211299 9.0000000 1.5532444 1.7642136 9.0000000 9.0000000 1.8238476 1.4681182 
taxon_5    1.4713440 1.4876845 0.3082009 0.2681558 0.0000000 0.8617118 2.2793120 9.0000000 9.0000000 1.6533929 2.7182557 9.0000000 1.6132764 3.3095987 1.6290665 1.7089739 9.0000000 1.4585233 9.0000000 4.5166766 1.7001503 1.5901977 1.5249391 3.2730061 1.6250877 1.6211299 9.0000000 9.0000000 1.4617080 1.3830071 
taxon_6    1.2835776 1.5641404 1.3716001 1.0516330 0.8617118 0.0000000 0.9845295 2.4028783 2.4982442 1.2515530 1.5425043 2.1100580 1.2185289 2.0108571 1.2254841 1.2835776 1.8342645 0.9628854 2.4610467 2.7014011 1.5010191 1.2048090 1.1586744 2.0950575 1.2735774 1.3801391 3.0309261 1.9847675 0.3892044 0.9744622 
taxon_7    2.7354978 1.4153016 1.4243560 3.0845203 2.2793120 0.9845295 0.0000000 1.6957771 1.7453447 3.5771045 1.3223124 1.6330665 3.5253602 1.4778376 4.0969651 4.0969651 1.4843878 2.2513585 1.6492833 1.7089739 9.0000000 3.2381161 2.5929651 1.6211299 9.0000000 3.6927175 1.6957771 1.5789192 0.8820619 3.1422411 
taxon_8    4.3493195 1.7314981 1.6871065 9.0000000 9.0000000 2.4028783 1.6957771 0.0000000 1.7269388 4.5166766 1.6575252 1.9595550 9.0000000 1.9057471 9.0000000 9.0000000 1.7884875 9.0000000 1.6055043 1.7500176 9.0000000 9.0000000 9.0000000 1.7224071 9.0000000 9.0000000 1.6828084 1.7453447 1.4553520 9.0000000 
taxon_9    4.0969651 1.7314981 1.6575252 9.0000000 9.0000000 2.4982442 1.7453447 1.7269388 0.0000000 9.0000000 1.5978119 1.4649063 9.0000000 1.6492833 4.2125783 3.6927175 1.6171929 9.0000000 1.7314981 1.7984215 9.0000000 4.5166766 9.0000000 1.6330665 3.9968168 9.0000000 1.8719068 1.7360853 1.4366012 3.4314879 
taxon_10   1.5901977 9.0000000 9.0000000 1.8034382 1.6533929 1.2515530 3.5771045 4.5166766 9.0000000 0.0000000 1.0798672 9.0000000 1.5111773 9.0000000 1.5214749 1.6055043 9.0000000 1.6700603 9.0000000 9.0000000 1.7642136 1.7179026 1.7453447 9.0000000 1.6871065 1.8342645 9.0000000 9.0000000 2.4028783 1.6055043 
taxon_11   4.5166766 1.6171929 1.5496472 3.6326854 2.7182557 1.5425043 1.3223124 1.6575252 1.5978119 1.0798672 0.0000000 1.3438192 2.1983953 1.4033967 2.2793120 3.0845203 1.4004497 3.4769563 1.5978119 1.7360853 9.0000000 4.7324386 9.0000000 1.6742856 4.7324386 9.0000000 1.5789192 1.6616803 1.2002909 3.1422411 
taxon_12   9.0000000 1.6451961 1.6411311 9.0000000 9.0000000 2.1100580 1.6330665 1.9595550 1.4649063 9.0000000 1.3438192 0.0000000 1.4521942 0.9678250 2.2244095 2.7182557 1.4273986 9.0000000 1.7594517 1.8135735 9.0000000 9.0000000 9.0000000 1.6914292 9.0000000 9.0000000 1.7179026 1.7224071 1.3772819 3.3480687 
taxon_13   1.7547198 4.3493195 9.0000000 1.7224071 1.6132764 1.2185289 3.5253602 9.0000000 9.0000000 1.5111773 2.1983953 1.4521942 0.0000000 0.9862206 1.2419683 1.3687753 2.2513585 1.6492833 9.0000000 9.0000000 1.7045491 1.6250877 1.7134249 9.0000000 1.7134249 1.7314981 4.7324386 9.0000000 2.3385533 1.6451961 
taxon_14   9.0000000 1.6093803 1.5568588 4.0969651 3.3095987 2.0108571 1.4778376 1.9057471 1.6492833 9.0000000 1.4033967 0.9678250 0.9862206 0.0000000 2.2513585 2.4028783 1.4153016 9.0000000 1.6700603 1.7500176 5.5562928 9.0000000 5.5562928 1.5978119 9.0000000 9.0000000 1.7314981 1.6785349 1.3276316 9.0000000 
taxon_15   1.7884875 4.0969651 9.0000000 1.5714934 1.6290665 1.2254841 4.0969651 9.0000000 4.2125783 1.5214749 2.2793120 2.2244095 1.2419683 2.2513585 0.0000000 1.3744356 2.3700264 1.6871065 9.0000000 9.0000000 1.7001503 1.5826599 1.7045491 9.0000000 1.7224071 1.8501661 9.0000000 9.0000000 2.0659277 1.6575252 
taxon_16   1.7360853 9.0000000 9.0000000 1.7179026 1.7089739 1.2835776 4.0969651 9.0000000 3.6927175 1.6055043 3.0845203 2.7182557 1.3687753 2.4028783 1.3744356 0.0000000 0.9136613 1.6828084 9.0000000 9.0000000 1.8186930 1.7884875 1.6093803 9.0000000 1.5604908 1.7089739 9.0000000 9.0000000 2.3917670 1.6211299 
taxon_17   3.5771045 1.5939951 1.6616803 9.0000000 9.0000000 1.8342645 1.4843878 1.7884875 1.6171929 9.0000000 1.4004497 1.4273986 2.2513585 1.4153016 2.3700264 0.9136613 0.0000000 3.6927175 1.6742856 1.6575252 9.0000000 5.5562928 9.0000000 1.8448280 9.0000000 9.0000000 1.7594517 1.5425043 1.2760650 9.0000000 
taxon_18   1.6785349 3.2047771 2.7897383 1.5496472 1.4585233 0.9628854 2.2513585 9.0000000 9.0000000 1.6700603 3.4769563 9.0000000 1.6492833 9.0000000 1.6871065 1.6828084 3.6927175 0.0000000 1.1715687 1.1913356 0.9547242 0.7512379 1.2025465 2.3593879 1.2810650 1.4183076 2.4610467 1.9533821 1.0315832 1.4909957 
taxon_19   9.0000000 1.7594517 1.6700603 9.0000000 9.0000000 2.4610467 1.6492833 1.6055043 1.7314981 9.0000000 1.5978119 1.7594517 9.0000000 1.6700603 9.0000000 9.0000000 1.6742856 1.1715687 0.0000000 1.1418198 2.0175238 1.5145941 3.3480687 1.5641404 9.0000000 9.0000000 1.6290665 1.5180266 1.2208401 9.0000000 
taxon_20   9.0000000 1.6658586 1.6250877 9.0000000 4.5166766 2.7014011 1.7089739 1.7500176 1.7984215 9.0000000 1.7360853 1.8135735 9.0000000 1.7500176 9.0000000 9.0000000 1.6575252 1.1913356 1.1418198 0.0000000 1.9472597 1.5284194 9.0000000 1.6575252 9.0000000 9.0000000 1.5249391 1.5319159 1.2515530 5.5562928 
taxon_21   1.9411868 9.0000000 9.0000000 1.6492833 1.7001503 1.5010191 9.0000000 9.0000000 9.0000000 1.7642136 9.0000000 9.0000000 1.7045491 5.5562928 1.7001503 1.8186930 9.0000000 0.9547242 2.0175238 1.9472597 0.0000000 0.5171381 1.4649063 3.7579761 1.5354288 1.7269388 9.0000000 2.9340171 2.2793120 1.6828084 
taxon_22   1.7835695 5.5562928 9.0000000 1.6871065 1.5901977 1.2048090 3.2381161 9.0000000 4.5166766 1.7179026 4.7324386 9.0000000 1.6250877 9.0000000 1.5826599 1.7884875 5.5562928 0.7512379 1.5145941 1.5284194 0.5171381 0.0000000 1.3916777 2.6687872 1.5751972 1.6093803 2.9340171 2.6849169 1.5714934 1.6451961 
taxon_23   1.7500176 9.0000000 3.6326854 1.6211299 1.5249391 1.1586744 2.5929651 9.0000000 9.0000000 1.7453447 9.0000000 9.0000000 1.7134249 5.5562928 1.7045491 1.6093803 9.0000000 1.2025465 3.3480687 9.0000000 1.4649063 1.3916777 0.0000000 1.1212706 0.7328996 1.1715687 1.8719068 1.4521942 1.4713440 1.4681182 
taxon_24   9.0000000 1.7642136 1.6533929 9.0000000 3.2730061 2.0950575 1.6211299 1.7224071 1.6330665 9.0000000 1.6742856 1.6914292 9.0000000 1.5978119 9.0000000 9.0000000 1.8448280 2.3593879 1.5641404 1.6575252 3.7579761 2.6687872 1.1212706 0.0000000 1.2139276 2.1650565 1.4617080 1.2208401 1.2185289 4.2125783 
taxon_25   1.7594517 9.0000000 4.3493195 1.5532444 1.6250877 1.2735774 9.0000000 9.0000000 3.9968168 1.6871065 4.7324386 9.0000000 1.7134249 9.0000000 1.7224071 1.5604908 9.0000000 1.2810650 9.0000000 9.0000000 1.5354288 1.5751972 0.7328996 1.2139276 0.0000000 1.2937128 2.1025203 1.7690059 1.7453447 1.6290665 
taxon_26   1.9291865 9.0000000 9.0000000 1.7642136 1.6211299 1.3801391 3.6927175 9.0000000 9.0000000 1.8342645 9.0000000 9.0000000 1.7314981 9.0000000 1.8501661 1.7089739 9.0000000 1.4183076 9.0000000 9.0000000 1.7269388 1.6093803 1.1715687 2.1650565 1.2937128 0.0000000 2.4372353 1.7984215 1.9533821 1.6742856 
taxon_27   9.0000000 1.9057471 1.7001503 9.0000000 9.0000000 3.0309261 1.6957771 1.6828084 1.8719068 9.0000000 1.5789192 1.7179026 4.7324386 1.7314981 9.0000000 9.0000000 1.7594517 2.4610467 1.6290665 1.5249391 9.0000000 2.9340171 1.8719068 1.4617080 2.1025203 2.4372353 0.0000000 0.3585269 1.3716001 9.0000000 
taxon_28   9.0000000 1.8290380 1.6871065 9.0000000 9.0000000 1.9847675 1.5789192 1.7453447 1.7360853 9.0000000 1.6616803 1.7224071 9.0000000 1.6785349 9.0000000 9.0000000 1.5425043 1.9533821 1.5180266 1.5319159 2.9340171 2.6849169 1.4521942 1.2208401 1.7690059 1.7984215 0.3585269 0.0000000 1.0973324 9.0000000 
taxon_29   3.2730061 1.1629479 1.0703372 1.8238476 1.4617080 0.3892044 0.8820619 1.4553520 1.4366012 2.4028783 1.2002909 1.3772819 2.3385533 1.3276316 2.0659277 2.3917670 1.2760650 1.0315832 1.2208401 1.2515530 2.2793120 1.5714934 1.4713440 1.2185289 1.7453447 1.9533821 1.3716001 1.0973324 0.0000000 1.6411311 
taxon_30   1.6055043 2.8482095 2.5786790 1.4681182 1.3830071 0.9744622 3.1422411 9.0000000 3.4314879 1.6055043 3.1422411 3.3480687 1.6451961 9.0000000 1.6575252 1.6211299 9.0000000 1.4909957 9.0000000 5.5562928 1.6828084 1.6451961 1.4681182 4.2125783 1.6290665 1.6742856 9.0000000 9.0000000 1.6411311 0.0000000 
