30
taxon_1    0.0000000 9.0000000 9.0000000 0.7849894 9.0000000 0.7993668 0.8259619 9.0000000 9.0000000 0.8071490 0.8150128 9.0000000 0.8022757 0.7974339 9.0000000 0.8120542 9.0000000 0.8160016 9.0000000 9.0000000 0.7736827 9.0000000 0.7579511 9.0000000 0.7812015 9.0000000 9.0000000 0.7708824 9.0000000 0.4102715 
taxon_2    9.0000000 0.0000000 0.7793147 9.0000000 0.7533862 9.0000000 9.0000000 0.7274445 0.7248113 9.0000000 9.0000000 0.7859394 9.0000000 9.0000000 0.7774327 9.0000000 0.7690214 9.0000000 0.7812015 0.7187031 9.0000000 0.7643889 9.0000000 0.7470418 9.0000000 0.7878429 0.7983997 9.0000000 0.7840406 9.0000000 
taxon_3    9.0000000 0.7793147 0.0000000 9.0000000 0.6998234 9.0000000 9.0000000 0.7040727 0.7821467 9.0000000 9.0000000 0.8120542 9.0000000 9.0000000 0.8249599 9.0000000 0.7935828 9.0000000 0.8199698 0.8120542 9.0000000 0.8360563 9.0000000 0.8401323 9.0000000 0.8249599 0.8330137 9.0000000 0.7945437 9.0000000 
taxon_4    0.7849894 9.0000000 9.0000000 0.0000000 1.4557749 0.6157354 0.6863852 9.0000000 9.0000000 0.7552088 0.8350407 9.0000000 0.7755553 0.8160016 9.0000000 0.8081275 9.0000000 0.8140253 9.0000000 9.0000000 0.8360563 9.0000000 0.8071490 9.0000000 0.7897513 9.0000000 9.0000000 0.8130391 9.0000000 0.7793147 
taxon_5    9.0000000 0.7533862 0.6998234 1.4557749 0.0000000 2.5920042 9.0000000 0.5716050 0.7542970 9.0000000 9.0000000 0.7616230 9.0000000 9.0000000 0.8120542 9.0000000 0.8061718 9.0000000 0.8289760 0.7926231 9.0000000 0.7945437 9.0000000 0.8483516 9.0000000 0.8309921 0.8130391 9.0000000 0.8071490 9.0000000 
taxon_6    0.7993668 9.0000000 9.0000000 0.6157354 2.5920042 0.0000000 0.5787821 1.5602481 9.0000000 0.7161004 0.7849894 9.0000000 0.7935828 0.7755553 9.0000000 0.7907074 9.0000000 0.8032478 9.0000000 9.0000000 0.7935828 9.0000000 0.7746184 9.0000000 0.8032478 9.0000000 9.0000000 0.7926231 9.0000000 0.7680926 
taxon_7    0.8259619 9.0000000 9.0000000 0.6863852 9.0000000 0.5787821 0.0000000 1.4963253 9.0000000 0.7774327 0.8150128 9.0000000 0.8140253 0.7907074 9.0000000 0.8350407 9.0000000 0.8370732 9.0000000 9.0000000 0.8032478 9.0000000 0.8013048 9.0000000 0.8013048 9.0000000 9.0000000 0.7859394 9.0000000 0.8081275 
taxon_8    9.0000000 0.7274445 0.7040727 9.0000000 0.5716050 1.5602481 1.4963253 0.0000000 0.7533862 9.0000000 9.0000000 0.7653131 9.0000000 9.0000000 0.8160016 9.0000000 0.7907074 9.0000000 0.8189758 0.7974339 9.0000000 0.7926231 9.0000000 0.7907074 9.0000000 0.8189758 0.8150128 9.0000000 0.8061718 9.0000000 
taxon_9    9.0000000 0.7248113 0.7821467 9.0000000 0.7542970 9.0000000 9.0000000 0.7533862 0.0000000 1.3029535 9.0000000 0.6772841 9.0000000 9.0000000 0.8013048 9.0000000 0.7916646 9.0000000 0.8239592 0.7926231 9.0000000 0.8071490 9.0000000 0.7802575 9.0000000 0.8003352 0.8051959 9.0000000 0.8140253 9.0000000 
taxon_10   0.8071490 9.0000000 9.0000000 0.7552088 9.0000000 0.7161004 0.7774327 9.0000000 1.3029535 0.0000000 0.6830629 9.0000000 0.6172521 0.8071490 9.0000000 0.7868906 9.0000000 0.8299833 9.0000000 9.0000000 0.7821467 9.0000000 0.7727481 9.0000000 0.7616230 9.0000000 9.0000000 0.7849894 9.0000000 0.7662384 
taxon_11   0.8150128 9.0000000 9.0000000 0.8350407 9.0000000 0.7849894 0.8150128 9.0000000 9.0000000 0.6830629 0.0000000 9.0000000 0.7506606 0.8299833 9.0000000 0.8081275 9.0000000 0.8330137 9.0000000 9.0000000 0.8120542 9.0000000 0.8587540 9.0000000 0.8110706 9.0000000 9.0000000 0.8199698 9.0000000 0.7983997 
taxon_12   9.0000000 0.7859394 0.8120542 9.0000000 0.7616230 9.0000000 9.0000000 0.7653131 0.6772841 9.0000000 9.0000000 0.0000000 2.2173828 9.0000000 0.8032478 9.0000000 0.8061718 9.0000000 0.8239592 0.8140253 9.0000000 0.8169917 9.0000000 0.8160016 9.0000000 0.8229599 0.8299833 9.0000000 0.8071490 9.0000000 
taxon_13   0.8022757 9.0000000 9.0000000 0.7755553 9.0000000 0.7935828 0.8140253 9.0000000 9.0000000 0.6172521 0.7506606 2.2173828 0.0000000 0.7983997 9.0000000 0.8061718 9.0000000 0.7849894 9.0000000 9.0000000 0.8320022 9.0000000 0.8140253 9.0000000 0.8003352 9.0000000 9.0000000 0.8100883 9.0000000 0.7868906 
taxon_14   0.7974339 9.0000000 9.0000000 0.8160016 9.0000000 0.7755553 0.7907074 9.0000000 9.0000000 0.8071490 0.8299833 9.0000000 0.7983997 0.0000000 9.0000000 0.7049254 9.0000000 0.7345117 9.0000000 9.0000000 0.7955058 9.0000000 0.8081275 9.0000000 0.7634658 9.0000000 9.0000000 0.7625438 9.0000000 0.7764934 
taxon_15   9.0000000 0.7774327 0.8249599 9.0000000 0.8120542 9.0000000 9.0000000 0.8160016 0.8013048 9.0000000 9.0000000 0.8032478 9.0000000 9.0000000 0.0000000 9.0000000 0.6781069 9.0000000 0.6947558 0.5435644 9.0000000 0.7812015 9.0000000 0.8279699 9.0000000 0.8199698 0.8160016 9.0000000 0.8061718 9.0000000 
taxon_16   0.8120542 9.0000000 9.0000000 0.8081275 9.0000000 0.7907074 0.8350407 9.0000000 9.0000000 0.7868906 0.8081275 9.0000000 0.8061718 0.7049254 9.0000000 0.0000000 1.6754164 0.6922348 9.0000000 1.9826336 0.8140253 9.0000000 0.8360563 9.0000000 0.7718147 9.0000000 9.0000000 0.8110706 9.0000000 0.7935828 
taxon_17   9.0000000 0.7690214 0.7935828 9.0000000 0.8061718 9.0000000 9.0000000 0.7907074 0.7916646 9.0000000 9.0000000 0.8061718 9.0000000 9.0000000 0.6781069 1.6754164 0.0000000 9.0000000 0.6248819 0.4752159 9.0000000 0.7964692 9.0000000 0.8071490 9.0000000 0.8391112 0.8340265 9.0000000 0.8279699 9.0000000 
taxon_18   0.8160016 9.0000000 9.0000000 0.8140253 9.0000000 0.8032478 0.8370732 9.0000000 9.0000000 0.8299833 0.8330137 9.0000000 0.7849894 0.7345117 9.0000000 0.6922348 9.0000000 0.0000000 0.9232511 1.8901412 0.8199698 9.0000000 0.8370732 9.0000000 0.8179831 9.0000000 9.0000000 0.8229599 9.0000000 0.7983997 
taxon_19   9.0000000 0.7812015 0.8199698 9.0000000 0.8289760 9.0000000 9.0000000 0.8189758 0.8239592 9.0000000 9.0000000 0.8239592 9.0000000 9.0000000 0.6947558 9.0000000 0.6248819 0.9232511 0.0000000 0.4283447 9.0000000 0.7802575 9.0000000 0.8219619 9.0000000 0.8199698 0.8239592 9.0000000 0.8022757 9.0000000 
taxon_20   9.0000000 0.7187031 0.8120542 9.0000000 0.7926231 9.0000000 9.0000000 0.7974339 0.7926231 9.0000000 9.0000000 0.8140253 9.0000000 9.0000000 0.5435644 1.9826336 0.4752159 1.8901412 0.4283447 0.0000000 9.0000000 0.7878429 9.0000000 0.8309921 9.0000000 0.8493854 0.8279699 9.0000000 0.8061718 9.0000000 
taxon_21   0.7736827 9.0000000 9.0000000 0.8360563 9.0000000 0.7935828 0.8032478 9.0000000 9.0000000 0.7821467 0.8120542 9.0000000 0.8320022 0.7955058 9.0000000 0.8140253 9.0000000 0.8199698 9.0000000 9.0000000 0.0000000 9.0000000 0.5630822 9.0000000 0.7092038 9.0000000 9.0000000 0.7161004 9.0000000 0.7840406 
taxon_22   9.0000000 0.7643889 0.8360563 9.0000000 0.7945437 9.0000000 9.0000000 0.7926231 0.8071490 9.0000000 9.0000000 0.8169917 9.0000000 9.0000000 0.7812015 9.0000000 0.7964692 9.0000000 0.7802575 0.7878429 9.0000000 0.0000000 9.0000000 0.7887965 9.0000000 0.7897513 0.8081275 9.0000000 0.8556181 9.0000000 
taxon_23   0.7579511 9.0000000 9.0000000 0.8071490 9.0000000 0.7746184 0.8013048 9.0000000 9.0000000 0.7727481 0.8587540 9.0000000 0.8140253 0.8081275 9.0000000 0.8360563 9.0000000 0.8370732 9.0000000 9.0000000 0.5630822 9.0000000 0.0000000 9.0000000 0.6772841 9.0000000 9.0000000 0.6066992 9.0000000 0.7625438 
taxon_24   9.0000000 0.7470418 0.8401323 9.0000000 0.8483516 9.0000000 9.0000000 0.7907074 0.7802575 9.0000000 9.0000000 0.8160016 9.0000000 9.0000000 0.8279699 9.0000000 0.8071490 9.0000000 0.8219619 0.8309921 9.0000000 0.7887965 9.0000000 0.0000000 9.0000000 0.8032478 0.7849894 9.0000000 0.8160016 9.0000000 
taxon_25   0.7812015 9.0000000 9.0000000 0.7897513 9.0000000 0.8032478 0.8013048 9.0000000 9.0000000 0.7616230 0.8110706 9.0000000 0.8003352 0.7634658 9.0000000 0.7718147 9.0000000 0.8179831 9.0000000 9.0000000 0.7092038 9.0000000 0.6772841 9.0000000 0.0000000 9.0000000 9.0000000 0.6364741 9.0000000 0.7699513 
taxon_26   9.0000000 0.7878429 0.8249599 9.0000000 0.8309921 9.0000000 9.0000000 0.8189758 0.8003352 9.0000000 9.0000000 0.8229599 9.0000000 9.0000000 0.8199698 9.0000000 0.8391112 9.0000000 0.8199698 0.8493854 9.0000000 0.7897513 9.0000000 0.8032478 9.0000000 0.0000000 0.2276322 9.0000000 0.8032478 9.0000000 
taxon_27   9.0000000 0.7983997 0.8330137 9.0000000 0.8130391 9.0000000 9.0000000 0.8150128 0.8051959 9.0000000 9.0000000 0.8299833 9.0000000 9.0000000 0.8160016 9.0000000 0.8340265 9.0000000 0.8239592 0.8279699 9.0000000 0.8081275 9.0000000 0.7849894 9.0000000 0.2276322 0.0000000 9.0000000 0.7974339 9.0000000 
taxon_28   0.7708824 9.0000000 9.0000000 0.8130391 9.0000000 0.7926231 0.7859394 9.0000000 9.0000000 0.7849894 0.8199698 9.0000000 0.8100883 0.7625438 9.0000000 0.8110706 9.0000000 0.8229599 9.0000000 9.0000000 0.7161004 9.0000000 0.6066992 9.0000000 0.6364741 9.0000000 9.0000000 0.0000000 9.0000000 0.7746184 
taxon_29   9.0000000 0.7840406 0.7945437 9.0000000 0.8071490 9.0000000 9.0000000 0.8061718 0.8140253 9.0000000 9.0000000 0.8071490 9.0000000 9.0000000 0.8061718 9.0000000 0.8279699 9.0000000 0.8022757 0.8061718 9.0000000 0.8556181 9.0000000 0.8160016 9.0000000 0.8032478 0.7974339 9.0000000 0.0000000 2.9014034 
taxon_30   0.4102715 9.0000000 9.0000000 0.7793147 9.0000000 0.7680926 0.8081275 9.0000000 9.0000000 0.7662384 0.7983997 9.0000000 0.7868906 0.7764934 9.0000000 0.7935828 9.0000000 0.7983997 9.0000000 9.0000000 0.7840406 9.0000000 0.7625438 9.0000000 0.7699513 9.0000000 9.0000000 0.7746184 2.9014034 0.0000000 
