RF=0.957447
WRF=0.006654
