50
taxon_1    0.0000000 0.2713254 0.2679825 0.2829012 0.2195489 0.2459152 0.1949421 0.3101230 0.3101230 0.3238568 0.3357577 0.2848480 0.3383700 0.3141661 0.2956466 0.3420427 0.2746833 0.3253984 0.3177218 0.3172128 0.3547728 0.3290079 0.3715424 0.3999738 0.4318936 0.4091203 0.4108477 0.4022500 0.4085454 0.4313009 0.4254000 0.4450518 0.3420427 0.4342689 0.4318936 0.4114244 0.3781358 0.3192509 0.2843608 0.4120016 0.3731853 0.3847877 0.3347153 0.3770329 0.3606805 0.4201286 0.4073968 0.3954421 0.3948776 0.4056773 
taxon_2    0.2713254 0.0000000 0.2155394 0.2308002 0.1698618 0.2575723 0.2102265 0.3452050 0.3547728 0.3639225 0.3797933 0.3253984 0.3699030 0.3606805 0.3383700 0.3809003 0.3101230 0.3579894 0.3569157 0.3515700 0.3853447 0.3709955 0.4183797 0.4578310 0.4745880 0.4511100 0.4492874 0.4505019 0.4596745 0.4633752 0.4683380 0.5040286 0.3759315 0.4639937 0.4541575 0.4444486 0.4096957 0.3628403 0.3336744 0.4609060 0.4212968 0.4384438 0.3886954 0.4212968 0.4068232 0.4584450 0.4621396 0.4450518 0.4468641 0.4541575 
taxon_3    0.2679825 0.2155394 0.0000000 0.1545510 0.0913433 0.2426835 0.2040753 0.3357577 0.3467912 0.3547728 0.3715424 0.3141661 0.3682672 0.3494423 0.3341947 0.3770329 0.3045990 0.3563794 0.3462621 0.3425688 0.3931865 0.3677228 0.4114244 0.4517185 0.4777327 0.4590595 0.4505019 0.4450518 0.4547685 0.4689606 0.4670942 0.4777327 0.3748318 0.4627571 0.4572175 0.4462595 0.4073968 0.3558435 0.3228308 0.4541575 0.4195452 0.4295258 0.3847877 0.4160541 0.3988383 0.4480748 0.4474692 0.4342689 0.4318936 0.4438460 
taxon_4    0.2829012 0.2308002 0.1545510 0.0000000 0.0920967 0.2608690 0.2111093 0.3601415 0.3585268 0.3775841 0.3859021 0.3347153 0.3875769 0.3612198 0.3526361 0.4051050 0.3238568 0.3720896 0.3660917 0.3606805 0.3999738 0.3820089 0.4295258 0.4652324 0.4923704 0.4708317 0.4683380 0.4541575 0.4702075 0.4853341 0.4714565 0.4955906 0.3859021 0.4752159 0.4695838 0.4529370 0.4154738 0.3693574 0.3457334 0.4764732 0.4390421 0.4456554 0.3977046 0.4372486 0.4212968 0.4689606 0.4646128 0.4486808 0.4511100 0.4633752 
taxon_5    0.2195489 0.1698618 0.0913433 0.0920967 0.0000000 0.1962401 0.1512812 0.2946585 0.2976268 0.3111317 0.3238568 0.2713254 0.3228308 0.3021015 0.2882671 0.3326349 0.2571025 0.3091156 0.2976268 0.2966361 0.3394175 0.3182311 0.3677228 0.4062500 0.4307087 0.4108477 0.4051050 0.3994059 0.4068232 0.4289350 0.4143146 0.4342689 0.3290079 0.4189622 0.4131572 0.3977046 0.3612198 0.3096191 0.2770910 0.4091203 0.3704491 0.3797933 0.3326349 0.3693574 0.3531697 0.4028201 0.4016803 0.3836750 0.3831192 0.3960071 
taxon_6    0.2459152 0.2575723 0.2426835 0.2608690 0.1962401 0.0000000 0.1719551 0.3290079 0.3315968 0.3446770 0.3531697 0.3026003 0.3590647 0.3352363 0.3212945 0.3574523 0.2921938 0.3362794 0.3383700 0.3290079 0.3617596 0.3478505 0.3960071 0.4366517 0.4652324 0.4408400 0.4313009 0.4248125 0.4318936 0.4432438 0.4408400 0.4783632 0.3639225 0.4553800 0.4456554 0.4366517 0.4005422 0.3457334 0.3106272 0.4432438 0.4091203 0.4201286 0.3726372 0.4039617 0.3892554 0.4456554 0.4438460 0.4248125 0.4318936 0.4420409 
taxon_7    0.1949421 0.2102265 0.2040753 0.2111093 0.1512812 0.1719551 0.0000000 0.2775735 0.2863114 0.2941649 0.3076070 0.2533548 0.3030995 0.2790227 0.2698909 0.3056003 0.2344366 0.2858233 0.2838740 0.2742027 0.3156879 0.2931787 0.3378468 0.3770329 0.4016803 0.3781358 0.3764820 0.3688121 0.3753815 0.3881359 0.3870182 0.4039617 0.3045990 0.3960071 0.3892554 0.3764820 0.3378468 0.2858233 0.2482322 0.3825639 0.3425688 0.3558435 0.3081095 0.3378468 0.3315968 0.3759315 0.3720896 0.3612198 0.3622998 0.3748318 
taxon_8    0.3101230 0.3452050 0.3357577 0.3601415 0.2946585 0.3290079 0.2775735 0.0000000 0.2436054 0.2538223 0.2632327 0.2093446 0.3368016 0.3151803 0.3056003 0.3399418 0.2679825 0.3141661 0.3106272 0.3045990 0.3399418 0.3243703 0.4051050 0.4420409 0.4658525 0.4414402 0.4378460 0.4324867 0.4348639 0.4517185 0.4468641 0.4758443 0.3775841 0.4727075 0.4652324 0.4438460 0.4143146 0.3563794 0.3243703 0.4596745 0.4248125 0.4360553 0.3847877 0.4236388 0.4011111 0.4609060 0.4523275 0.4378460 0.4360553 0.4426421 
taxon_9    0.3101230 0.3547728 0.3467912 0.3585268 0.2976268 0.3315968 0.2863114 0.2436054 0.0000000 0.2289886 0.2440668 0.1880574 0.3368016 0.3192509 0.3071048 0.3357577 0.2665544 0.3279749 0.3151803 0.3061015 0.3467912 0.3223183 0.4079709 0.4330803 0.4695838 0.4486808 0.4378460 0.4360553 0.4307087 0.4566045 0.4529370 0.4796258 0.3770329 0.4627571 0.4517185 0.4384438 0.4148940 0.3505054 0.3218062 0.4547685 0.4201286 0.4336743 0.3859021 0.4265765 0.4062500 0.4621396 0.4517185 0.4259880 0.4318936 0.4396409 
taxon_10   0.3238568 0.3639225 0.3547728 0.3775841 0.3111317 0.3446770 0.2941649 0.2538223 0.2289886 0.0000000 0.1808109 0.1244426 0.3404665 0.3269432 0.3121418 0.3441494 0.2809595 0.3347153 0.3197612 0.3146730 0.3542381 0.3347153 0.4248125 0.4572175 0.4866085 0.4689606 0.4702075 0.4572175 0.4584450 0.4783632 0.4695838 0.4834265 0.3814544 0.4739606 0.4664731 0.4450518 0.4154738 0.3569157 0.3336744 0.4621396 0.4301170 0.4378460 0.3920612 0.4384438 0.4218816 0.4627571 0.4566045 0.4462595 0.4498944 0.4609060 
taxon_11   0.3357577 0.3797933 0.3715424 0.3859021 0.3238568 0.3531697 0.3076070 0.2632327 0.2440668 0.1808109 0.0000000 0.0538906 0.3574523 0.3399418 0.3274589 0.3622998 0.2941649 0.3489113 0.3347153 0.3284912 0.3699030 0.3457334 0.4330803 0.4584450 0.5059894 0.4815237 0.4683380 0.4646128 0.4633752 0.4796258 0.4789942 0.4975295 0.3914992 0.4846977 0.4777327 0.4702075 0.4330803 0.3786879 0.3457334 0.4745880 0.4414402 0.4486808 0.4039617 0.4523275 0.4348639 0.4834265 0.4777327 0.4559920 0.4578310 0.4670942 
taxon_12   0.2848480 0.3253984 0.3141661 0.3347153 0.2713254 0.3026003 0.2533548 0.2093446 0.1880574 0.1244426 0.0538906 0.0000000 0.3016030 0.2867999 0.2718042 0.3161959 0.2477682 0.2986189 0.2824153 0.2775735 0.3192509 0.2946585 0.3781358 0.4085454 0.4468641 0.4224669 0.4172160 0.4079709 0.4056773 0.4301170 0.4207125 0.4432438 0.3452050 0.4301170 0.4254000 0.4154738 0.3809003 0.3259130 0.2931787 0.4259880 0.3898157 0.4005422 0.3537037 0.3999738 0.3820089 0.4277548 0.4195452 0.4005422 0.4045331 0.4143146 
taxon_13   0.3383700 0.3699030 0.3682672 0.3875769 0.3228308 0.3590647 0.3030995 0.3368016 0.3368016 0.3404665 0.3574523 0.3016030 0.0000000 0.1480256 0.1391450 0.3321157 0.2622863 0.3167042 0.3050995 0.3026003 0.3420427 0.3218062 0.4438460 0.4758443 0.5040286 0.4783632 0.4733338 0.4689606 0.4866085 0.4834265 0.4853341 0.5205273 0.4154738 0.5053353 0.4930133 0.4745880 0.4390421 0.3853447 0.3505054 0.4758443 0.4420409 0.4547685 0.4005422 0.4378460 0.4148940 0.4821574 0.4752159 0.4511100 0.4541575 0.4590595 
taxon_14   0.3141661 0.3606805 0.3494423 0.3612198 0.3021015 0.3352363 0.2790227 0.3151803 0.3192509 0.3269432 0.3399418 0.2867999 0.1480256 0.0000000 0.0694521 0.3151803 0.2449904 0.2986189 0.2863114 0.2766088 0.3146730 0.2951524 0.4183797 0.4566045 0.4866085 0.4627571 0.4474692 0.4450518 0.4559920 0.4633752 0.4627571 0.4923704 0.3886954 0.4764732 0.4689606 0.4468641 0.4143146 0.3596029 0.3269432 0.4572175 0.4189622 0.4248125 0.3770329 0.4096957 0.3926236 0.4615226 0.4559920 0.4301170 0.4366517 0.4432438 
taxon_15   0.2956466 0.3383700 0.3341947 0.3526361 0.2882671 0.3212945 0.2698909 0.3056003 0.3071048 0.3121418 0.3274589 0.2718042 0.1391450 0.0694521 0.0000000 0.3016030 0.2321618 0.2843608 0.2708470 0.2627594 0.3096191 0.2877777 0.4102715 0.4480748 0.4714565 0.4486808 0.4396409 0.4390421 0.4444486 0.4578310 0.4480748 0.4821574 0.3775841 0.4584450 0.4535470 0.4324867 0.4033907 0.3478505 0.3136595 0.4456554 0.4033907 0.4131572 0.3628403 0.3931865 0.3770329 0.4492874 0.4456554 0.4160541 0.4230526 0.4295258 
taxon_16   0.3420427 0.3809003 0.3770329 0.4051050 0.3326349 0.3574523 0.3056003 0.3399418 0.3357577 0.3441494 0.3622998 0.3161959 0.3321157 0.3151803 0.3016030 0.0000000 0.0760633 0.2353484 0.2262794 0.2195489 0.2585127 0.2413027 0.4438460 0.4878851 0.5158710 0.4898041 0.4840618 0.4783632 0.4840618 0.4968826 0.4955906 0.5105846 0.4016803 0.4923704 0.4853341 0.4639937 0.4318936 0.3792404 0.3425688 0.4840618 0.4480748 0.4529370 0.4033907 0.4342689 0.4125792 0.4758443 0.4752159 0.4615226 0.4658525 0.4664731 
taxon_17   0.2746833 0.3101230 0.3045990 0.3238568 0.2571025 0.2921938 0.2344366 0.2679825 0.2665544 0.2809595 0.2941649 0.2477682 0.2622863 0.2449904 0.2321618 0.0760633 0.0000000 0.1702800 0.1582466 0.1541415 0.1966732 0.1727940 0.3753815 0.4172160 0.4450518 0.4201286 0.4131572 0.4091203 0.4183797 0.4218816 0.4242254 0.4426421 0.3352363 0.4218816 0.4148940 0.4011111 0.3639225 0.3136595 0.2785393 0.4207125 0.3825639 0.3875769 0.3357577 0.3715424 0.3494423 0.4102715 0.4085454 0.3914992 0.3948776 0.4011111 
taxon_18   0.3253984 0.3579894 0.3563794 0.3720896 0.3091156 0.3362794 0.2858233 0.3141661 0.3279749 0.3347153 0.3489113 0.2986189 0.3167042 0.2986189 0.2843608 0.2353484 0.1702800 0.0000000 0.1966732 0.1945099 0.2326162 0.2071446 0.4212968 0.4535470 0.4968826 0.4714565 0.4529370 0.4438460 0.4590595 0.4683380 0.4789942 0.4917280 0.3859021 0.4764732 0.4677158 0.4498944 0.4166348 0.3639225 0.3331544 0.4777327 0.4313009 0.4396409 0.3909376 0.4218816 0.4045331 0.4670942 0.4683380 0.4468641 0.4474692 0.4572175 
taxon_19   0.3177218 0.3569157 0.3462621 0.3660917 0.2976268 0.3383700 0.2838740 0.3106272 0.3151803 0.3197612 0.3347153 0.2824153 0.3050995 0.2863114 0.2708470 0.2262794 0.1582466 0.1966732 0.0000000 0.1736338 0.2142076 0.1897726 0.4201286 0.4456554 0.4802579 0.4584450 0.4553800 0.4529370 0.4566045 0.4752159 0.4752159 0.4866085 0.3809003 0.4702075 0.4646128 0.4450518 0.4131572 0.3553080 0.3197612 0.4633752 0.4218816 0.4242254 0.3770329 0.4131572 0.3977046 0.4559920 0.4553800 0.4390421 0.4307087 0.4408400 
taxon_20   0.3172128 0.3515700 0.3425688 0.3606805 0.2966361 0.3290079 0.2742027 0.3045990 0.3061015 0.3146730 0.3284912 0.2775735 0.3026003 0.2766088 0.2627594 0.2195489 0.1541415 0.1945099 0.1736338 0.0000000 0.1468084 0.1216931 0.4005422 0.4396409 0.4702075 0.4486808 0.4396409 0.4348639 0.4438460 0.4492874 0.4444486 0.4708317 0.3677228 0.4444486 0.4366517 0.4254000 0.3926236 0.3415169 0.3187408 0.4535470 0.4189622 0.4212968 0.3720896 0.4096957 0.3853447 0.4511100 0.4438460 0.4248125 0.4248125 0.4330803 
taxon_21   0.3547728 0.3853447 0.3931865 0.3999738 0.3394175 0.3617596 0.3156879 0.3399418 0.3467912 0.3542381 0.3699030 0.3192509 0.3420427 0.3146730 0.3096191 0.2585127 0.1966732 0.2326162 0.2142076 0.1468084 0.0000000 0.1307650 0.4408400 0.4783632 0.5099264 0.4898041 0.4771027 0.4727075 0.4898041 0.5020730 0.4936568 0.5185282 0.4096957 0.4930133 0.4840618 0.4727075 0.4414402 0.3831192 0.3542381 0.4962364 0.4578310 0.4664731 0.4143146 0.4474692 0.4271654 0.4936568 0.4936568 0.4689606 0.4677158 0.4764732 
taxon_22   0.3290079 0.3709955 0.3677228 0.3820089 0.3182311 0.3478505 0.2931787 0.3243703 0.3223183 0.3347153 0.3457334 0.2946585 0.3218062 0.2951524 0.2877777 0.2413027 0.1727940 0.2071446 0.1897726 0.1216931 0.1307650 0.0000000 0.4277548 0.4670942 0.4891639 0.4695838 0.4639937 0.4566045 0.4695838 0.4834265 0.4758443 0.5007720 0.3926236 0.4733338 0.4652324 0.4529370 0.4166348 0.3666350 0.3388936 0.4771027 0.4348639 0.4426421 0.3920612 0.4259880 0.4108477 0.4621396 0.4559920 0.4492874 0.4462595 0.4559920 
taxon_23   0.3715424 0.4183797 0.4114244 0.4295258 0.3677228 0.3960071 0.3378468 0.4051050 0.4079709 0.4248125 0.4330803 0.3781358 0.4438460 0.4183797 0.4102715 0.4438460 0.3753815 0.4212968 0.4201286 0.4005422 0.4408400 0.4277548 0.0000000 0.1435722 0.1586583 0.1387438 0.1715359 0.1508735 0.1603076 0.2422229 0.2344366 0.4408400 0.3352363 0.4218816 0.4212968 0.4011111 0.3737337 0.3197612 0.2799905 0.4172160 0.3731853 0.3859021 0.3399418 0.3644643 0.3596029 0.4091203 0.4079709 0.3875769 0.4005422 0.4045331 
taxon_24   0.3999738 0.4578310 0.4517185 0.4652324 0.4062500 0.4366517 0.3770329 0.4420409 0.4330803 0.4572175 0.4584450 0.4085454 0.4758443 0.4566045 0.4480748 0.4878851 0.4172160 0.4535470 0.4456554 0.4396409 0.4783632 0.4670942 0.1435722 0.0000000 0.1808109 0.1627883 0.2089041 0.1927838 0.2001474 0.2761270 0.2785393 0.4702075 0.3764820 0.4535470 0.4517185 0.4474692 0.4108477 0.3579894 0.3177218 0.4468641 0.4079709 0.4271654 0.3748318 0.3999738 0.3875769 0.4426421 0.4498944 0.4230526 0.4384438 0.4450518 
taxon_25   0.4318936 0.4745880 0.4777327 0.4923704 0.4307087 0.4652324 0.4016803 0.4658525 0.4695838 0.4866085 0.5059894 0.4468641 0.5040286 0.4866085 0.4714565 0.5158710 0.4450518 0.4968826 0.4802579 0.4702075 0.5099264 0.4891639 0.1586583 0.1808109 0.0000000 0.0199291 0.2298939 0.2106678 0.2177642 0.3076070 0.3061015 0.5099264 0.4183797 0.4917280 0.4930133 0.4745880 0.4517185 0.3954421 0.3563794 0.4885242 0.4414402 0.4566045 0.4085454 0.4348639 0.4224669 0.4708317 0.4783632 0.4615226 0.4670942 0.4771027 
taxon_26   0.4091203 0.4511100 0.4590595 0.4708317 0.4108477 0.4408400 0.3781358 0.4414402 0.4486808 0.4689606 0.4815237 0.4224669 0.4783632 0.4627571 0.4486808 0.4898041 0.4201286 0.4714565 0.4584450 0.4486808 0.4898041 0.4695838 0.1387438 0.1627883 0.0199291 0.0000000 0.2102265 0.1910617 0.1966732 0.2867999 0.2833875 0.4898041 0.3943134 0.4702075 0.4702075 0.4559920 0.4289350 0.3731853 0.3326349 0.4664731 0.4189622 0.4336743 0.3870182 0.4131572 0.4016803 0.4498944 0.4578310 0.4432438 0.4474692 0.4572175 
taxon_27   0.4108477 0.4492874 0.4505019 0.4683380 0.4051050 0.4313009 0.3764820 0.4378460 0.4378460 0.4702075 0.4683380 0.4172160 0.4733338 0.4474692 0.4396409 0.4840618 0.4131572 0.4529370 0.4553800 0.4396409 0.4771027 0.4639937 0.1715359 0.2089041 0.2298939 0.2102265 0.0000000 0.1829350 0.1833605 0.2863114 0.2819297 0.4733338 0.3809003 0.4664731 0.4639937 0.4492874 0.4177976 0.3655489 0.3218062 0.4511100 0.4039617 0.4154738 0.3677228 0.3943134 0.3875769 0.4438460 0.4432438 0.4189622 0.4313009 0.4354593 
taxon_28   0.4022500 0.4505019 0.4450518 0.4541575 0.3994059 0.4248125 0.3688121 0.4324867 0.4360553 0.4572175 0.4646128 0.4079709 0.4689606 0.4450518 0.4390421 0.4783632 0.4091203 0.4438460 0.4529370 0.4348639 0.4727075 0.4566045 0.1508735 0.1927838 0.2106678 0.1910617 0.1829350 0.0000000 0.1590703 0.2770910 0.2742027 0.4559920 0.3709955 0.4535470 0.4505019 0.4360553 0.4045331 0.3537037 0.3172128 0.4450518 0.4016803 0.4096957 0.3650064 0.3937497 0.3926236 0.4480748 0.4480748 0.4137357 0.4330803 0.4420409 
taxon_29   0.4085454 0.4596745 0.4547685 0.4702075 0.4068232 0.4318936 0.3753815 0.4348639 0.4307087 0.4584450 0.4633752 0.4056773 0.4866085 0.4559920 0.4444486 0.4840618 0.4183797 0.4590595 0.4566045 0.4438460 0.4898041 0.4695838 0.1603076 0.2001474 0.2177642 0.1966732 0.1833605 0.1590703 0.0000000 0.2756454 0.2727627 0.4689606 0.3781358 0.4602900 0.4566045 0.4408400 0.4045331 0.3596029 0.3156879 0.4517185 0.4120016 0.4195452 0.3759315 0.4045331 0.3914992 0.4468641 0.4462595 0.4166348 0.4330803 0.4366517 
taxon_30   0.4313009 0.4633752 0.4689606 0.4853341 0.4289350 0.4432438 0.3881359 0.4517185 0.4566045 0.4783632 0.4796258 0.4301170 0.4834265 0.4633752 0.4578310 0.4968826 0.4218816 0.4683380 0.4752159 0.4492874 0.5020730 0.4834265 0.2422229 0.2761270 0.3076070 0.2867999 0.2863114 0.2770910 0.2756454 0.0000000 0.2213378 0.4955906 0.3937497 0.4702075 0.4708317 0.4541575 0.4283447 0.3753815 0.3300424 0.4541575 0.4212968 0.4336743 0.3881359 0.4201286 0.4068232 0.4553800 0.4602900 0.4402402 0.4378460 0.4480748 
taxon_31   0.4254000 0.4683380 0.4670942 0.4714565 0.4143146 0.4408400 0.3870182 0.4468641 0.4529370 0.4695838 0.4789942 0.4207125 0.4853341 0.4627571 0.4480748 0.4955906 0.4242254 0.4789942 0.4752159 0.4444486 0.4936568 0.4758443 0.2344366 0.2785393 0.3061015 0.2833875 0.2819297 0.2742027 0.2727627 0.2213378 0.0000000 0.4846977 0.3781358 0.4602900 0.4602900 0.4414402 0.4131572 0.3612198 0.3233436 0.4505019 0.4096957 0.4201286 0.3742826 0.4033907 0.3920612 0.4474692 0.4492874 0.4301170 0.4342689 0.4456554 
taxon_32   0.4450518 0.5040286 0.4777327 0.4955906 0.4342689 0.4783632 0.4039617 0.4758443 0.4796258 0.4834265 0.4975295 0.4432438 0.5205273 0.4923704 0.4821574 0.5105846 0.4426421 0.4917280 0.4866085 0.4708317 0.5185282 0.5007720 0.4408400 0.4702075 0.5099264 0.4898041 0.4733338 0.4559920 0.4689606 0.4955906 0.4846977 0.0000000 0.2603971 0.3436222 0.3394175 0.3259130 0.2926861 0.2362614 0.3315968 0.4602900 0.4207125 0.4330803 0.3886954 0.4230526 0.4131572 0.4708317 0.4652324 0.4432438 0.4553800 0.4535470 
taxon_33   0.3420427 0.3759315 0.3748318 0.3859021 0.3290079 0.3639225 0.3045990 0.3775841 0.3770329 0.3814544 0.3914992 0.3452050 0.4154738 0.3886954 0.3775841 0.4016803 0.3352363 0.3859021 0.3809003 0.3677228 0.4096957 0.3926236 0.3352363 0.3764820 0.4183797 0.3943134 0.3809003 0.3709955 0.3781358 0.3937497 0.3781358 0.2603971 0.0000000 0.1723744 0.1677744 0.1636170 0.1295755 0.0756944 0.2335258 0.3563794 0.3243703 0.3326349 0.2897372 0.3248842 0.3091156 0.3606805 0.3596029 0.3452050 0.3505054 0.3489113 
taxon_34   0.4342689 0.4639937 0.4627571 0.4752159 0.4189622 0.4553800 0.3960071 0.4727075 0.4627571 0.4739606 0.4846977 0.4301170 0.5053353 0.4764732 0.4584450 0.4923704 0.4218816 0.4764732 0.4702075 0.4444486 0.4930133 0.4733338 0.4218816 0.4535470 0.4917280 0.4702075 0.4664731 0.4535470 0.4602900 0.4702075 0.4602900 0.3436222 0.1723744 0.0000000 0.0285361 0.1778473 0.1500587 0.1115684 0.3161959 0.4420409 0.4062500 0.4183797 0.3720896 0.4011111 0.3853447 0.4402402 0.4420409 0.4160541 0.4324867 0.4277548 
taxon_35   0.4318936 0.4541575 0.4572175 0.4695838 0.4131572 0.4456554 0.3892554 0.4652324 0.4517185 0.4664731 0.4777327 0.4254000 0.4930133 0.4689606 0.4535470 0.4853341 0.4148940 0.4677158 0.4646128 0.4366517 0.4840618 0.4652324 0.4212968 0.4517185 0.4930133 0.4702075 0.4639937 0.4505019 0.4566045 0.4708317 0.4602900 0.3394175 0.1677744 0.0285361 0.0000000 0.1732138 0.1464031 0.1084804 0.3111317 0.4384438 0.4056773 0.4172160 0.3720896 0.3971383 0.3847877 0.4330803 0.4348639 0.4102715 0.4212968 0.4177976 
taxon_36   0.4114244 0.4444486 0.4462595 0.4529370 0.3977046 0.4366517 0.3764820 0.4438460 0.4384438 0.4450518 0.4702075 0.4154738 0.4745880 0.4468641 0.4324867 0.4639937 0.4011111 0.4498944 0.4450518 0.4254000 0.4727075 0.4529370 0.4011111 0.4474692 0.4745880 0.4559920 0.4492874 0.4360553 0.4408400 0.4541575 0.4414402 0.3259130 0.1636170 0.1778473 0.1732138 0.0000000 0.1107952 0.1015785 0.2971313 0.4242254 0.3881359 0.3988383 0.3569157 0.3892554 0.3748318 0.4212968 0.4177976 0.4011111 0.4137357 0.4108477 
taxon_37   0.3781358 0.4096957 0.4073968 0.4154738 0.3612198 0.4005422 0.3378468 0.4143146 0.4148940 0.4154738 0.4330803 0.3809003 0.4390421 0.4143146 0.4033907 0.4318936 0.3639225 0.4166348 0.4131572 0.3926236 0.4414402 0.4166348 0.3737337 0.4108477 0.4517185 0.4289350 0.4177976 0.4045331 0.4045331 0.4283447 0.4131572 0.2926861 0.1295755 0.1500587 0.1464031 0.1107952 0.0000000 0.0709162 0.2637063 0.4011111 0.3650064 0.3720896 0.3305602 0.3644643 0.3499736 0.3982712 0.4005422 0.3715424 0.3864600 0.3836750 
taxon_38   0.3192509 0.3628403 0.3558435 0.3693574 0.3096191 0.3457334 0.2858233 0.3563794 0.3505054 0.3569157 0.3786879 0.3259130 0.3853447 0.3596029 0.3478505 0.3792404 0.3136595 0.3639225 0.3553080 0.3415169 0.3831192 0.3666350 0.3197612 0.3579894 0.3954421 0.3731853 0.3655489 0.3537037 0.3596029 0.3753815 0.3612198 0.2362614 0.0756944 0.1115684 0.1084804 0.1015785 0.0709162 0.0000000 0.2115512 0.3436222 0.3061015 0.3172128 0.2732424 0.3030995 0.2902279 0.3373240 0.3404665 0.3238568 0.3269432 0.3259130 
taxon_39   0.2843608 0.3336744 0.3228308 0.3457334 0.2770910 0.3106272 0.2482322 0.3243703 0.3218062 0.3336744 0.3457334 0.2931787 0.3505054 0.3269432 0.3136595 0.3425688 0.2785393 0.3331544 0.3197612 0.3187408 0.3542381 0.3388936 0.2799905 0.3177218 0.3563794 0.3326349 0.3218062 0.3172128 0.3156879 0.3300424 0.3233436 0.3315968 0.2335258 0.3161959 0.3111317 0.2971313 0.2637063 0.2115512 0.0000000 0.2191023 0.1765808 0.1803868 0.1383429 0.1694439 0.1520973 0.2146513 0.2053892 0.1897726 0.1893435 0.1923529 
taxon_40   0.4120016 0.4609060 0.4541575 0.4764732 0.4091203 0.4432438 0.3825639 0.4596745 0.4547685 0.4621396 0.4745880 0.4259880 0.4758443 0.4572175 0.4456554 0.4840618 0.4207125 0.4777327 0.4633752 0.4535470 0.4962364 0.4771027 0.4172160 0.4468641 0.4885242 0.4664731 0.4511100 0.4450518 0.4517185 0.4541575 0.4505019 0.4602900 0.3563794 0.4420409 0.4384438 0.4242254 0.4011111 0.3436222 0.2191023 0.0000000 0.0753258 0.1363413 0.0913433 0.2080238 0.1893435 0.3136595 0.3096191 0.2941649 0.2956466 0.2981227 
taxon_41   0.3731853 0.4212968 0.4195452 0.4390421 0.3704491 0.4091203 0.3425688 0.4248125 0.4201286 0.4301170 0.4414402 0.3898157 0.4420409 0.4189622 0.4033907 0.4480748 0.3825639 0.4313009 0.4218816 0.4189622 0.4578310 0.4348639 0.3731853 0.4079709 0.4414402 0.4189622 0.4039617 0.4016803 0.4120016 0.4212968 0.4096957 0.4207125 0.3243703 0.4062500 0.4056773 0.3881359 0.3650064 0.3061015 0.1765808 0.0753258 0.0000000 0.0905907 0.0456977 0.1586583 0.1435722 0.2703688 0.2689361 0.2519543 0.2538223 0.2556949 
taxon_42   0.3847877 0.4384438 0.4295258 0.4456554 0.3797933 0.4201286 0.3558435 0.4360553 0.4336743 0.4378460 0.4486808 0.4005422 0.4547685 0.4248125 0.4131572 0.4529370 0.3875769 0.4396409 0.4242254 0.4212968 0.4664731 0.4426421 0.3859021 0.4271654 0.4566045 0.4336743 0.4154738 0.4096957 0.4195452 0.4336743 0.4201286 0.4330803 0.3326349 0.4183797 0.4172160 0.3988383 0.3720896 0.3172128 0.1803868 0.1363413 0.0905907 0.0000000 0.0556835 0.1686087 0.1549607 0.2804748 0.2761270 0.2641803 0.2571025 0.2613411 
taxon_43   0.3347153 0.3886954 0.3847877 0.3977046 0.3326349 0.3726372 0.3081095 0.3847877 0.3859021 0.3920612 0.4039617 0.3537037 0.4005422 0.3770329 0.3628403 0.4033907 0.3357577 0.3909376 0.3770329 0.3720896 0.4143146 0.3920612 0.3399418 0.3748318 0.4085454 0.3870182 0.3677228 0.3650064 0.3759315 0.3881359 0.3742826 0.3886954 0.2897372 0.3720896 0.3720896 0.3569157 0.3305602 0.2732424 0.1383429 0.0913433 0.0456977 0.0556835 0.0000000 0.1240492 0.1065568 0.2335258 0.2289886 0.2119933 0.2155394 0.2150952 
taxon_44   0.3770329 0.4212968 0.4160541 0.4372486 0.3693574 0.4039617 0.3378468 0.4236388 0.4265765 0.4384438 0.4523275 0.3999738 0.4378460 0.4096957 0.3931865 0.4342689 0.3715424 0.4218816 0.4131572 0.4096957 0.4474692 0.4259880 0.3644643 0.3999738 0.4348639 0.4131572 0.3943134 0.3937497 0.4045331 0.4201286 0.4033907 0.4230526 0.3248842 0.4011111 0.3971383 0.3892554 0.3644643 0.3030995 0.1694439 0.2080238 0.1586583 0.1686087 0.1240492 0.0000000 0.1299718 0.2646545 0.2613411 0.2477682 0.2459152 0.2445285 
taxon_45   0.3606805 0.4068232 0.3988383 0.4212968 0.3531697 0.3892554 0.3315968 0.4011111 0.4062500 0.4218816 0.4348639 0.3820089 0.4148940 0.3926236 0.3770329 0.4125792 0.3494423 0.4045331 0.3977046 0.3853447 0.4271654 0.4108477 0.3596029 0.3875769 0.4224669 0.4016803 0.3875769 0.3926236 0.3914992 0.4068232 0.3920612 0.4131572 0.3091156 0.3853447 0.3847877 0.3748318 0.3499736 0.2902279 0.1520973 0.1893435 0.1435722 0.1549607 0.1065568 0.1299718 0.0000000 0.2486964 0.2468412 0.2335258 0.2312538 0.2280845 
taxon_46   0.4201286 0.4584450 0.4480748 0.4689606 0.4028201 0.4456554 0.3759315 0.4609060 0.4621396 0.4627571 0.4834265 0.4277548 0.4821574 0.4615226 0.4492874 0.4758443 0.4102715 0.4670942 0.4559920 0.4511100 0.4936568 0.4621396 0.4091203 0.4426421 0.4708317 0.4498944 0.4438460 0.4480748 0.4468641 0.4553800 0.4474692 0.4708317 0.3606805 0.4402402 0.4330803 0.4212968 0.3982712 0.3373240 0.2146513 0.3136595 0.2703688 0.2804748 0.2335258 0.2646545 0.2486964 0.0000000 0.0831056 0.2106678 0.2186560 0.2155394 
taxon_47   0.4073968 0.4621396 0.4474692 0.4646128 0.4016803 0.4438460 0.3720896 0.4523275 0.4517185 0.4566045 0.4777327 0.4195452 0.4752159 0.4559920 0.4456554 0.4752159 0.4085454 0.4683380 0.4553800 0.4438460 0.4936568 0.4559920 0.4079709 0.4498944 0.4783632 0.4578310 0.4432438 0.4480748 0.4462595 0.4602900 0.4492874 0.4652324 0.3596029 0.4420409 0.4348639 0.4177976 0.4005422 0.3404665 0.2053892 0.3096191 0.2689361 0.2761270 0.2289886 0.2613411 0.2468412 0.0831056 0.0000000 0.2115512 0.2168735 0.2133211 
taxon_48   0.3954421 0.4450518 0.4342689 0.4486808 0.3836750 0.4248125 0.3612198 0.4378460 0.4259880 0.4462595 0.4559920 0.4005422 0.4511100 0.4301170 0.4160541 0.4615226 0.3914992 0.4468641 0.4390421 0.4248125 0.4689606 0.4492874 0.3875769 0.4230526 0.4615226 0.4432438 0.4189622 0.4137357 0.4166348 0.4402402 0.4301170 0.4432438 0.3452050 0.4160541 0.4102715 0.4011111 0.3715424 0.3238568 0.1897726 0.2941649 0.2519543 0.2641803 0.2119933 0.2477682 0.2335258 0.2106678 0.2115512 0.0000000 0.1936464 0.1949421 
taxon_49   0.3948776 0.4468641 0.4318936 0.4511100 0.3831192 0.4318936 0.3622998 0.4360553 0.4318936 0.4498944 0.4578310 0.4045331 0.4541575 0.4366517 0.4230526 0.4658525 0.3948776 0.4474692 0.4307087 0.4248125 0.4677158 0.4462595 0.4005422 0.4384438 0.4670942 0.4474692 0.4313009 0.4330803 0.4330803 0.4378460 0.4342689 0.4553800 0.3505054 0.4324867 0.4212968 0.4137357 0.3864600 0.3269432 0.1893435 0.2956466 0.2538223 0.2571025 0.2155394 0.2459152 0.2312538 0.2186560 0.2168735 0.1936464 0.0000000 0.0607268 
taxon_50   0.4056773 0.4541575 0.4438460 0.4633752 0.3960071 0.4420409 0.3748318 0.4426421 0.4396409 0.4609060 0.4670942 0.4143146 0.4590595 0.4432438 0.4295258 0.4664731 0.4011111 0.4572175 0.4408400 0.4330803 0.4764732 0.4559920 0.4045331 0.4450518 0.4771027 0.4572175 0.4354593 0.4420409 0.4366517 0.4480748 0.4456554 0.4535470 0.3489113 0.4277548 0.4177976 0.4108477 0.3836750 0.3259130 0.1923529 0.2981227 0.2556949 0.2613411 0.2150952 0.2445285 0.2280845 0.2155394 0.2133211 0.1949421 0.0607268 0.0000000 
