50
taxon_1    0.0000000 0.0920966 0.0872130 0.0928507 0.0947394 0.0887123 0.0771708 0.0936056 0.0909668 0.0831055 0.0954962 0.0954962 0.0928507 0.0924736 0.0992917 0.1008153 0.0947394 0.0962538 0.0954962 0.0951177 0.0936056 0.0924736 0.0943613 0.0951177 0.1031065 0.0913432 0.0917198 0.0943613 0.0947394 0.0936056 0.0894630 0.0947394 0.0996723 0.0902145 0.0936056 0.0905906 0.0947394 0.0902145 0.0872130 0.0985311 0.1019600 0.0905906 0.0947394 0.0939834 0.0936056 0.0894630 0.0981510 0.0913432 0.0928507 0.0775403 
taxon_2    0.0920966 0.0000000 0.0481817 0.0538906 0.0542488 0.0488929 0.0379438 0.0542488 0.0521019 0.0977712 0.1127292 0.1119548 0.1107948 0.1127292 0.1193438 0.1197347 0.1162238 0.1162238 0.1146686 0.1142803 0.1150571 0.1115680 0.1154458 0.1142803 0.1240492 0.1100224 0.1069408 0.1131167 0.1150571 0.1150571 0.1092508 0.1138923 0.1181723 0.1096365 0.1100224 0.1080949 0.1127292 0.1096365 0.1065565 0.1173923 0.1185626 0.1096365 0.1119548 0.1119548 0.1138923 0.1092508 0.1142803 0.1104085 0.1123419 0.0958749 
taxon_3    0.0872130 0.0481817 0.0000000 0.0386454 0.0393477 0.0442819 0.0330510 0.0488929 0.0474711 0.0939834 0.1084800 0.1077100 0.1073253 0.1080949 0.1150571 0.1150571 0.1096365 0.1107948 0.1080949 0.1084800 0.1084800 0.1073253 0.1107948 0.1104085 0.1189531 0.1046379 0.1042548 0.1073253 0.1100224 0.1088653 0.1034891 0.1069408 0.1119548 0.1015783 0.1061724 0.1038718 0.1054047 0.1015783 0.1000531 0.1111813 0.1138923 0.1034891 0.1061724 0.1077100 0.1069408 0.1031065 0.1104085 0.1034891 0.1069408 0.0902145 
taxon_4    0.0928507 0.0538906 0.0386454 0.0000000 0.0202715 0.0492488 0.0386454 0.0531746 0.0524593 0.0973916 0.1123419 0.1119548 0.1119548 0.1131167 0.1201258 0.1209086 0.1154458 0.1166131 0.1146686 0.1150571 0.1150571 0.1131167 0.1150571 0.1146686 0.1248362 0.1107948 0.1092508 0.1127292 0.1154458 0.1142803 0.1084800 0.1111813 0.1177822 0.1073253 0.1104085 0.1088653 0.1111813 0.1077100 0.1046379 0.1170026 0.1189531 0.1084800 0.1111813 0.1119548 0.1138923 0.1080949 0.1158347 0.1092508 0.1127292 0.0958749 
taxon_5    0.0947394 0.0542488 0.0393477 0.0202715 0.0000000 0.0510307 0.0393477 0.0535325 0.0524593 0.0985311 0.1146686 0.1138923 0.1154458 0.1158347 0.1224767 0.1232620 0.1181723 0.1197347 0.1173923 0.1177822 0.1170026 0.1154458 0.1177822 0.1173923 0.1272021 0.1131167 0.1115680 0.1154458 0.1173923 0.1170026 0.1111813 0.1138923 0.1209086 0.1092508 0.1138923 0.1115680 0.1131167 0.1104085 0.1065565 0.1189531 0.1209086 0.1107948 0.1146686 0.1154458 0.1162238 0.1115680 0.1181723 0.1115680 0.1150571 0.0981510 
taxon_6    0.0887123 0.0488929 0.0442819 0.0492488 0.0510307 0.0000000 0.0250814 0.0453435 0.0432218 0.0943613 0.1084800 0.1077100 0.1061724 0.1084800 0.1158347 0.1154458 0.1100224 0.1127292 0.1100224 0.1100224 0.1104085 0.1084800 0.1111813 0.1107948 0.1205171 0.1061724 0.1046379 0.1080949 0.1107948 0.1107948 0.1057885 0.1077100 0.1119548 0.1031065 0.1069408 0.1046379 0.1061724 0.1019600 0.0996723 0.1115680 0.1142803 0.1038718 0.1065565 0.1077100 0.1073253 0.1027242 0.1092508 0.1038718 0.1065565 0.0905906 
taxon_7    0.0771708 0.0379438 0.0330510 0.0386454 0.0393477 0.0250814 0.0000000 0.0327027 0.0313113 0.0831055 0.0954962 0.0951177 0.0958749 0.0970121 0.1038718 0.1038718 0.0996723 0.1008153 0.0973916 0.0981510 0.0985311 0.0970121 0.0996723 0.0992917 0.1080949 0.0947394 0.0928507 0.0973916 0.0996723 0.0996723 0.0936056 0.0970121 0.1011967 0.0920966 0.0958749 0.0936056 0.0951177 0.0920966 0.0887123 0.1004341 0.1027242 0.0932281 0.0947394 0.0962538 0.0966328 0.0917198 0.0992917 0.0928507 0.0954962 0.0790203 
taxon_8    0.0936056 0.0542488 0.0488929 0.0531746 0.0535325 0.0453435 0.0327027 0.0000000 0.0435750 0.0989113 0.1138923 0.1119548 0.1119548 0.1107948 0.1173923 0.1177822 0.1131167 0.1135044 0.1107948 0.1119548 0.1111813 0.1111813 0.1127292 0.1127292 0.1220844 0.1084800 0.1077100 0.1096365 0.1127292 0.1123419 0.1069408 0.1111813 0.1150571 0.1065565 0.1107948 0.1080949 0.1104085 0.1061724 0.1034891 0.1158347 0.1181723 0.1054047 0.1096365 0.1111813 0.1115680 0.1057885 0.1142803 0.1077100 0.1107948 0.0936056 
taxon_9    0.0909668 0.0521019 0.0474711 0.0524593 0.0524593 0.0432218 0.0313113 0.0435750 0.0000000 0.0970121 0.1123419 0.1107948 0.1088653 0.1107948 0.1177822 0.1185626 0.1131167 0.1142803 0.1123419 0.1127292 0.1123419 0.1104085 0.1119548 0.1119548 0.1220844 0.1088653 0.1077100 0.1115680 0.1142803 0.1127292 0.1073253 0.1092508 0.1146686 0.1057885 0.1088653 0.1077100 0.1088653 0.1050212 0.1034891 0.1142803 0.1173923 0.1061724 0.1080949 0.1092508 0.1100224 0.1050212 0.1131167 0.1069408 0.1096365 0.0928507 
taxon_10   0.0831055 0.0977712 0.0939834 0.0973916 0.0985311 0.0943613 0.0831055 0.0989113 0.0970121 0.0000000 0.0578408 0.0571210 0.0823611 0.0819892 0.0883372 0.0902145 0.0842235 0.0849698 0.0831055 0.0823611 0.0831055 0.0819892 0.0845966 0.0849698 0.0905906 0.0790203 0.0790203 0.0845966 0.0838507 0.0838507 0.0786501 0.0812459 0.0864645 0.0790203 0.0816174 0.0779101 0.0823611 0.0779101 0.0742209 0.0860906 0.0898387 0.0786501 0.0812459 0.0790203 0.0823611 0.0805033 0.0834780 0.0808745 0.0812459 0.0654404 
taxon_11   0.0954962 0.1127292 0.1084800 0.1123419 0.1146686 0.1084800 0.0954962 0.1138923 0.1123419 0.0578408 0.0000000 0.0344457 0.0943613 0.0924736 0.1000531 0.1015783 0.0954962 0.0954962 0.0932281 0.0928507 0.0939834 0.0932281 0.0954962 0.0958749 0.1011967 0.0913432 0.0936056 0.0966328 0.0958749 0.0951177 0.0902145 0.0936056 0.1008153 0.0924736 0.0936056 0.0890876 0.0924736 0.0894630 0.0868387 0.0985311 0.1000531 0.0909668 0.0939834 0.0924736 0.0943613 0.0920966 0.0977712 0.0909668 0.0936056 0.0768014 
taxon_12   0.0954962 0.1119548 0.1077100 0.1119548 0.1138923 0.1077100 0.0951177 0.1119548 0.1107948 0.0571210 0.0344457 0.0000000 0.0920966 0.0905906 0.0985311 0.0989113 0.0936056 0.0943613 0.0924736 0.0917198 0.0928507 0.0920966 0.0943613 0.0943613 0.0996723 0.0909668 0.0920966 0.0947394 0.0943613 0.0936056 0.0887123 0.0920966 0.0996723 0.0902145 0.0928507 0.0883372 0.0928507 0.0894630 0.0849698 0.0970121 0.0989113 0.0894630 0.0928507 0.0913432 0.0920966 0.0902145 0.0954962 0.0894630 0.0902145 0.0749573 
taxon_13   0.0928507 0.1107948 0.1073253 0.1119548 0.1154458 0.1061724 0.0958749 0.1119548 0.1088653 0.0823611 0.0943613 0.0920966 0.0000000 0.0382946 0.0442819 0.0456977 0.0400506 0.0460520 0.0432218 0.0428688 0.0418107 0.0435750 0.0442819 0.0453435 0.0560427 0.0435750 0.0432218 0.0467612 0.0471161 0.0464065 0.0418107 0.0607268 0.0687210 0.0596432 0.0621740 0.0582009 0.0628986 0.0585612 0.0549658 0.0665323 0.0683558 0.0582009 0.0621740 0.0625362 0.0636239 0.0600042 0.0650767 0.0603654 0.0636239 0.0464065 
taxon_14   0.0924736 0.1127292 0.1080949 0.1131167 0.1158347 0.1084800 0.0970121 0.1107948 0.1107948 0.0819892 0.0924736 0.0905906 0.0382946 0.0000000 0.0442819 0.0449894 0.0393477 0.0446356 0.0439284 0.0435750 0.0411062 0.0421633 0.0439284 0.0442819 0.0549658 0.0432218 0.0449894 0.0456977 0.0456977 0.0449894 0.0407541 0.0610883 0.0668967 0.0585612 0.0625362 0.0574808 0.0614500 0.0571210 0.0538906 0.0661682 0.0687210 0.0574808 0.0621740 0.0621740 0.0628986 0.0596432 0.0654404 0.0596432 0.0632612 0.0456977 
taxon_15   0.0992917 0.1193438 0.1150571 0.1201258 0.1224767 0.1158347 0.1038718 0.1173923 0.1177822 0.0883372 0.1000531 0.0985311 0.0442819 0.0442819 0.0000000 0.0467612 0.0407541 0.0524593 0.0496048 0.0492488 0.0478263 0.0492488 0.0506740 0.0510307 0.0618119 0.0492488 0.0506740 0.0528168 0.0528168 0.0524593 0.0478263 0.0672612 0.0734853 0.0654404 0.0705499 0.0650767 0.0683558 0.0636239 0.0592824 0.0723831 0.0749573 0.0643500 0.0690864 0.0679908 0.0690864 0.0658042 0.0727503 0.0650767 0.0694520 0.0521019 
taxon_16   0.1008153 0.1197347 0.1150571 0.1209086 0.1232620 0.1154458 0.1038718 0.1177822 0.1185626 0.0902145 0.1015783 0.0989113 0.0456977 0.0449894 0.0467612 0.0000000 0.0219858 0.0510307 0.0503174 0.0499611 0.0478263 0.0499611 0.0521019 0.0524593 0.0625362 0.0506740 0.0517446 0.0521019 0.0528168 0.0521019 0.0478263 0.0672612 0.0753258 0.0658042 0.0709162 0.0643500 0.0694520 0.0647133 0.0603654 0.0727503 0.0756944 0.0650767 0.0698178 0.0690864 0.0701837 0.0668967 0.0705499 0.0672612 0.0698178 0.0517446 
taxon_17   0.0947394 0.1162238 0.1096365 0.1154458 0.1181723 0.1100224 0.0996723 0.1131167 0.1131167 0.0842235 0.0954962 0.0936056 0.0400506 0.0393477 0.0407541 0.0219858 0.0000000 0.0460520 0.0456977 0.0453435 0.0425159 0.0439284 0.0464065 0.0467612 0.0571210 0.0453435 0.0464065 0.0467612 0.0474711 0.0474711 0.0428688 0.0621740 0.0694520 0.0592824 0.0647133 0.0592824 0.0636239 0.0592824 0.0553246 0.0665323 0.0698178 0.0585612 0.0636239 0.0636239 0.0643500 0.0610883 0.0654404 0.0614500 0.0647133 0.0464065 
taxon_18   0.0962538 0.1162238 0.1107948 0.1166131 0.1197347 0.1127292 0.1008153 0.1135044 0.1142803 0.0849698 0.0954962 0.0943613 0.0460520 0.0446356 0.0524593 0.0510307 0.0460520 0.0000000 0.0439284 0.0446356 0.0428688 0.0439284 0.0449894 0.0446356 0.0607268 0.0474711 0.0485372 0.0506740 0.0503174 0.0485372 0.0442819 0.0650767 0.0709162 0.0625362 0.0676259 0.0621740 0.0661682 0.0618119 0.0582009 0.0701837 0.0731177 0.0625362 0.0665323 0.0661682 0.0672612 0.0628986 0.0694520 0.0639869 0.0654404 0.0488929 
taxon_19   0.0954962 0.1146686 0.1080949 0.1146686 0.1173923 0.1100224 0.0973916 0.1107948 0.1123419 0.0831055 0.0932281 0.0924736 0.0432218 0.0439284 0.0496048 0.0503174 0.0456977 0.0439284 0.0000000 0.0117584 0.0396990 0.0404023 0.0428688 0.0435750 0.0578408 0.0456977 0.0478263 0.0492488 0.0492488 0.0481817 0.0435750 0.0621740 0.0698178 0.0610883 0.0643500 0.0603654 0.0636239 0.0592824 0.0564019 0.0676259 0.0701837 0.0592824 0.0650767 0.0643500 0.0654404 0.0618119 0.0676259 0.0628986 0.0643500 0.0474711 
taxon_20   0.0951177 0.1142803 0.1084800 0.1150571 0.1177822 0.1100224 0.0981510 0.1119548 0.1127292 0.0823611 0.0928507 0.0917198 0.0428688 0.0435750 0.0492488 0.0499611 0.0453435 0.0446356 0.0117584 0.0000000 0.0400506 0.0393477 0.0425159 0.0432218 0.0574808 0.0453435 0.0474711 0.0481817 0.0488929 0.0481817 0.0435750 0.0618119 0.0690864 0.0610883 0.0632612 0.0600042 0.0628986 0.0589217 0.0556835 0.0668967 0.0687210 0.0600042 0.0643500 0.0636239 0.0647133 0.0592824 0.0672612 0.0625362 0.0628986 0.0460520 
taxon_21   0.0936056 0.1150571 0.1084800 0.1150571 0.1170026 0.1104085 0.0985311 0.1111813 0.1123419 0.0831055 0.0939834 0.0928507 0.0418107 0.0411062 0.0478263 0.0478263 0.0425159 0.0428688 0.0396990 0.0400506 0.0000000 0.0372429 0.0382946 0.0386454 0.0567614 0.0435750 0.0456977 0.0460520 0.0467612 0.0453435 0.0407541 0.0610883 0.0668967 0.0589217 0.0639869 0.0582009 0.0618119 0.0574808 0.0549658 0.0668967 0.0698178 0.0585612 0.0628986 0.0632612 0.0639869 0.0589217 0.0658042 0.0610883 0.0632612 0.0456977 
taxon_22   0.0924736 0.1115680 0.1073253 0.1131167 0.1154458 0.1084800 0.0970121 0.1111813 0.1104085 0.0819892 0.0932281 0.0920966 0.0435750 0.0421633 0.0492488 0.0499611 0.0439284 0.0439284 0.0404023 0.0393477 0.0372429 0.0000000 0.0400506 0.0404023 0.0567614 0.0442819 0.0449894 0.0467612 0.0471161 0.0467612 0.0421633 0.0621740 0.0672612 0.0600042 0.0647133 0.0592824 0.0628986 0.0589217 0.0549658 0.0654404 0.0687210 0.0592824 0.0636239 0.0632612 0.0639869 0.0607268 0.0654404 0.0607268 0.0621740 0.0456977 
taxon_23   0.0943613 0.1154458 0.1107948 0.1150571 0.1177822 0.1111813 0.0996723 0.1127292 0.1119548 0.0845966 0.0954962 0.0943613 0.0442819 0.0439284 0.0506740 0.0521019 0.0464065 0.0449894 0.0428688 0.0425159 0.0382946 0.0400506 0.0000000 0.0056876 0.0592824 0.0464065 0.0485372 0.0499611 0.0485372 0.0481817 0.0442819 0.0636239 0.0694520 0.0610883 0.0654404 0.0607268 0.0647133 0.0603654 0.0574808 0.0698178 0.0723831 0.0603654 0.0650767 0.0647133 0.0647133 0.0621740 0.0679908 0.0632612 0.0658042 0.0481817 
taxon_24   0.0951177 0.1142803 0.1104085 0.1146686 0.1173923 0.1107948 0.0992917 0.1127292 0.1119548 0.0849698 0.0958749 0.0943613 0.0453435 0.0442819 0.0510307 0.0524593 0.0467612 0.0446356 0.0435750 0.0432218 0.0386454 0.0404023 0.0056876 0.0000000 0.0596432 0.0467612 0.0488929 0.0503174 0.0488929 0.0481817 0.0442819 0.0639869 0.0694520 0.0610883 0.0658042 0.0610883 0.0650767 0.0607268 0.0578408 0.0701837 0.0727503 0.0607268 0.0658042 0.0647133 0.0650767 0.0628986 0.0683558 0.0636239 0.0661682 0.0485372 
taxon_25   0.1031065 0.1240492 0.1189531 0.1248362 0.1272021 0.1205171 0.1080949 0.1220844 0.1220844 0.0905906 0.1011967 0.0996723 0.0560427 0.0549658 0.0618119 0.0625362 0.0571210 0.0607268 0.0578408 0.0574808 0.0567614 0.0567614 0.0592824 0.0596432 0.0000000 0.0446356 0.0556835 0.0560427 0.0571210 0.0564019 0.0517446 0.0716493 0.0775403 0.0698178 0.0742209 0.0683558 0.0727503 0.0683558 0.0636239 0.0749573 0.0764322 0.0668967 0.0731177 0.0720161 0.0734853 0.0690864 0.0749573 0.0709162 0.0727503 0.0553246 
taxon_26   0.0913432 0.1100224 0.1046379 0.1107948 0.1131167 0.1061724 0.0947394 0.1084800 0.1088653 0.0790203 0.0913432 0.0909668 0.0435750 0.0432218 0.0492488 0.0506740 0.0453435 0.0474711 0.0456977 0.0453435 0.0435750 0.0442819 0.0464065 0.0467612 0.0446356 0.0000000 0.0425159 0.0446356 0.0432218 0.0432218 0.0389965 0.0596432 0.0654404 0.0574808 0.0614500 0.0567614 0.0596432 0.0564019 0.0531746 0.0643500 0.0676259 0.0571210 0.0614500 0.0607268 0.0618119 0.0585612 0.0639869 0.0589217 0.0618119 0.0446356 
taxon_27   0.0917198 0.1069408 0.1042548 0.1092508 0.1115680 0.1046379 0.0928507 0.1077100 0.1077100 0.0790203 0.0936056 0.0920966 0.0432218 0.0449894 0.0506740 0.0517446 0.0464065 0.0485372 0.0478263 0.0474711 0.0456977 0.0449894 0.0485372 0.0488929 0.0556835 0.0425159 0.0000000 0.0414584 0.0407541 0.0411062 0.0365426 0.0607268 0.0683558 0.0589217 0.0636239 0.0574808 0.0610883 0.0574808 0.0538906 0.0661682 0.0690864 0.0578408 0.0614500 0.0625362 0.0628986 0.0603654 0.0643500 0.0603654 0.0632612 0.0460520 
taxon_28   0.0943613 0.1131167 0.1073253 0.1127292 0.1154458 0.1080949 0.0973916 0.1096365 0.1115680 0.0845966 0.0966328 0.0947394 0.0467612 0.0456977 0.0528168 0.0521019 0.0467612 0.0506740 0.0492488 0.0481817 0.0460520 0.0467612 0.0499611 0.0503174 0.0560427 0.0446356 0.0414584 0.0000000 0.0382946 0.0375933 0.0330510 0.0618119 0.0690864 0.0603654 0.0647133 0.0592824 0.0632612 0.0589217 0.0546072 0.0679908 0.0698178 0.0600042 0.0639869 0.0643500 0.0647133 0.0610883 0.0668967 0.0614500 0.0647133 0.0474711 
taxon_29   0.0947394 0.1150571 0.1100224 0.1154458 0.1173923 0.1107948 0.0996723 0.1127292 0.1142803 0.0838507 0.0958749 0.0943613 0.0471161 0.0456977 0.0528168 0.0528168 0.0474711 0.0503174 0.0492488 0.0488929 0.0467612 0.0471161 0.0485372 0.0488929 0.0571210 0.0432218 0.0407541 0.0382946 0.0000000 0.0237040 0.0192448 0.0636239 0.0687210 0.0600042 0.0654404 0.0592824 0.0636239 0.0603654 0.0567614 0.0687210 0.0716493 0.0607268 0.0643500 0.0650767 0.0647133 0.0625362 0.0661682 0.0614500 0.0643500 0.0471161 
taxon_30   0.0936056 0.1150571 0.1088653 0.1142803 0.1170026 0.1107948 0.0996723 0.1123419 0.1127292 0.0838507 0.0951177 0.0936056 0.0464065 0.0449894 0.0524593 0.0521019 0.0474711 0.0485372 0.0481817 0.0481817 0.0453435 0.0467612 0.0481817 0.0481817 0.0564019 0.0432218 0.0411062 0.0375933 0.0237040 0.0000000 0.0104052 0.0628986 0.0698178 0.0603654 0.0643500 0.0585612 0.0632612 0.0596432 0.0553246 0.0668967 0.0701837 0.0600042 0.0639869 0.0636239 0.0636239 0.0618119 0.0661682 0.0614500 0.0643500 0.0467612 
taxon_31   0.0894630 0.1092508 0.1034891 0.1084800 0.1111813 0.1057885 0.0936056 0.1069408 0.1073253 0.0786501 0.0902145 0.0887123 0.0418107 0.0407541 0.0478263 0.0478263 0.0428688 0.0442819 0.0435750 0.0435750 0.0407541 0.0421633 0.0442819 0.0442819 0.0517446 0.0389965 0.0365426 0.0330510 0.0192448 0.0104052 0.0000000 0.0582009 0.0650767 0.0556835 0.0603654 0.0538906 0.0585612 0.0549658 0.0513876 0.0636239 0.0661682 0.0553246 0.0592824 0.0589217 0.0592824 0.0571210 0.0610883 0.0564019 0.0596432 0.0421633 
taxon_32   0.0947394 0.1138923 0.1069408 0.1111813 0.1138923 0.1077100 0.0970121 0.1111813 0.1092508 0.0812459 0.0936056 0.0920966 0.0607268 0.0610883 0.0672612 0.0672612 0.0621740 0.0650767 0.0621740 0.0618119 0.0610883 0.0621740 0.0636239 0.0639869 0.0716493 0.0596432 0.0607268 0.0618119 0.0636239 0.0628986 0.0582009 0.0000000 0.0456977 0.0354934 0.0510307 0.0464065 0.0506740 0.0456977 0.0460520 0.0578408 0.0610883 0.0503174 0.0531746 0.0531746 0.0528168 0.0517446 0.0574808 0.0517446 0.0521019 0.0379438 
taxon_33   0.0996723 0.1181723 0.1119548 0.1177822 0.1209086 0.1119548 0.1011967 0.1150571 0.1146686 0.0864645 0.1008153 0.0996723 0.0687210 0.0668967 0.0734853 0.0753258 0.0694520 0.0709162 0.0698178 0.0690864 0.0668967 0.0672612 0.0694520 0.0694520 0.0775403 0.0654404 0.0683558 0.0690864 0.0687210 0.0698178 0.0650767 0.0456977 0.0000000 0.0344457 0.0592824 0.0542488 0.0585612 0.0549658 0.0538906 0.0650767 0.0683558 0.0585612 0.0614500 0.0614500 0.0625362 0.0596432 0.0643500 0.0600042 0.0596432 0.0453435 
taxon_34   0.0902145 0.1096365 0.1015783 0.1073253 0.1092508 0.1031065 0.0920966 0.1065565 0.1057885 0.0790203 0.0924736 0.0902145 0.0596432 0.0585612 0.0654404 0.0658042 0.0592824 0.0625362 0.0610883 0.0610883 0.0589217 0.0600042 0.0610883 0.0610883 0.0698178 0.0574808 0.0589217 0.0603654 0.0600042 0.0603654 0.0556835 0.0354934 0.0344457 0.0000000 0.0499611 0.0449894 0.0485372 0.0453435 0.0446356 0.0560427 0.0592824 0.0481817 0.0517446 0.0517446 0.0521019 0.0492488 0.0549658 0.0499611 0.0521019 0.0358430 
taxon_35   0.0936056 0.1100224 0.1061724 0.1104085 0.1138923 0.1069408 0.0958749 0.1107948 0.1088653 0.0816174 0.0936056 0.0928507 0.0621740 0.0625362 0.0705499 0.0709162 0.0647133 0.0676259 0.0643500 0.0632612 0.0639869 0.0647133 0.0654404 0.0658042 0.0742209 0.0614500 0.0636239 0.0647133 0.0654404 0.0643500 0.0603654 0.0510307 0.0592824 0.0499611 0.0000000 0.0237040 0.0481817 0.0446356 0.0488929 0.0603654 0.0625362 0.0531746 0.0564019 0.0564019 0.0574808 0.0549658 0.0589217 0.0542488 0.0564019 0.0404023 
taxon_36   0.0905906 0.1080949 0.1038718 0.1088653 0.1115680 0.1046379 0.0936056 0.1080949 0.1077100 0.0779101 0.0890876 0.0883372 0.0582009 0.0574808 0.0650767 0.0643500 0.0592824 0.0621740 0.0603654 0.0600042 0.0582009 0.0592824 0.0607268 0.0610883 0.0683558 0.0567614 0.0574808 0.0592824 0.0592824 0.0585612 0.0538906 0.0464065 0.0542488 0.0449894 0.0237040 0.0000000 0.0435750 0.0400506 0.0439284 0.0549658 0.0578408 0.0474711 0.0513876 0.0521019 0.0524593 0.0499611 0.0531746 0.0496048 0.0510307 0.0347948 
taxon_37   0.0947394 0.1127292 0.1054047 0.1111813 0.1131167 0.1061724 0.0951177 0.1104085 0.1088653 0.0823611 0.0924736 0.0928507 0.0628986 0.0614500 0.0683558 0.0694520 0.0636239 0.0661682 0.0636239 0.0628986 0.0618119 0.0628986 0.0647133 0.0650767 0.0727503 0.0596432 0.0610883 0.0632612 0.0636239 0.0632612 0.0585612 0.0506740 0.0585612 0.0485372 0.0481817 0.0435750 0.0000000 0.0299224 0.0464065 0.0571210 0.0603654 0.0517446 0.0542488 0.0535325 0.0553246 0.0521019 0.0582009 0.0535325 0.0556835 0.0393477 
taxon_38   0.0902145 0.1096365 0.1015783 0.1077100 0.1104085 0.1019600 0.0920966 0.1061724 0.1050212 0.0779101 0.0894630 0.0894630 0.0585612 0.0571210 0.0636239 0.0647133 0.0592824 0.0618119 0.0592824 0.0589217 0.0574808 0.0589217 0.0603654 0.0607268 0.0683558 0.0564019 0.0574808 0.0589217 0.0603654 0.0596432 0.0549658 0.0456977 0.0549658 0.0453435 0.0446356 0.0400506 0.0299224 0.0000000 0.0428688 0.0546072 0.0585612 0.0478263 0.0510307 0.0513876 0.0521019 0.0492488 0.0542488 0.0481817 0.0503174 0.0347948 
taxon_39   0.0872130 0.1065565 0.1000531 0.1046379 0.1065565 0.0996723 0.0887123 0.1034891 0.1034891 0.0742209 0.0868387 0.0849698 0.0549658 0.0538906 0.0592824 0.0603654 0.0553246 0.0582009 0.0564019 0.0556835 0.0549658 0.0549658 0.0574808 0.0578408 0.0636239 0.0531746 0.0538906 0.0546072 0.0567614 0.0553246 0.0513876 0.0460520 0.0538906 0.0446356 0.0488929 0.0439284 0.0464065 0.0428688 0.0000000 0.0386454 0.0418107 0.0379438 0.0407541 0.0407541 0.0400506 0.0382946 0.0492488 0.0439284 0.0453435 0.0302694 
taxon_40   0.0985311 0.1173923 0.1111813 0.1170026 0.1189531 0.1115680 0.1004341 0.1158347 0.1142803 0.0860906 0.0985311 0.0970121 0.0665323 0.0661682 0.0723831 0.0727503 0.0665323 0.0701837 0.0676259 0.0668967 0.0668967 0.0654404 0.0698178 0.0701837 0.0749573 0.0643500 0.0661682 0.0679908 0.0687210 0.0668967 0.0636239 0.0578408 0.0650767 0.0560427 0.0603654 0.0549658 0.0571210 0.0546072 0.0386454 0.0000000 0.0288824 0.0496048 0.0513876 0.0517446 0.0524593 0.0496048 0.0607268 0.0556835 0.0571210 0.0418107 
taxon_41   0.1019600 0.1185626 0.1138923 0.1189531 0.1209086 0.1142803 0.1027242 0.1181723 0.1173923 0.0898387 0.1000531 0.0989113 0.0683558 0.0687210 0.0749573 0.0756944 0.0698178 0.0731177 0.0701837 0.0687210 0.0698178 0.0687210 0.0723831 0.0727503 0.0764322 0.0676259 0.0690864 0.0698178 0.0716493 0.0701837 0.0661682 0.0610883 0.0683558 0.0592824 0.0625362 0.0578408 0.0603654 0.0585612 0.0418107 0.0288824 0.0000000 0.0517446 0.0560427 0.0556835 0.0556835 0.0524593 0.0643500 0.0578408 0.0607268 0.0446356 
taxon_42   0.0905906 0.1096365 0.1034891 0.1084800 0.1107948 0.1038718 0.0932281 0.1054047 0.1061724 0.0786501 0.0909668 0.0894630 0.0582009 0.0574808 0.0643500 0.0650767 0.0585612 0.0625362 0.0592824 0.0600042 0.0585612 0.0592824 0.0603654 0.0607268 0.0668967 0.0571210 0.0578408 0.0600042 0.0607268 0.0600042 0.0553246 0.0503174 0.0585612 0.0481817 0.0531746 0.0474711 0.0517446 0.0478263 0.0379438 0.0496048 0.0517446 0.0000000 0.0372429 0.0368927 0.0375933 0.0337480 0.0542488 0.0492488 0.0513876 0.0351440 
taxon_43   0.0947394 0.1119548 0.1061724 0.1111813 0.1146686 0.1065565 0.0947394 0.1096365 0.1080949 0.0812459 0.0939834 0.0928507 0.0621740 0.0621740 0.0690864 0.0698178 0.0636239 0.0665323 0.0650767 0.0643500 0.0628986 0.0636239 0.0650767 0.0658042 0.0731177 0.0614500 0.0614500 0.0639869 0.0643500 0.0639869 0.0592824 0.0531746 0.0614500 0.0517446 0.0564019 0.0513876 0.0542488 0.0510307 0.0407541 0.0513876 0.0560427 0.0372429 0.0000000 0.0223291 0.0354934 0.0327027 0.0574808 0.0528168 0.0549658 0.0386454 
taxon_44   0.0939834 0.1119548 0.1077100 0.1119548 0.1154458 0.1077100 0.0962538 0.1111813 0.1092508 0.0790203 0.0924736 0.0913432 0.0625362 0.0621740 0.0679908 0.0690864 0.0636239 0.0661682 0.0643500 0.0636239 0.0632612 0.0632612 0.0647133 0.0647133 0.0720161 0.0607268 0.0625362 0.0643500 0.0650767 0.0636239 0.0589217 0.0531746 0.0614500 0.0517446 0.0564019 0.0521019 0.0535325 0.0513876 0.0407541 0.0517446 0.0556835 0.0368927 0.0223291 0.0000000 0.0340968 0.0320067 0.0556835 0.0521019 0.0531746 0.0379438 
taxon_45   0.0936056 0.1138923 0.1069408 0.1138923 0.1162238 0.1073253 0.0966328 0.1115680 0.1100224 0.0823611 0.0943613 0.0920966 0.0636239 0.0628986 0.0690864 0.0701837 0.0643500 0.0672612 0.0654404 0.0647133 0.0639869 0.0639869 0.0647133 0.0650767 0.0734853 0.0618119 0.0628986 0.0647133 0.0647133 0.0636239 0.0592824 0.0528168 0.0625362 0.0521019 0.0574808 0.0524593 0.0553246 0.0521019 0.0400506 0.0524593 0.0556835 0.0375933 0.0354934 0.0340968 0.0000000 0.0299224 0.0564019 0.0524593 0.0553246 0.0386454 
taxon_46   0.0894630 0.1092508 0.1031065 0.1080949 0.1115680 0.1027242 0.0917198 0.1057885 0.1050212 0.0805033 0.0920966 0.0902145 0.0600042 0.0596432 0.0658042 0.0668967 0.0610883 0.0628986 0.0618119 0.0592824 0.0589217 0.0607268 0.0621740 0.0628986 0.0690864 0.0585612 0.0603654 0.0610883 0.0625362 0.0618119 0.0571210 0.0517446 0.0596432 0.0492488 0.0549658 0.0499611 0.0521019 0.0492488 0.0382946 0.0496048 0.0524593 0.0337480 0.0327027 0.0320067 0.0299224 0.0000000 0.0542488 0.0488929 0.0513876 0.0344457 
taxon_47   0.0981510 0.1142803 0.1104085 0.1158347 0.1181723 0.1092508 0.0992917 0.1142803 0.1131167 0.0834780 0.0977712 0.0954962 0.0650767 0.0654404 0.0727503 0.0705499 0.0654404 0.0694520 0.0676259 0.0672612 0.0658042 0.0654404 0.0679908 0.0683558 0.0749573 0.0639869 0.0643500 0.0668967 0.0661682 0.0661682 0.0610883 0.0574808 0.0643500 0.0549658 0.0589217 0.0531746 0.0582009 0.0542488 0.0492488 0.0607268 0.0643500 0.0542488 0.0574808 0.0556835 0.0564019 0.0542488 0.0000000 0.0467612 0.0496048 0.0327027 
taxon_48   0.0913432 0.1104085 0.1034891 0.1092508 0.1115680 0.1038718 0.0928507 0.1077100 0.1069408 0.0808745 0.0909668 0.0894630 0.0603654 0.0596432 0.0650767 0.0672612 0.0614500 0.0639869 0.0628986 0.0625362 0.0610883 0.0607268 0.0632612 0.0636239 0.0709162 0.0589217 0.0603654 0.0614500 0.0614500 0.0614500 0.0564019 0.0517446 0.0600042 0.0499611 0.0542488 0.0496048 0.0535325 0.0481817 0.0439284 0.0556835 0.0578408 0.0492488 0.0528168 0.0521019 0.0524593 0.0488929 0.0467612 0.0000000 0.0435750 0.0264614 
taxon_49   0.0928507 0.1123419 0.1069408 0.1127292 0.1150571 0.1065565 0.0954962 0.1107948 0.1096365 0.0812459 0.0936056 0.0902145 0.0636239 0.0632612 0.0694520 0.0698178 0.0647133 0.0654404 0.0643500 0.0628986 0.0632612 0.0621740 0.0658042 0.0661682 0.0727503 0.0618119 0.0632612 0.0647133 0.0643500 0.0643500 0.0596432 0.0521019 0.0596432 0.0521019 0.0564019 0.0510307 0.0556835 0.0503174 0.0453435 0.0571210 0.0607268 0.0513876 0.0549658 0.0531746 0.0553246 0.0513876 0.0496048 0.0435750 0.0000000 0.0192448 
taxon_50   0.0775403 0.0958749 0.0902145 0.0958749 0.0981510 0.0905906 0.0790203 0.0936056 0.0928507 0.0654404 0.0768014 0.0749573 0.0464065 0.0456977 0.0521019 0.0517446 0.0464065 0.0488929 0.0474711 0.0460520 0.0456977 0.0456977 0.0481817 0.0485372 0.0553246 0.0446356 0.0460520 0.0474711 0.0471161 0.0467612 0.0421633 0.0379438 0.0453435 0.0358430 0.0404023 0.0347948 0.0393477 0.0347948 0.0302694 0.0418107 0.0446356 0.0351440 0.0386454 0.0379438 0.0386454 0.0344457 0.0327027 0.0264614 0.0192448 0.0000000 
