30
taxon_1    0.0000000 1.7884875 9.0000000 1.7179025 9.0000000 1.7547197 3.2381157 1.9351625 1.7269388 9.0000000 9.0000000 1.7835694 1.6211298 1.6616803 1.8830180 1.8830180 9.0000000 1.8290379 9.0000000 1.7269388 9.0000000 9.0000000 9.0000000 9.0000000 1.7934380 9.0000000 1.6533929 1.7835694 1.7224070 9.0000000 
taxon_2    1.7884875 0.0000000 1.7314981 9.0000000 1.5901976 9.0000000 1.3975148 1.1629481 9.0000000 1.8555424 1.8084886 9.0000000 9.0000000 9.0000000 9.0000000 9.0000000 1.8186929 9.0000000 1.8290379 9.0000000 1.7314981 1.7934380 1.6575251 1.7224070 9.0000000 1.8886360 9.0000000 9.0000000 9.0000000 1.7001502 
taxon_3    9.0000000 1.7314981 0.0000000 1.0798673 0.7232995 9.0000000 1.6330664 1.3329891 9.0000000 1.7786834 1.6370879 9.0000000 4.2125783 9.0000000 9.0000000 9.0000000 1.6055043 9.0000000 1.8886360 9.0000000 1.7453446 1.8448279 1.7835694 1.8135734 9.0000000 1.7642135 9.0000000 9.0000000 9.0000000 1.7179025 
taxon_4    1.7179025 9.0000000 1.0798673 0.0000000 0.4195982 1.6828084 3.6326859 1.9847672 1.7407006 9.0000000 9.0000000 1.8448279 1.6616803 1.6957770 1.7500175 1.7089738 9.0000000 1.6411310 9.0000000 1.7224070 9.0000000 9.0000000 9.0000000 9.0000000 1.6055043 9.0000000 1.7984214 1.7642135 1.7269388 9.0000000 
taxon_5    9.0000000 1.5901976 0.7232995 0.4195982 0.0000000 9.0000000 1.5939951 1.1868978 9.0000000 1.7984214 1.8135734 9.0000000 9.0000000 9.0000000 9.0000000 9.0000000 1.6957770 3.9968167 1.9595548 9.0000000 1.7089738 1.9115385 2.0517760 1.7984214 9.0000000 1.7224070 9.0000000 9.0000000 9.0000000 1.5901976 
taxon_6    1.7547197 9.0000000 9.0000000 1.6828084 9.0000000 0.0000000 1.3575815 2.2513585 1.8342644 9.0000000 9.0000000 1.9533820 1.6658585 1.7269388 1.7642135 1.7884875 9.0000000 1.9472595 9.0000000 1.7407006 9.0000000 9.0000000 9.0000000 9.0000000 1.7835694 9.0000000 1.7786834 1.8238475 1.7314981 9.0000000 
taxon_7    3.2381157 1.3975148 1.6330664 3.6326859 1.5939951 1.3575815 0.0000000 0.8011284 9.0000000 1.8135734 1.7934380 9.0000000 9.0000000 9.0000000 9.0000000 9.0000000 1.6211298 9.0000000 1.7360852 9.0000000 1.7835694 1.8342644 1.9472595 1.9720551 9.0000000 1.8395275 9.0000000 9.0000000 9.0000000 1.6871064 
taxon_8    1.9351625 1.1629481 1.3329891 1.9847672 1.1868978 2.2513585 0.8011284 0.0000000 9.0000000 2.0447992 1.9115385 9.0000000 9.0000000 9.0000000 9.0000000 9.0000000 1.7835694 9.0000000 1.7360852 9.0000000 1.7224070 1.8448279 1.8555424 1.7984214 9.0000000 1.8084886 9.0000000 9.0000000 9.0000000 1.3916782 
taxon_9    1.7269388 9.0000000 9.0000000 1.7407006 9.0000000 1.8342644 9.0000000 9.0000000 0.0000000 0.7524766 9.0000000 1.9411866 1.6658585 1.7360852 1.4335217 1.4428002 2.2985439 1.6658585 9.0000000 1.7134249 3.6927179 9.0000000 9.0000000 9.0000000 1.6700602 9.0000000 1.7884875 1.9595548 1.7314981 9.0000000 
taxon_10   9.0000000 1.8555424 1.7786834 9.0000000 1.7984214 9.0000000 1.8135734 2.0447992 0.7524766 0.0000000 1.6871064 9.0000000 9.0000000 9.0000000 2.3385533 2.1732526 1.2962685 3.2047770 1.7089738 3.6326859 1.5864193 1.6871064 1.7642135 1.7360852 9.0000000 1.7453446 9.0000000 9.0000000 9.0000000 1.5641404 
taxon_11   9.0000000 1.8084886 1.6370879 9.0000000 1.8135734 9.0000000 1.7934380 1.9115385 9.0000000 1.6871064 0.0000000 1.8830180 2.2793120 2.0876679 1.9783842 1.7453446 1.2539687 3.1422410 1.5214749 3.1128254 1.5145941 1.6250876 1.6330664 1.7001502 9.0000000 1.7934380 9.0000000 9.0000000 9.0000000 1.7314981 
taxon_12   1.7835694 9.0000000 9.0000000 1.8448279 9.0000000 1.9533820 9.0000000 9.0000000 1.9411866 9.0000000 1.8830180 0.0000000 0.9370764 0.9060160 1.0068169 0.9276225 1.5864193 1.4617088 3.2730056 1.4521949 2.3083479 3.5771049 9.0000000 9.0000000 1.9057469 9.0000000 1.7500175 1.6658585 1.7984214 9.0000000 
taxon_13   1.6211298 9.0000000 4.2125783 1.6616803 9.0000000 1.6658585 9.0000000 9.0000000 1.6658585 9.0000000 2.2793120 0.9370764 0.0000000 0.4791664 1.1132061 1.0388122 1.8238475 1.4909967 9.0000000 1.4585241 3.4769564 3.6927179 9.0000000 5.5562928 1.7360852 9.0000000 1.9351625 1.7045491 1.7314981 9.0000000 
taxon_14   1.6616803 9.0000000 9.0000000 1.6957770 9.0000000 1.7269388 9.0000000 9.0000000 1.7360852 9.0000000 2.0876679 0.9060160 0.4791664 0.0000000 1.0779515 1.0155684 1.7738290 1.4713449 3.5253603 1.5111773 3.2047770 9.0000000 3.8294578 4.5166748 1.8290379 9.0000000 1.8774417 1.8342644 1.8774417 9.0000000 
taxon_15   1.8830180 9.0000000 9.0000000 1.7500175 9.0000000 1.7642135 9.0000000 9.0000000 1.4335217 2.3385533 1.9783842 1.0068169 1.1132061 1.0779515 0.0000000 0.2282892 0.5963598 1.0627995 1.8501660 1.0424530 1.4976634 1.8609576 2.4256075 2.3283491 1.7642135 9.0000000 1.8084886 1.7594516 1.6658585 2.3385533 
taxon_16   1.8830180 9.0000000 9.0000000 1.7089738 9.0000000 1.7884875 9.0000000 9.0000000 1.4428002 2.1732526 1.7453446 0.9276225 1.0388122 1.0155684 0.2282892 0.0000000 0.3519575 0.9402544 1.5249391 0.9044963 1.2162249 1.7001502 2.0588182 2.1025198 1.7045491 9.0000000 1.7738290 1.7884875 1.6914292 1.9912050 
taxon_17   9.0000000 1.8186929 1.6055043 9.0000000 1.6957770 9.0000000 1.6211298 1.7835694 2.2985439 1.2962685 1.2539687 1.5864193 1.8238475 1.7738290 0.5963598 0.3519575 0.0000000 1.4459187 1.0934160 1.3687757 0.8939433 1.0992984 1.2988326 1.2835778 9.0000000 1.7835694 9.0000000 9.0000000 9.0000000 1.2443532 
taxon_18   1.8290379 9.0000000 9.0000000 1.6411310 3.9968167 1.9472595 9.0000000 9.0000000 1.6658585 3.2047770 3.1422410 1.4617088 1.4909967 1.4713449 1.0627995 0.9402544 1.4459187 0.0000000 1.6492833 0.9727974 2.5786790 2.7182557 9.0000000 3.8294578 1.7547197 9.0000000 1.7786834 1.7547197 1.7786834 9.0000000 
taxon_19   9.0000000 1.8290379 1.8886360 9.0000000 1.9595548 9.0000000 1.7360852 1.7360852 9.0000000 1.7089738 1.5214749 3.2730056 9.0000000 3.5253603 1.8501660 1.5249391 1.0934160 1.6492833 0.0000000 0.4904449 1.4366018 1.5532443 1.7360852 1.5751971 9.0000000 1.7934380 9.0000000 9.0000000 9.0000000 1.6492833 
taxon_20   1.7269388 9.0000000 9.0000000 1.7224070 9.0000000 1.7407006 9.0000000 9.0000000 1.7134249 3.6326859 3.1128254 1.4521949 1.4585241 1.5111773 1.0424530 0.9044963 1.3687757 0.9727974 0.4904449 0.0000000 2.7354978 2.8482095 9.0000000 3.1128254 1.6957770 9.0000000 1.7642135 1.8342644 1.8084886 9.0000000 
taxon_21   9.0000000 1.7314981 1.7453446 9.0000000 1.7089738 9.0000000 1.7835694 1.7224070 3.6927179 1.5864193 1.5145941 2.3083479 3.4769564 3.2047770 1.4976634 1.2162249 0.8939433 2.5786790 1.4366018 2.7354978 0.0000000 1.2419684 1.3631577 1.2301572 9.0000000 1.8719066 9.0000000 9.0000000 9.0000000 1.6093803 
taxon_22   9.0000000 1.7934380 1.8448279 9.0000000 1.9115385 9.0000000 1.8342644 1.8448279 9.0000000 1.6871064 1.6250876 3.5771049 3.6927179 9.0000000 1.8609576 1.7001502 1.0992984 2.7182557 1.5532443 2.8482095 1.2419684 0.0000000 1.3492941 1.2710983 9.0000000 1.7001502 9.0000000 9.0000000 9.0000000 1.5641404 
taxon_23   9.0000000 1.6575251 1.7835694 9.0000000 2.0517760 9.0000000 1.9472595 1.8555424 9.0000000 1.7642135 1.6330664 9.0000000 9.0000000 3.8294578 2.4256075 2.0588182 1.2988326 9.0000000 1.7360852 9.0000000 1.3631577 1.3492941 0.0000000 1.2185290 9.0000000 1.8774417 9.0000000 9.0000000 9.0000000 1.7690059 
taxon_24   9.0000000 1.7224070 1.8135734 9.0000000 1.7984214 9.0000000 1.9720551 1.7984214 9.0000000 1.7360852 1.7001502 9.0000000 5.5562928 4.5166748 2.3283491 2.1025198 1.2835778 3.8294578 1.5751971 3.1128254 1.2301572 1.2710983 1.2185290 0.0000000 9.0000000 1.7642135 9.0000000 9.0000000 9.0000000 1.6742856 
taxon_25   1.7934380 9.0000000 9.0000000 1.6055043 9.0000000 1.7835694 9.0000000 9.0000000 1.6700602 9.0000000 9.0000000 1.9057469 1.7360852 1.8290379 1.7642135 1.7045491 9.0000000 1.7547197 9.0000000 1.6957770 9.0000000 9.0000000 9.0000000 9.0000000 0.0000000 9.0000000 1.7089738 1.8342644 1.5425043 3.3095979 
taxon_26   9.0000000 1.8886360 1.7642135 9.0000000 1.7224070 9.0000000 1.8395275 1.8084886 9.0000000 1.7453446 1.7934380 9.0000000 9.0000000 9.0000000 9.0000000 9.0000000 1.7835694 9.0000000 1.7934380 9.0000000 1.8719066 1.7001502 1.8774417 1.7642135 9.0000000 0.0000000 2.4028785 2.9809075 1.6616803 1.4649071 
taxon_27   1.6533929 9.0000000 9.0000000 1.7984214 9.0000000 1.7786834 9.0000000 9.0000000 1.7884875 9.0000000 9.0000000 1.7500175 1.9351625 1.8774417 1.8084886 1.7738290 9.0000000 1.7786834 9.0000000 1.7642135 9.0000000 9.0000000 9.0000000 9.0000000 1.7089738 2.4028785 0.0000000 1.2231587 0.8689165 2.6849169 
taxon_28   1.7835694 9.0000000 9.0000000 1.7642135 9.0000000 1.8238475 9.0000000 9.0000000 1.9595548 9.0000000 9.0000000 1.6658585 1.7045491 1.8342644 1.7594516 1.7884875 9.0000000 1.7547197 9.0000000 1.8342644 9.0000000 9.0000000 9.0000000 9.0000000 1.8342644 2.9809075 1.2231587 0.0000000 0.8559975 9.0000000 
taxon_29   1.7224070 9.0000000 9.0000000 1.7269388 9.0000000 1.7314981 9.0000000 9.0000000 1.7314981 9.0000000 9.0000000 1.7984214 1.7314981 1.8774417 1.6658585 1.6914292 9.0000000 1.7786834 9.0000000 1.8084886 9.0000000 9.0000000 9.0000000 9.0000000 1.5425043 1.6616803 0.8689165 0.8559975 0.0000000 1.5714934 
taxon_30   9.0000000 1.7001502 1.7179025 9.0000000 1.5901976 9.0000000 1.6871064 1.3916782 9.0000000 1.5641404 1.7314981 9.0000000 9.0000000 9.0000000 2.3385533 1.9912050 1.2443532 9.0000000 1.6492833 9.0000000 1.6093803 1.5641404 1.7690059 1.6742856 3.3095979 1.4649071 2.6849169 9.0000000 1.5714934 0.0000000 
