30
taxon_1    0.0000000 9.0000000 0.8269652 0.7126442 9.0000000 9.0000000 9.0000000 9.0000000 9.0000000 0.7887965 9.0000000 0.7117826 9.0000000 0.7783731 9.0000000 0.7204432 0.7783731 9.0000000 0.7821467 9.0000000 9.0000000 0.7764934 9.0000000 0.7830931 0.7625438 0.7849894 9.0000000 9.0000000 0.7345117 0.6287261 
taxon_2    9.0000000 0.0000000 9.0000000 9.0000000 0.7887965 0.7461398 0.7993668 0.8179831 0.8239592 9.0000000 0.7746184 9.0000000 0.8299833 9.0000000 0.7764934 9.0000000 9.0000000 0.8013048 9.0000000 0.7407505 0.8421787 9.0000000 0.8401323 9.0000000 9.0000000 9.0000000 0.7878429 0.7993668 9.0000000 9.0000000 
taxon_3    0.8269652 9.0000000 0.0000000 0.6998234 9.0000000 9.0000000 9.0000000 9.0000000 9.0000000 0.8051959 9.0000000 0.7616230 9.0000000 0.7812015 9.0000000 0.8032478 0.7755553 9.0000000 0.8279699 9.0000000 9.0000000 0.7964692 9.0000000 0.8071490 0.8013048 0.8150128 9.0000000 9.0000000 0.7974339 0.7230610 
taxon_4    0.7126442 9.0000000 0.6998234 0.0000000 3.9253341 2.4748837 9.0000000 9.0000000 9.0000000 0.7497543 9.0000000 0.5992512 9.0000000 0.7653131 9.0000000 0.6506254 0.7425427 9.0000000 0.7868906 2.5024941 9.0000000 0.7607034 9.0000000 0.7570359 0.7221874 0.7653131 9.0000000 9.0000000 0.6666688 0.4866085 
taxon_5    9.0000000 0.7887965 9.0000000 3.9253341 0.0000000 0.6847222 0.8189758 0.7783731 0.8110706 9.0000000 0.7416461 9.0000000 0.8032478 9.0000000 0.7812015 9.0000000 9.0000000 0.8442307 9.0000000 0.7032209 0.8013048 9.0000000 0.8003352 9.0000000 9.0000000 9.0000000 0.7533862 0.8110706 9.0000000 9.0000000 
taxon_6    9.0000000 0.7461398 9.0000000 2.4748837 0.6847222 0.0000000 0.8013048 0.7812015 0.7802575 9.0000000 0.7256880 9.0000000 0.8042212 9.0000000 0.7616230 9.0000000 9.0000000 0.8299833 9.0000000 0.6998234 0.8100883 9.0000000 0.8209652 9.0000000 9.0000000 9.0000000 0.7634658 0.7993668 9.0000000 9.0000000 
taxon_7    9.0000000 0.7993668 9.0000000 9.0000000 0.8189758 0.8013048 0.0000000 0.7764934 0.8022757 9.0000000 0.7117826 9.0000000 0.8022757 9.0000000 0.7868906 9.0000000 9.0000000 0.7974339 9.0000000 0.7274445 0.8051959 9.0000000 0.8269652 9.0000000 9.0000000 9.0000000 0.8091072 0.7955058 9.0000000 9.0000000 
taxon_8    9.0000000 0.8179831 9.0000000 9.0000000 0.7783731 0.7812015 0.7764934 0.0000000 0.7057792 9.0000000 0.7074896 9.0000000 0.8091072 9.0000000 0.7974339 9.0000000 9.0000000 0.8042212 9.0000000 0.7309697 0.8179831 9.0000000 0.8100883 9.0000000 9.0000000 9.0000000 0.8081275 0.7774327 9.0000000 9.0000000 
taxon_9    9.0000000 0.8239592 9.0000000 9.0000000 0.8110706 0.7802575 0.8022757 0.7057792 0.0000000 9.0000000 0.6682922 9.0000000 0.8432040 9.0000000 0.8179831 9.0000000 9.0000000 0.8179831 9.0000000 0.7506606 0.8360563 9.0000000 0.8081275 9.0000000 9.0000000 9.0000000 0.8130391 0.8081275 9.0000000 9.0000000 
taxon_10   0.7887965 9.0000000 0.8051959 0.7497543 9.0000000 9.0000000 9.0000000 9.0000000 9.0000000 0.0000000 2.5409641 0.5415030 9.0000000 0.8022757 9.0000000 0.7425427 0.8219619 9.0000000 0.8535348 9.0000000 9.0000000 0.7764934 9.0000000 0.7653131 0.7607034 0.8003352 9.0000000 9.0000000 0.7774327 0.6955980 
taxon_11   9.0000000 0.7746184 9.0000000 9.0000000 0.7416461 0.7256880 0.7117826 0.7074896 0.6682922 2.5409641 0.0000000 0.5992512 0.7830931 9.0000000 0.7256880 9.0000000 9.0000000 0.8140253 9.0000000 0.6022215 0.7506606 9.0000000 0.8239592 9.0000000 9.0000000 9.0000000 0.7607034 0.7955058 9.0000000 2.2173837 
taxon_12   0.7117826 9.0000000 0.7616230 0.5992512 9.0000000 9.0000000 9.0000000 9.0000000 9.0000000 0.5415030 0.5992512 0.0000000 9.0000000 0.7671649 9.0000000 0.6756412 0.7542970 9.0000000 0.7727481 3.1897122 9.0000000 0.7783731 9.0000000 0.7345117 0.7292050 0.7634658 9.0000000 9.0000000 0.6955980 0.5105846 
taxon_13   9.0000000 0.8299833 9.0000000 9.0000000 0.8032478 0.8042212 0.8022757 0.8091072 0.8432040 9.0000000 0.7830931 9.0000000 0.0000000 9.0000000 0.7802575 9.0000000 9.0000000 0.7983997 9.0000000 0.7570359 0.8130391 9.0000000 0.8100883 9.0000000 9.0000000 9.0000000 0.8279699 0.7926231 9.0000000 9.0000000 
taxon_14   0.7783731 9.0000000 0.7812015 0.7653131 9.0000000 9.0000000 9.0000000 9.0000000 9.0000000 0.8022757 9.0000000 0.7671649 9.0000000 0.0000000 1.7203015 0.3999739 0.7916646 9.0000000 0.7935828 9.0000000 9.0000000 0.7983997 9.0000000 0.8209652 0.8003352 0.8320022 9.0000000 9.0000000 0.7625438 0.6998234 
taxon_15   9.0000000 0.7764934 9.0000000 9.0000000 0.7812015 0.7616230 0.7868906 0.7974339 0.8179831 9.0000000 0.7256880 9.0000000 0.7802575 1.7203015 0.0000000 0.6691052 9.0000000 0.7488490 9.0000000 0.5299277 0.8100883 9.0000000 0.7926231 9.0000000 9.0000000 9.0000000 0.7736827 0.7718147 9.0000000 3.0223544 
taxon_16   0.7204432 9.0000000 0.8032478 0.6506254 9.0000000 9.0000000 9.0000000 9.0000000 9.0000000 0.7425427 9.0000000 0.6756412 9.0000000 0.3999739 0.6691052 0.0000000 0.7152349 9.0000000 0.7570359 1.8381203 9.0000000 0.7764934 9.0000000 0.7634658 0.7662384 0.7849894 9.0000000 9.0000000 0.6972853 0.5421895 
taxon_17   0.7783731 9.0000000 0.7755553 0.7425427 9.0000000 9.0000000 9.0000000 9.0000000 9.0000000 0.8219619 9.0000000 0.7542970 9.0000000 0.7916646 9.0000000 0.7152349 0.0000000 9.0000000 0.6872180 2.5409641 9.0000000 0.7736827 9.0000000 0.7859394 0.7488490 0.8219619 9.0000000 9.0000000 0.7916646 0.6602102 
taxon_18   9.0000000 0.8013048 9.0000000 9.0000000 0.8442307 0.8299833 0.7974339 0.8042212 0.8179831 9.0000000 0.8140253 9.0000000 0.7983997 9.0000000 0.7488490 9.0000000 9.0000000 0.0000000 9.0000000 0.6218206 0.8130391 9.0000000 0.7993668 9.0000000 9.0000000 9.0000000 0.8071490 0.8189758 9.0000000 9.0000000 
taxon_19   0.7821467 9.0000000 0.8279699 0.7868906 9.0000000 9.0000000 9.0000000 9.0000000 9.0000000 0.8535348 9.0000000 0.7727481 9.0000000 0.7935828 9.0000000 0.7570359 0.6872180 9.0000000 0.0000000 9.0000000 9.0000000 0.8042212 9.0000000 0.8091072 0.8081275 0.8360563 9.0000000 9.0000000 0.7859394 0.7248113 
taxon_20   9.0000000 0.7407505 9.0000000 2.5024941 0.7032209 0.6998234 0.7274445 0.7309697 0.7506606 9.0000000 0.6022215 3.1897122 0.7570359 9.0000000 0.5299277 1.8381203 2.5409641 0.6218206 9.0000000 0.0000000 0.7488490 9.0000000 0.7607034 9.0000000 9.0000000 9.0000000 0.7083462 0.7488490 9.0000000 1.3912907 
taxon_21   9.0000000 0.8421787 9.0000000 9.0000000 0.8013048 0.8100883 0.8051959 0.8179831 0.8360563 9.0000000 0.7506606 9.0000000 0.8130391 9.0000000 0.8100883 9.0000000 9.0000000 0.8130391 9.0000000 0.7488490 0.0000000 9.0000000 0.7907074 9.0000000 9.0000000 9.0000000 0.7887965 0.7783731 9.0000000 9.0000000 
taxon_22   0.7764934 9.0000000 0.7964692 0.7607034 9.0000000 9.0000000 9.0000000 9.0000000 9.0000000 0.7764934 9.0000000 0.7783731 9.0000000 0.7983997 9.0000000 0.7764934 0.7736827 9.0000000 0.8042212 9.0000000 9.0000000 0.0000000 9.0000000 0.8003352 0.7736827 0.8219619 9.0000000 9.0000000 0.7849894 0.6998234 
taxon_23   9.0000000 0.8401323 9.0000000 9.0000000 0.8003352 0.8209652 0.8269652 0.8100883 0.8081275 9.0000000 0.8239592 9.0000000 0.8100883 9.0000000 0.7926231 9.0000000 9.0000000 0.7993668 9.0000000 0.7607034 0.7907074 9.0000000 0.0000000 9.0000000 2.8856133 9.0000000 0.7964692 0.8130391 9.0000000 9.0000000 
taxon_24   0.7830931 9.0000000 0.8071490 0.7570359 9.0000000 9.0000000 9.0000000 9.0000000 9.0000000 0.7653131 9.0000000 0.7345117 9.0000000 0.8209652 9.0000000 0.7634658 0.7859394 9.0000000 0.8091072 9.0000000 9.0000000 0.8003352 9.0000000 0.0000000 0.4378460 0.7926231 9.0000000 9.0000000 0.7265657 0.6096992 
taxon_25   0.7625438 9.0000000 0.8013048 0.7221874 9.0000000 9.0000000 9.0000000 9.0000000 9.0000000 0.7607034 9.0000000 0.7292050 9.0000000 0.8003352 9.0000000 0.7662384 0.7488490 9.0000000 0.8081275 9.0000000 9.0000000 0.7736827 2.8856133 0.4378460 0.0000000 0.7708824 9.0000000 9.0000000 0.6822346 0.5415030 
taxon_26   0.7849894 9.0000000 0.8150128 0.7653131 9.0000000 9.0000000 9.0000000 9.0000000 9.0000000 0.8003352 9.0000000 0.7634658 9.0000000 0.8320022 9.0000000 0.7849894 0.8219619 9.0000000 0.8360563 9.0000000 9.0000000 0.8219619 9.0000000 0.7926231 0.7708824 0.0000000 9.0000000 9.0000000 0.6981304 0.6955980 
taxon_27   9.0000000 0.7878429 9.0000000 9.0000000 0.7533862 0.7634658 0.8091072 0.8081275 0.8130391 9.0000000 0.7607034 9.0000000 0.8279699 9.0000000 0.7736827 9.0000000 9.0000000 0.8071490 9.0000000 0.7083462 0.7887965 9.0000000 0.7964692 9.0000000 9.0000000 9.0000000 0.0000000 0.7327386 3.1013745 3.0038350 
taxon_28   9.0000000 0.7993668 9.0000000 9.0000000 0.8110706 0.7993668 0.7955058 0.7774327 0.8081275 9.0000000 0.7955058 9.0000000 0.7926231 9.0000000 0.7718147 9.0000000 9.0000000 0.8189758 9.0000000 0.7488490 0.7783731 9.0000000 0.8130391 9.0000000 9.0000000 9.0000000 0.7327386 0.0000000 3.1225026 9.0000000 
taxon_29   0.7345117 9.0000000 0.7974339 0.6666688 9.0000000 9.0000000 9.0000000 9.0000000 9.0000000 0.7774327 9.0000000 0.6955980 9.0000000 0.7625438 9.0000000 0.6972853 0.7916646 9.0000000 0.7859394 9.0000000 9.0000000 0.7849894 9.0000000 0.7265657 0.6822346 0.6981304 3.1013745 3.1225026 0.0000000 0.4853341 
taxon_30   0.6287261 9.0000000 0.7230610 0.4866085 9.0000000 9.0000000 9.0000000 9.0000000 9.0000000 0.6955980 2.2173837 0.5105846 9.0000000 0.6998234 3.0223544 0.5421895 0.6602102 9.0000000 0.7248113 1.3912907 9.0000000 0.6998234 9.0000000 0.6096992 0.5415030 0.6955980 3.0038350 9.0000000 0.4853341 0.0000000 
