30
taxon_1    0.0000000 1.0203725 2.9046017 9.0000000 1.0172605 0.9419761 0.9604604 0.8179831 1.9249130 9.0000000 9.0000000 2.2609314 0.4973992 1.5607821 0.9049823 1.7091514 2.9857619 1.0049399 4.0926918 2.4659011 2.2059330 9.0000000 0.8878009 1.1292590 1.1401551 1.1512118 9.0000000 1.1738266 1.0837905 1.5935384 
taxon_2    1.0203725 0.0000000 9.0000000 9.0000000 1.0703373 1.1167438 1.0992197 1.0736780 9.0000000 9.0000000 9.0000000 9.0000000 0.9322085 9.0000000 1.0670113 9.0000000 9.0000000 1.0770337 9.0000000 9.0000000 9.0000000 9.0000000 1.1456631 1.1815189 1.1530705 1.1757423 9.0000000 1.1185190 1.1681086 9.0000000 
taxon_3    2.9046017 9.0000000 0.0000000 1.0940413 3.8538515 2.8856134 9.0000000 2.0370617 0.8167936 0.9691478 1.0522244 0.8970035 1.4875533 0.9308235 9.0000000 0.9532970 1.0888984 9.0000000 1.1026919 1.0974896 1.0361294 1.1079306 9.0000000 9.0000000 9.0000000 9.0000000 1.1401551 9.0000000 9.0000000 0.9749958 
taxon_4    9.0000000 9.0000000 1.0940413 0.0000000 2.3028417 1.7329629 2.6199845 1.8004241 0.7563045 0.9794119 1.0080011 0.8583351 2.2135472 1.0282096 9.0000000 1.0003713 1.1292590 9.0000000 1.1951734 1.0906088 1.1061803 1.1401551 9.0000000 9.0000000 9.0000000 9.0000000 1.1951734 9.0000000 9.0000000 1.0571211 
taxon_5    1.0172605 1.0703373 3.8538515 2.3028417 0.0000000 0.7044137 0.9103490 0.7421839 1.5935384 2.7646623 3.0298923 1.8600886 0.8096957 9.0000000 1.0538531 9.0000000 9.0000000 1.0587604 9.0000000 9.0000000 9.0000000 9.0000000 1.0393209 1.2070784 1.1951734 1.2566833 9.0000000 1.1795884 1.1719157 9.0000000 
taxon_6    0.9419761 1.1167438 2.8856134 1.7329629 0.7044137 0.0000000 0.7651281 0.6157354 1.2356145 2.1269126 2.3472333 1.5935384 0.7023701 2.6605349 1.0393209 3.5728312 9.0000000 1.0770337 9.0000000 9.0000000 9.0000000 9.0000000 1.0720058 1.1795884 1.1401551 1.2090811 9.0000000 1.1951734 1.1475081 4.4451935 
taxon_7    0.9604604 1.0992197 9.0000000 2.6199845 0.9103490 0.7651281 0.0000000 0.6454055 1.4181878 2.4659011 2.8490207 1.6419423 0.7574018 4.8283137 1.0837905 9.0000000 9.0000000 1.1185190 9.0000000 9.0000000 9.0000000 9.0000000 1.1149729 1.1310641 1.1700098 1.2011023 9.0000000 1.1681086 1.1419866 9.0000000 
taxon_8    0.8179831 1.0736780 2.0370617 1.8004241 0.7421839 0.6157354 0.6454055 0.0000000 0.4463797 1.5022308 1.8942965 1.0906088 0.5479810 2.2135472 0.9405729 2.3657527 9.0000000 1.0837905 9.0000000 9.0000000 9.0000000 9.0000000 1.0234975 1.1643207 1.1719157 1.1757423 9.0000000 1.1274583 1.1044340 2.9240833 
taxon_9    1.9249130 9.0000000 0.8167936 0.7563045 1.5935384 1.2356145 1.4181878 0.4463797 0.0000000 0.6902241 0.7552088 0.5146774 1.1256619 0.8458764 2.8670939 0.8787099 1.0441337 9.0000000 1.0393209 0.9853408 0.9883229 1.0720058 9.0000000 9.0000000 9.0000000 9.0000000 1.1493577 9.0000000 9.0000000 0.9103490 
taxon_10   9.0000000 9.0000000 0.9691478 0.9794119 2.7646623 2.1269126 2.4659011 1.5022308 0.6902241 0.0000000 0.9349863 0.7673504 1.9354026 1.0157093 9.0000000 1.0473595 1.1475081 9.0000000 1.1912467 1.1456631 1.0888984 1.1310641 9.0000000 9.0000000 9.0000000 9.0000000 1.1220819 9.0000000 9.0000000 1.0940413 
taxon_11   9.0000000 9.0000000 1.0522244 1.0080011 3.0298923 2.3472333 2.8490207 1.8942965 0.7552088 0.9349863 0.0000000 0.6723661 2.1618026 1.0329514 9.0000000 1.0753540 1.1220819 9.0000000 1.1149729 1.0888984 1.1185190 1.1383280 9.0000000 9.0000000 9.0000000 9.0000000 1.1310641 9.0000000 9.0000000 1.0923231 
taxon_12   2.2609314 9.0000000 0.8970035 0.8583351 1.8600886 1.5935384 1.6419423 1.0906088 0.5146774 0.7673504 0.6723661 0.0000000 1.4102791 0.9076608 9.0000000 0.9735295 1.0457449 9.0000000 1.0538531 1.0297869 1.0473595 1.1114434 9.0000000 9.0000000 9.0000000 9.0000000 1.1292590 9.0000000 9.0000000 0.9735295 
taxon_13   0.4973992 0.9322085 1.4875533 2.2135472 0.8096957 0.7023701 0.7574018 0.5479810 1.1256619 1.9354026 2.1618026 1.4102791 0.0000000 1.1643207 0.7541147 1.2761649 2.0870803 0.8838913 2.3115123 1.9145680 1.7451583 2.7034037 0.7933907 1.1096849 1.1328735 1.1438226 9.0000000 1.1149729 1.0686724 1.4181878 
taxon_14   1.5607821 9.0000000 0.9308235 1.0282096 9.0000000 2.6605349 4.8283137 2.2135472 0.8458764 1.0157093 1.0329514 0.9076608 1.1643207 0.0000000 2.3115123 0.7400349 0.9308235 9.0000000 0.9764649 0.8904187 0.8983274 1.0620499 3.0298923 9.0000000 9.0000000 9.0000000 1.1096849 9.0000000 9.0000000 0.8608519 
taxon_15   0.9049823 1.0670113 9.0000000 9.0000000 1.0538531 1.0393209 1.0837905 0.9405729 2.8670939 9.0000000 9.0000000 9.0000000 0.7541147 2.3115123 0.0000000 0.7785613 9.0000000 1.0587604 9.0000000 9.0000000 2.6199845 9.0000000 0.9883229 1.1834544 1.1061803 1.1776629 9.0000000 1.1795884 1.1512118 9.0000000 
taxon_16   1.7091514 9.0000000 0.9532970 1.0003713 9.0000000 3.5728312 9.0000000 2.3657527 0.8787099 1.0473595 1.0753540 0.9735295 1.2761649 0.7400349 0.7785613 0.0000000 0.9633450 9.0000000 0.9764649 0.8722831 0.8348377 0.9808897 2.5449212 9.0000000 9.0000000 9.0000000 1.1079306 9.0000000 9.0000000 0.8735641 
taxon_17   2.9857619 9.0000000 1.0888984 1.1292590 9.0000000 9.0000000 9.0000000 9.0000000 1.0441337 1.1475081 1.1220819 1.0457449 2.0870803 0.9308235 9.0000000 0.9633450 0.0000000 9.0000000 1.0034139 0.9157545 0.9988546 1.1292590 9.0000000 9.0000000 9.0000000 9.0000000 1.1951734 9.0000000 9.0000000 1.0141613 
taxon_18   1.0049399 1.0770337 9.0000000 9.0000000 1.0587604 1.0770337 1.1185190 1.0837905 9.0000000 9.0000000 9.0000000 9.0000000 0.8838913 9.0000000 1.0587604 9.0000000 9.0000000 0.0000000 3.3688811 2.1762261 9.0000000 9.0000000 1.0329514 1.1873405 1.1456631 1.1700098 9.0000000 1.0871919 1.1401551 9.0000000 
taxon_19   4.0926918 9.0000000 1.1026919 1.1951734 9.0000000 9.0000000 9.0000000 9.0000000 1.0393209 1.1912467 1.1149729 1.0538531 2.3115123 0.9764649 9.0000000 0.9764649 1.0034139 3.3688811 0.0000000 0.7486681 1.0157093 1.0736780 9.0000000 9.0000000 9.0000000 9.0000000 1.1568019 9.0000000 9.0000000 1.0940413 
taxon_20   2.4659011 9.0000000 1.0974896 1.0906088 9.0000000 9.0000000 9.0000000 9.0000000 0.9853408 1.1456631 1.0888984 1.0297869 1.9145680 0.8904187 9.0000000 0.8722831 0.9157545 2.1762261 0.7486681 0.0000000 0.9239364 1.0522244 4.4451935 9.0000000 9.0000000 9.0000000 1.1568019 9.0000000 9.0000000 0.9898184 
taxon_21   2.2059330 9.0000000 1.0361294 1.1061803 9.0000000 9.0000000 9.0000000 9.0000000 0.9883229 1.0888984 1.1185190 1.0473595 1.7451583 0.8983274 2.6199845 0.8348377 0.9988546 9.0000000 1.0157093 0.9239364 0.0000000 0.9590223 2.0310376 9.0000000 9.0000000 9.0000000 1.1383280 9.0000000 9.0000000 0.9735295 
taxon_22   9.0000000 9.0000000 1.1079306 1.1401551 9.0000000 9.0000000 9.0000000 9.0000000 1.0720058 1.1310641 1.1383280 1.1114434 2.7034037 1.0620499 9.0000000 0.9808897 1.1292590 9.0000000 1.0736780 1.0522244 0.9590223 0.0000000 1.0345387 9.0000000 9.0000000 9.0000000 1.1834544 9.0000000 9.0000000 1.1061803 
taxon_23   0.8878009 1.1456631 9.0000000 9.0000000 1.0393209 1.0720058 1.1149729 1.0234975 9.0000000 9.0000000 9.0000000 9.0000000 0.7933907 3.0298923 0.9883229 2.5449212 9.0000000 1.0329514 9.0000000 4.4451935 2.0310376 1.0345387 0.0000000 1.1738266 1.1365054 1.1438226 9.0000000 1.1892910 1.1493577 9.0000000 
taxon_24   1.1292590 1.1815189 9.0000000 9.0000000 1.2070784 1.1795884 1.1310641 1.1643207 9.0000000 9.0000000 9.0000000 9.0000000 1.1096849 9.0000000 1.1834544 9.0000000 9.0000000 1.1873405 9.0000000 9.0000000 9.0000000 9.0000000 1.1738266 0.0000000 1.1512118 1.1951734 9.0000000 1.1438226 1.1114434 9.0000000 
taxon_25   1.1401551 1.1530705 9.0000000 9.0000000 1.1951734 1.1401551 1.1700098 1.1719157 9.0000000 9.0000000 9.0000000 9.0000000 1.1328735 9.0000000 1.1061803 9.0000000 9.0000000 1.1456631 9.0000000 9.0000000 9.0000000 9.0000000 1.1365054 1.1512118 0.0000000 1.0686724 9.0000000 1.0992197 1.0329514 3.5728312 
taxon_26   1.1512118 1.1757423 9.0000000 9.0000000 1.2566833 1.2090811 1.2011023 1.1757423 9.0000000 9.0000000 9.0000000 9.0000000 1.1438226 9.0000000 1.1776629 9.0000000 9.0000000 1.1700098 9.0000000 9.0000000 9.0000000 9.0000000 1.1438226 1.1951734 1.0686724 0.0000000 0.9604604 0.9462014 0.7991733 9.0000000 
taxon_27   9.0000000 9.0000000 1.1401551 1.1951734 9.0000000 9.0000000 9.0000000 9.0000000 1.1493577 1.1220819 1.1310641 1.1292590 9.0000000 1.1096849 9.0000000 1.1079306 1.1951734 9.0000000 1.1568019 1.1568019 1.1383280 1.1834544 9.0000000 9.0000000 9.0000000 0.9604604 0.0000000 2.6332592 1.4992723 0.9575869 
taxon_28   1.1738266 1.1185190 9.0000000 9.0000000 1.1795884 1.1951734 1.1681086 1.1274583 9.0000000 9.0000000 9.0000000 9.0000000 1.1149729 9.0000000 1.1795884 9.0000000 9.0000000 1.0871919 9.0000000 9.0000000 9.0000000 9.0000000 1.1892910 1.1438226 1.0992197 0.9462014 2.6332592 0.0000000 0.5250776 2.4659011 
taxon_29   1.0837905 1.1681086 9.0000000 9.0000000 1.1719157 1.1475081 1.1419866 1.1044340 9.0000000 9.0000000 9.0000000 9.0000000 1.0686724 9.0000000 1.1512118 9.0000000 9.0000000 1.1401551 9.0000000 9.0000000 9.0000000 9.0000000 1.1493577 1.1114434 1.0329514 0.7991733 1.4992723 0.5250776 0.0000000 1.6936870 
taxon_30   1.5935384 9.0000000 0.9749958 1.0571211 9.0000000 4.4451935 9.0000000 2.9240833 0.9103490 1.0940413 1.0923231 0.9735295 1.4181878 0.8608519 9.0000000 0.8735641 1.0141613 9.0000000 1.0940413 0.9898184 0.9735295 1.1061803 9.0000000 9.0000000 3.5728312 9.0000000 0.9575869 2.4659011 1.6936870 0.0000000 
