30
taxon_1    0.0000000 1.2760045 1.3759620 2.1847998 2.8054505 2.2907448 2.5047842 3.0744259 9.0000000 2.9910066 9.0000000 3.2756239 3.9922575 3.6091383 3.6716745 2.9910066 9.0000000 9.0000000 2.6401505 3.3151067 2.9910066 2.3443390 3.0744259 3.2023950 2.6401505 3.4009143 9.0000000 2.4389524 2.8925040 3.3567835 
taxon_2    1.2760045 0.0000000 0.9564679 2.5047842 2.5047842 2.6568178 2.4020598 2.8054505 3.8983851 3.1356844 2.4645957 3.2023950 3.0455762 2.7274583 3.2381161 2.3224397 3.4009143 3.0455762 2.9401397 2.4389524 3.3151067 2.2907448 4.3753767 3.2756239 2.7851790 2.2407263 9.0000000 2.4645957 3.0177952 3.8983851 
taxon_3    1.3759620 0.9564679 0.0000000 2.5328249 9.0000000 6.0226461 2.7654411 2.5472484 9.0000000 3.1356844 6.0226461 9.0000000 3.1044299 9.0000000 2.9401397 2.6913065 4.5638625 9.0000000 2.8262846 2.6738640 3.8983851 2.8262846 3.2023950 2.8925040 2.6738640 2.6568178 9.0000000 2.2703354 3.2023950 3.4478047 
taxon_4    2.1847998 2.5047842 2.5328249 0.0000000 1.1132061 0.9922314 1.8912537 3.3151067 9.0000000 9.0000000 3.6716745 9.0000000 2.7654411 2.6238455 9.0000000 2.6913065 9.0000000 9.0000000 2.1847998 2.7462092 3.1682983 2.4389524 3.1682983 3.4009143 2.6738640 2.7462092 3.0455762 2.1411828 2.7274583 9.0000000 
taxon_5    2.8054505 2.5047842 9.0000000 1.1132061 0.0000000 0.2842421 1.4948919 9.0000000 2.8477153 2.9910066 2.6238455 9.0000000 9.0000000 6.0226461 3.2756239 3.8149649 2.4777538 2.6738640 2.8262846 9.0000000 2.7462092 9.0000000 2.5186735 2.7654411 9.0000000 4.3753767 3.0177952 2.5472484 3.0455762 3.1682983 
taxon_6    2.2907448 2.6568178 6.0226461 0.9922314 0.2842421 0.0000000 1.4135482 9.0000000 2.7091641 2.8477153 2.6078875 3.4478047 4.0995831 3.6091383 2.6913065 2.8925040 2.4911467 2.6913065 3.1356844 9.0000000 2.8477153 9.0000000 2.2029825 2.3901548 3.8149649 2.8925040 2.6078875 2.8477153 9.0000000 2.6568178 
taxon_7    2.5047842 2.4020598 2.7654411 1.8912537 1.4948919 1.4135482 0.0000000 3.0455762 2.6238455 2.5047842 2.7654411 2.8697757 2.9910066 3.9922575 3.2023950 3.0744259 2.3224397 3.1356844 2.5186735 4.2248707 2.5769552 2.6913065 2.1938360 2.6738640 9.0000000 5.1992826 2.8925040 2.7851790 3.3151067 2.8477153 
taxon_8    3.0744259 2.8054505 2.5472484 3.3151067 9.0000000 9.0000000 3.0455762 0.0000000 0.9091017 0.9582162 2.0840901 1.9350160 2.2122419 2.0458165 2.3555333 2.0383907 2.7274583 2.5922619 2.3901548 2.5047842 3.2381161 2.1244224 2.5047842 2.4020598 2.0685455 2.4645957 3.0744259 2.8697757 2.3668971 2.6568178 
taxon_9    9.0000000 3.8983851 9.0000000 9.0000000 2.8477153 2.7091641 2.6238455 0.9091017 0.0000000 0.8538136 1.6192068 1.8052820 2.3011617 2.8054505 2.0023254 2.2216170 2.0310367 2.3117252 2.4020598 2.8477153 2.1758711 2.2804707 1.9953160 2.0685455 2.6078875 2.7091641 2.0762775 2.6913065 3.2756239 2.4141568 
taxon_10   2.9910066 3.1356844 3.1356844 9.0000000 2.9910066 2.8477153 2.5047842 0.9582162 0.8538136 0.0000000 1.1760230 1.0355850 1.8384977 1.7088656 1.7529960 1.8973513 1.8673474 1.8272615 1.6808250 2.3117252 2.1161805 1.8912537 1.6066367 1.5278241 1.7683027 2.1244224 1.6149933 2.5922619 2.4516645 2.3333094 
taxon_11   9.0000000 2.4645957 6.0226461 3.6716745 2.6238455 2.6078875 2.7654411 2.0840901 1.6192068 1.1760230 0.0000000 1.5861436 2.5472484 2.0999637 2.3668971 2.7274583 2.3117252 2.6078875 2.4141568 3.1356844 2.5047842 3.2381161 2.1938360 1.9159473 2.7274583 9.0000000 2.5472484 2.8697757 9.0000000 9.0000000 
taxon_12   3.2756239 3.2023950 9.0000000 9.0000000 9.0000000 3.4478047 2.8697757 1.9350160 1.8052820 1.0355850 1.5861436 0.0000000 2.3555333 2.1583264 2.4141568 2.5047842 1.9814909 2.3333094 2.6078875 2.7091641 2.5186735 2.3117252 2.1497057 1.6066367 2.1938360 2.9910066 2.0237552 2.8262846 2.7462092 2.1847998 
taxon_13   3.9922575 3.0455762 3.1044299 2.7654411 9.0000000 4.0995831 2.9910066 2.2122419 2.3011617 1.8384977 2.5472484 2.3555333 0.0000000 0.5499689 1.7184504 1.3759620 1.8107168 1.8614880 1.3519119 1.8052820 1.8328586 1.5701430 2.0999637 2.5472484 2.1327558 2.0383907 2.2122419 2.5769552 2.5769552 9.0000000 
taxon_14   3.6091383 2.7274583 9.0000000 2.6238455 6.0226461 3.6091383 3.9922575 2.0458165 2.8054505 1.7088656 2.0999637 2.1583264 0.5499689 0.0000000 1.6363015 1.3790233 1.7088656 1.7429624 1.2977058 1.8052820 1.8732529 1.4772024 1.8792053 2.0685455 2.0237552 2.1497057 2.3333094 2.3443390 2.4264521 4.5638625 
taxon_15   3.6716745 3.2381161 2.9401397 9.0000000 3.2756239 2.6913065 3.2023950 2.3555333 2.0023254 1.7529960 2.3668971 2.4141568 1.7184504 1.6363015 0.0000000 1.4877660 1.6493833 1.6066367 1.5544766 2.6238455 1.6994018 1.9953160 2.1497057 1.9350160 2.1080283 3.1044299 2.1327558 3.7399032 3.7399032 2.4020598 
taxon_16   2.9910066 2.3224397 2.6913065 2.6913065 3.8149649 2.8925040 3.0744259 2.0383907 2.2216170 1.8973513 2.7274583 2.5047842 1.3759620 1.3790233 1.4877660 0.0000000 1.2922213 1.3729133 1.3519119 1.8217060 1.8973513 1.6808250 2.2216170 2.0919849 1.8614880 2.2804707 2.7462092 2.5769552 2.7851790 3.1682983 
taxon_17   9.0000000 3.4009143 4.5638625 9.0000000 2.4777538 2.4911467 2.3224397 2.7274583 2.0310367 1.8673474 2.3117252 1.9814909 1.8107168 1.7088656 1.6493833 1.2922213 0.0000000 1.2243489 1.8673474 2.7091641 1.9096973 2.1080283 2.0762775 2.1327558 2.4911467 3.0177952 2.1847998 3.3151067 2.8925040 2.2216170 
taxon_18   9.0000000 3.0455762 9.0000000 9.0000000 2.6738640 2.6913065 3.1356844 2.5922619 2.3117252 1.8272615 2.6078875 2.3333094 1.8614880 1.7429624 1.6066367 1.3729133 1.2243489 0.0000000 1.7998863 2.4516645 2.0685455 2.0762775 2.1244224 2.3333094 2.4516645 3.3151067 2.5186735 9.0000000 4.5638625 2.5472484 
taxon_19   2.6401505 2.9401397 2.8262846 2.1847998 2.8262846 3.1356844 2.5186735 2.3901548 2.4020598 1.6808250 2.4141568 2.6078875 1.3519119 1.2977058 1.5544766 1.3519119 1.8673474 1.7998863 0.0000000 1.6406368 1.8107168 1.2977058 1.8161912 1.8161912 1.7479624 1.8912537 2.0840901 2.2122419 2.2029825 3.0177952 
taxon_20   3.3151067 2.4389524 2.6738640 2.7462092 9.0000000 9.0000000 4.2248707 2.5047842 2.8477153 2.3117252 3.1356844 2.7091641 1.8052820 1.8052820 2.6238455 1.8217060 2.7091641 2.4516645 1.6406368 0.0000000 2.0023254 1.6024930 2.1758711 2.5472484 2.0608923 2.3443390 2.7851790 3.0177952 2.6238455 5.1992826 
taxon_21   2.9910066 3.3151067 3.8983851 3.1682983 2.7462092 2.8477153 2.5769552 3.2381161 2.1758711 2.1161805 2.5047842 2.5186735 1.8328586 1.8732529 1.6994018 1.8973513 1.9096973 2.0685455 1.8107168 2.0023254 0.0000000 1.6108033 1.9350160 2.1411828 2.7851790 6.0226461 2.4141568 3.3151067 2.9401397 2.2029825 
taxon_22   2.3443390 2.2907448 2.8262846 2.4389524 9.0000000 9.0000000 2.6913065 2.1244224 2.2804707 1.8912537 3.2381161 2.3117252 1.5701430 1.4772024 1.9953160 1.6808250 2.1080283 2.0762775 1.2977058 1.6024930 1.6108033 0.0000000 2.1244224 2.0237552 1.9096973 2.5619547 2.4020598 2.2311108 2.2804707 3.8983851 
taxon_23   3.0744259 4.3753767 3.2023950 3.1682983 2.5186735 2.2029825 2.1938360 2.5047842 1.9953160 1.6066367 2.1938360 2.1497057 2.0999637 1.8792053 2.1497057 2.2216170 2.0762775 2.1244224 1.8161912 2.1758711 1.9350160 2.1244224 0.0000000 1.4232466 1.6149933 2.0762775 1.7683027 3.4978233 2.2407263 2.2804707 
taxon_24   3.2023950 3.2756239 2.8925040 3.4009143 2.7654411 2.3901548 2.6738640 2.4020598 2.0685455 1.5278241 1.9159473 1.6066367 2.5472484 2.0685455 1.9350160 2.0919849 2.1327558 2.3333094 1.8161912 2.5472484 2.1411828 2.0237552 1.4232466 0.0000000 1.3548763 1.7330613 1.3608406 3.7399032 3.6091383 2.6401505 
taxon_25   2.6401505 2.7851790 2.6738640 2.6738640 9.0000000 3.8149649 9.0000000 2.0685455 2.6078875 1.7683027 2.7274583 2.1938360 2.1327558 2.0237552 2.1080283 1.8614880 2.4911467 2.4516645 1.7479624 2.0608923 2.7851790 1.9096973 1.6149933 1.3548763 0.0000000 1.6066367 1.4167671 2.3668971 2.9910066 9.0000000 
taxon_26   3.4009143 2.2407263 2.6568178 2.7462092 4.3753767 2.8925040 5.1992826 2.4645957 2.7091641 2.1244224 9.0000000 2.9910066 2.0383907 2.1497057 3.1044299 2.2804707 3.0177952 3.3151067 1.8912537 2.3443390 6.0226461 2.5619547 2.0762775 1.7330613 1.6066367 0.0000000 0.9617249 2.2603353 2.4264521 2.8054505 
taxon_27   9.0000000 9.0000000 9.0000000 3.0455762 3.0177952 2.6078875 2.8925040 3.0744259 2.0762775 1.6149933 2.5472484 2.0237552 2.2122419 2.3333094 2.1327558 2.7462092 2.1847998 2.5186735 2.0840901 2.7851790 2.4141568 2.4020598 1.7683027 1.3608406 1.4167671 0.9617249 0.0000000 2.6913065 2.9401397 2.7851790 
taxon_28   2.4389524 2.4645957 2.2703354 2.1411828 2.5472484 2.8477153 2.7851790 2.8697757 2.6913065 2.5922619 2.8697757 2.8262846 2.5769552 2.3443390 3.7399032 2.5769552 3.3151067 9.0000000 2.2122419 3.0177952 3.3151067 2.2311108 3.4978233 3.7399032 2.3668971 2.2603353 2.6913065 0.0000000 2.1497057 2.3011617 
taxon_29   2.8925040 3.0177952 3.2023950 2.7274583 3.0455762 9.0000000 3.3151067 2.3668971 3.2756239 2.4516645 9.0000000 2.7462092 2.5769552 2.4264521 3.7399032 2.7851790 2.8925040 4.5638625 2.2029825 2.6238455 2.9401397 2.2804707 2.2407263 3.6091383 2.9910066 2.4264521 2.9401397 2.1497057 0.0000000 1.1218642 
taxon_30   3.3567835 3.8983851 3.4478047 9.0000000 3.1682983 2.6568178 2.8477153 2.6568178 2.4141568 2.3333094 9.0000000 2.1847998 9.0000000 4.5638625 2.4020598 3.1682983 2.2216170 2.5472484 3.0177952 5.1992826 2.2029825 3.8983851 2.2804707 2.6401505 9.0000000 2.8054505 2.7851790 2.3011617 1.1218642 0.0000000 
