30
taxon_1    0.0000000 1.9568327 1.0409217 9.0000000 1.0770337 3.1531196 2.7646622 1.0329514 2.6069397 0.9294410 9.0000000 2.2609314 1.1738265 1.2090811 1.1512118 9.0000000 9.0000000 1.2314708 9.0000000 1.1951734 1.2481845 9.0000000 1.2460748 1.2460748 9.0000000 1.2739750 9.0000000 9.0000000 9.0000000 1.2070784 
taxon_2    1.9568327 0.0000000 2.2059331 1.0018911 1.8412191 0.7147160 0.8533268 1.9197226 0.6932422 1.1365054 0.9823705 0.6157354 9.0000000 9.0000000 3.2687326 1.1971445 1.2131025 9.0000000 1.2335397 9.0000000 9.0000000 1.1892910 9.0000000 9.0000000 1.1662123 9.0000000 1.2503002 1.2481845 1.2110891 5.1324010 
taxon_3    1.0409217 2.2059331 0.0000000 9.0000000 1.0172605 2.2609314 4.4451945 1.0522244 2.7646622 0.9157545 9.0000000 2.2691283 1.2030890 1.1185190 1.1061803 9.0000000 9.0000000 1.1456630 9.0000000 1.1605519 1.1383280 9.0000000 1.2273499 1.1892910 9.0000000 1.1892910 9.0000000 9.0000000 9.0000000 1.1096849 
taxon_4    9.0000000 1.0018911 9.0000000 0.0000000 2.5100319 0.8633772 1.0736780 9.0000000 0.9838541 2.3847413 1.1681086 0.9405729 9.0000000 9.0000000 9.0000000 1.2805636 1.2588230 9.0000000 1.1719157 9.0000000 9.0000000 1.2090811 9.0000000 9.0000000 1.2335397 9.0000000 1.2335397 1.1932075 1.1700097 9.0000000 
taxon_5    1.0770337 1.8412191 1.0172605 2.5100319 0.0000000 0.7033912 2.3291604 1.0266356 1.9460411 0.8646430 9.0000000 1.8745585 1.1568019 1.1549339 1.1738265 9.0000000 9.0000000 1.2030890 9.0000000 1.2418731 1.1971445 9.0000000 1.2191754 1.2397811 9.0000000 1.1873404 9.0000000 9.0000000 9.0000000 1.1795884 
taxon_6    3.1531196 0.7147160 2.2609314 0.8633772 0.7033912 0.0000000 0.8583351 2.0132502 0.7585007 1.4342598 1.0018911 0.7241107 9.0000000 9.0000000 9.0000000 1.2273499 1.1738265 9.0000000 1.2011023 9.0000000 9.0000000 1.2294075 9.0000000 9.0000000 1.2090811 9.0000000 1.1643207 1.2335397 1.2232515 9.0000000 
taxon_7    2.7646622 0.8533268 4.4451945 1.0736780 2.3291604 0.8583351 0.0000000 1.5868717 0.5250785 1.5232743 1.0361294 0.7684640 9.0000000 9.0000000 9.0000000 1.2418731 1.2314708 9.0000000 1.2566832 9.0000000 9.0000000 1.1834544 9.0000000 9.0000000 1.2418731 9.0000000 1.2460748 1.3190335 1.2481845 9.0000000 
taxon_8    1.0329514 1.9197226 1.0522244 9.0000000 1.0266356 2.0132502 1.5868717 0.0000000 0.8545757 0.8287746 3.1531196 1.8004240 1.1834544 1.1346872 1.1512118 9.0000000 9.0000000 1.2418731 9.0000000 1.1419866 1.2050811 9.0000000 1.1624339 1.1853949 9.0000000 1.1700097 9.0000000 9.0000000 9.0000000 1.1530705 
taxon_9    2.6069397 0.6932422 2.7646622 0.9838541 1.9460411 0.7585007 0.5250785 0.8545757 0.0000000 1.1815189 0.9547243 0.6230436 9.0000000 9.0000000 9.0000000 1.2070784 1.2418731 9.0000000 1.2609689 9.0000000 9.0000000 1.2609689 9.0000000 9.0000000 1.1932075 9.0000000 1.2503002 1.2545495 1.2273499 9.0000000 
taxon_10   0.9294410 1.1365054 0.9157545 2.3847413 0.8646430 1.4342598 1.5232743 0.8287746 1.1815189 0.0000000 1.5968941 0.5504769 1.1238698 1.0554853 1.1149729 9.0000000 9.0000000 1.1932075 9.0000000 1.2460748 1.2314708 9.0000000 1.1932075 1.1873404 9.0000000 1.2252979 9.0000000 9.0000000 9.0000000 1.1438226 
taxon_11   9.0000000 0.9823705 9.0000000 1.1681086 9.0000000 1.0018911 1.0361294 3.1531196 0.9547243 1.5968941 0.0000000 0.7443391 9.0000000 9.0000000 9.0000000 1.2151214 1.2356144 9.0000000 1.2805636 9.0000000 9.0000000 1.2151214 9.0000000 9.0000000 1.2481845 9.0000000 1.2739750 1.2460748 1.2418731 9.0000000 
taxon_12   2.2609314 0.6157354 2.2691283 0.9405729 1.8745585 0.7241107 0.7684640 1.8004240 0.6230436 0.5504769 0.7443391 0.0000000 5.1324010 9.0000000 9.0000000 1.2070784 1.2232515 9.0000000 1.2652793 9.0000000 9.0000000 1.2252979 9.0000000 9.0000000 1.2050811 9.0000000 1.2294075 1.2609689 1.2545495 9.0000000 
taxon_13   1.1738265 9.0000000 1.2030890 9.0000000 1.1568019 9.0000000 9.0000000 1.1834544 9.0000000 1.1238698 9.0000000 5.1324010 0.0000000 1.1456630 1.1292590 9.0000000 9.0000000 1.2070784 9.0000000 1.1681086 1.1892910 9.0000000 1.1971445 1.1167438 9.0000000 1.1932075 9.0000000 9.0000000 9.0000000 1.2131025 
taxon_14   1.2090811 9.0000000 1.1185190 9.0000000 1.1549339 9.0000000 9.0000000 1.1346872 9.0000000 1.0554853 9.0000000 9.0000000 1.1456630 0.0000000 1.0571211 9.0000000 9.0000000 1.1932075 9.0000000 1.1643207 1.2232515 9.0000000 1.1757423 1.1738265 9.0000000 1.1662123 9.0000000 9.0000000 9.0000000 1.1834544 
taxon_15   1.1512118 3.2687326 1.1061803 9.0000000 1.1738265 9.0000000 9.0000000 1.1512118 9.0000000 1.1149729 9.0000000 9.0000000 1.1292590 1.0571211 0.0000000 9.0000000 9.0000000 1.1475081 9.0000000 1.2191754 1.1776629 9.0000000 1.1873404 1.1738265 9.0000000 1.2131025 9.0000000 9.0000000 9.0000000 1.1700097 
taxon_16   9.0000000 1.1971445 9.0000000 1.2805636 9.0000000 1.2273499 1.2418731 9.0000000 1.2070784 9.0000000 1.2151214 1.2070784 9.0000000 9.0000000 9.0000000 0.0000000 1.1220819 9.0000000 1.1586745 9.0000000 9.0000000 1.2151214 9.0000000 9.0000000 1.1834544 9.0000000 1.1530705 1.1167438 0.9335961 1.9249130 
taxon_17   9.0000000 1.2131025 9.0000000 1.2588230 9.0000000 1.1738265 1.2314708 9.0000000 1.2418731 9.0000000 1.2356144 1.2232515 9.0000000 9.0000000 9.0000000 1.1220819 0.0000000 2.2290112 0.8787099 9.0000000 9.0000000 1.1026919 9.0000000 9.0000000 1.1310640 9.0000000 1.1605519 1.1568019 0.9988546 9.0000000 
taxon_18   1.2314708 9.0000000 1.1456630 9.0000000 1.2030890 9.0000000 9.0000000 1.2418731 9.0000000 1.1932075 9.0000000 9.0000000 1.2070784 1.1932075 1.1475081 9.0000000 2.2290112 0.0000000 0.9036466 1.1776629 1.1061803 9.0000000 1.1991208 1.1401551 9.0000000 1.1549339 9.0000000 9.0000000 3.2087006 1.1310640 
taxon_19   9.0000000 1.2335397 9.0000000 1.1719157 9.0000000 1.2011023 1.2566832 9.0000000 1.2609689 9.0000000 1.2805636 1.2652793 9.0000000 9.0000000 9.0000000 1.1586745 0.8787099 0.9036466 0.0000000 9.0000000 9.0000000 1.1738265 9.0000000 9.0000000 1.1738265 9.0000000 1.2011023 1.1719157 1.0157093 9.0000000 
taxon_20   1.1951734 9.0000000 1.1605519 9.0000000 1.2418731 9.0000000 9.0000000 1.1419866 9.0000000 1.2460748 9.0000000 9.0000000 1.1681086 1.1643207 1.2191754 9.0000000 9.0000000 1.1776629 9.0000000 0.0000000 0.7411086 1.6383794 0.7651281 0.6587647 1.9733169 0.8558268 2.0492568 1.7249415 1.4181869 1.0554853 
taxon_21   1.2481845 9.0000000 1.1383280 9.0000000 1.1971445 9.0000000 9.0000000 1.2050811 9.0000000 1.2314708 9.0000000 9.0000000 1.1892910 1.2232515 1.1776629 9.0000000 9.0000000 1.1061803 9.0000000 0.7411086 0.0000000 1.9145680 0.8710043 0.8722831 2.4141569 0.9377744 2.6745537 2.1476513 1.7052553 1.0095364 
taxon_22   9.0000000 1.1892910 9.0000000 1.2090811 9.0000000 1.2294075 1.1834544 9.0000000 1.2609689 9.0000000 1.2151214 1.2252979 9.0000000 9.0000000 9.0000000 1.2151214 1.1026919 9.0000000 1.1738265 1.6383794 1.9145680 0.0000000 1.3645018 1.9622873 1.0266356 2.5691176 1.0141613 0.9883229 0.9130469 9.0000000 
taxon_23   1.2460748 9.0000000 1.2273499 9.0000000 1.2191754 9.0000000 9.0000000 1.1624339 9.0000000 1.1932075 9.0000000 9.0000000 1.1971445 1.1757423 1.1873404 9.0000000 9.0000000 1.1991208 9.0000000 0.7651281 0.8710043 1.3645018 0.0000000 0.8684533 2.7034036 0.9913169 2.8670939 2.4447734 1.9301395 1.0923230 
taxon_24   1.2460748 9.0000000 1.1892910 9.0000000 1.2397811 9.0000000 9.0000000 1.1853949 9.0000000 1.1873404 9.0000000 9.0000000 1.1167438 1.1738265 1.1738265 9.0000000 9.0000000 1.1401551 9.0000000 0.6587647 0.8722831 1.9622873 0.8684533 0.0000000 1.9197226 0.8144201 1.9094485 1.5639941 1.5704597 1.0620499 
taxon_25   9.0000000 1.1662123 9.0000000 1.2335397 9.0000000 1.2090811 1.2418731 9.0000000 1.1932075 9.0000000 1.2481845 1.2050811 9.0000000 9.0000000 9.0000000 1.1834544 1.1310640 9.0000000 1.1738265 1.9733169 2.4141569 1.0266356 2.7034036 1.9197226 0.0000000 0.4130411 0.9676929 0.8956819 0.8800019 9.0000000 
taxon_26   1.2739750 9.0000000 1.1892910 9.0000000 1.1873404 9.0000000 9.0000000 1.1700097 9.0000000 1.2252979 9.0000000 9.0000000 1.1932075 1.1662123 1.2131025 9.0000000 9.0000000 1.1549339 9.0000000 0.8558268 0.9377744 2.5691176 0.9913169 0.8144201 0.4130411 0.0000000 2.0935739 1.8228135 1.8893131 1.0787172 
taxon_27   9.0000000 1.2503002 9.0000000 1.2335397 9.0000000 1.1643207 1.2460748 9.0000000 1.2503002 9.0000000 1.2739750 1.2294075 9.0000000 9.0000000 9.0000000 1.1530705 1.1605519 9.0000000 1.2011023 2.0492568 2.6745537 1.0141613 2.8670939 1.9094485 0.9676929 2.0935739 0.0000000 0.6230436 0.9116967 9.0000000 
taxon_28   9.0000000 1.2481845 9.0000000 1.1932075 9.0000000 1.2335397 1.3190335 9.0000000 1.2545495 9.0000000 1.2460748 1.2609689 9.0000000 9.0000000 9.0000000 1.1167438 1.1568019 9.0000000 1.1719157 1.7249415 2.1476513 0.9883229 2.4447734 1.5639941 0.8956819 1.8228135 0.6230436 0.0000000 0.8287746 9.0000000 
taxon_29   9.0000000 1.2110891 9.0000000 1.1700097 9.0000000 1.2232515 1.2481845 9.0000000 1.2273499 9.0000000 1.2418731 1.2545495 9.0000000 9.0000000 9.0000000 0.9335961 0.9988546 3.2087006 1.0157093 1.4181869 1.7052553 0.9130469 1.9301395 1.5704597 0.8800019 1.8893131 0.9116967 0.8287746 0.0000000 1.5704597 
taxon_30   1.2070784 5.1324010 1.1096849 9.0000000 1.1795884 9.0000000 9.0000000 1.1530705 9.0000000 1.1438226 9.0000000 9.0000000 1.2131025 1.1834544 1.1700097 1.9249130 9.0000000 1.1310640 9.0000000 1.0554853 1.0095364 9.0000000 1.0923230 1.0620499 9.0000000 1.0787172 9.0000000 9.0000000 1.5704597 0.0000000 
