30
taxon_1    0.0000000 1.2760044 1.3759620 2.1847998 3.1356844 2.4389525 2.7091647 3.0744259 9.0000000 3.4478047 9.0000000 4.0995831 3.9922575 3.6091383 9.0000000 2.9910063 9.0000000 9.0000000 2.6401505 3.3151067 3.4478047 2.3443391 3.6091383 3.8983839 2.6401505 3.4009144 9.0000000 2.4389525 2.8925046 4.3753767 
taxon_2    1.2760044 0.0000000 0.9564684 2.5047842 2.7091647 2.9159439 2.5769552 2.8054505 9.0000000 3.7399032 2.6568179 3.8983839 3.0455754 2.7274583 3.9922575 2.3224397 4.5638612 3.5514165 2.9401395 2.4389525 4.2248736 2.2907448 9.0000000 4.0995831 2.7851790 2.2407263 9.0000000 2.4645960 3.0177947 9.0000000 
taxon_3    1.3759620 0.9564684 0.0000000 2.5328249 9.0000000 9.0000000 3.0744259 2.5472484 9.0000000 3.7399032 9.0000000 9.0000000 3.1044299 9.0000000 3.3567841 2.6913067 9.0000000 9.0000000 2.8262852 2.6738640 9.0000000 2.8262852 3.8983839 3.2756239 2.6738640 2.6568179 9.0000000 2.2703354 3.2023950 4.8162140 
taxon_4    2.1847998 2.5047842 2.5328249 0.0000000 1.1417183 1.0164277 1.9746722 3.3151067 9.0000000 9.0000000 9.0000000 9.0000000 2.7654410 2.6238455 9.0000000 2.6913067 9.0000000 9.0000000 2.1847998 2.7462092 3.8149659 2.4389525 3.8149659 4.5638612 2.6738640 2.7462092 3.5514165 2.1411828 2.7274583 9.0000000 
taxon_5    3.1356844 2.7091647 9.0000000 1.1417183 0.0000000 0.2842421 1.4948919 9.0000000 2.8477152 2.9910063 2.6238455 9.0000000 9.0000000 9.0000000 3.2756239 9.0000000 2.4777543 2.6738640 3.1682983 9.0000000 2.7462092 9.0000000 2.5186735 2.7654410 9.0000000 9.0000000 3.0177947 2.7654410 3.5514165 3.1682983 
taxon_6    2.4389525 2.9159439 9.0000000 1.0164277 0.2842421 0.0000000 1.4135482 9.0000000 2.7091647 2.8477152 2.6078875 3.4478047 9.0000000 9.0000000 2.6913067 3.2756239 2.4911475 2.6913067 3.7399032 9.0000000 2.8477152 9.0000000 2.2029825 2.3901548 9.0000000 3.2756239 2.6078875 3.2023950 9.0000000 2.6568179 
taxon_7    2.7091647 2.5769552 3.0744259 1.9746722 1.4948919 1.4135482 0.0000000 3.5514165 2.6238455 2.5047842 2.7654410 2.8697756 3.4478047 9.0000000 3.2023950 3.6091383 2.3224397 3.1356844 2.7274583 9.0000000 2.5769552 2.9651418 2.1938360 2.6738640 9.0000000 9.0000000 2.8925046 3.1044299 4.2248736 2.8477152 
taxon_8    3.0744259 2.8054505 2.5472484 3.3151067 9.0000000 9.0000000 3.5514165 0.0000000 0.9307222 0.9813228 2.1938360 2.0237560 2.2122419 2.0458165 2.5186735 2.0383907 3.0177947 2.8262852 2.3901548 2.5047842 3.9922575 2.1244224 2.7091647 2.5769552 2.0685455 2.4645960 3.6091383 2.8697756 2.3668971 2.9159439 
taxon_9    9.0000000 9.0000000 9.0000000 9.0000000 2.8477152 2.7091647 2.6238455 0.9307222 0.0000000 0.8538139 1.6192067 1.8052817 2.4516647 3.1356844 2.0023260 2.3555333 2.0310377 2.3117252 2.5769552 3.2023950 2.1758711 2.4264522 1.9953166 2.0685455 2.8477152 2.9910063 2.0762775 2.9651418 4.0995831 2.4141569 
taxon_10   3.4478047 3.7399032 3.7399032 9.0000000 2.9910063 2.8477152 2.5047842 0.9813228 0.8538139 0.0000000 1.1760230 1.0355858 1.9159468 1.7734748 1.7529958 1.9814904 1.8673470 1.8272612 1.7429622 2.4645960 2.1161805 1.9746722 1.6066366 1.5278240 1.8384974 2.2407263 1.6149932 2.8262852 2.6401505 2.3333094 
taxon_11   9.0000000 2.6568179 9.0000000 9.0000000 2.6238455 2.6078875 2.7654410 2.1938360 1.6192067 1.1760230 0.0000000 1.5861435 2.7654410 2.2122419 2.3668971 3.0177947 2.3117252 2.6078875 2.5922619 3.7399032 2.5047842 3.9922575 2.1938360 1.9159468 3.0177947 9.0000000 2.5472484 3.2381161 9.0000000 9.0000000 
taxon_12   4.0995831 3.8983839 9.0000000 9.0000000 9.0000000 3.4478047 2.8697756 2.0237560 1.8052817 1.0355858 1.5861435 0.0000000 2.5186735 2.2804707 2.4141569 2.7091647 1.9814904 2.3333094 2.8477152 2.9910063 2.5186735 2.4645960 2.1497057 1.6066366 2.3224397 3.4478047 2.0237560 3.1682983 3.0455754 2.1847998 
taxon_13   3.9922575 3.0455754 3.1044299 2.7654410 9.0000000 9.0000000 3.4478047 2.2122419 2.4516647 1.9159468 2.7654410 2.5186735 0.0000000 0.5499689 1.7839280 1.3759620 1.8852049 1.9414811 1.3519119 1.8052817 1.9096968 1.5701429 2.2122419 2.7654410 2.1327558 2.0383907 2.3443391 2.5769552 2.5769552 9.0000000 
taxon_14   3.6091383 2.7274583 9.0000000 2.6238455 9.0000000 9.0000000 9.0000000 2.0458165 3.1356844 1.7734748 2.2122419 2.2804707 0.5499689 0.0000000 1.6947141 1.3790232 1.7734748 1.8107165 1.2977058 1.8052817 1.9545818 1.4772024 1.9612190 2.1758711 2.0237560 2.1497057 2.4911475 2.3443391 2.4264522 9.0000000 
taxon_15   9.0000000 3.9922575 3.3567841 9.0000000 3.2756239 2.6913067 3.2023950 2.5186735 2.0023260 1.7529958 2.3668971 2.4141569 1.7839280 1.6947141 0.0000000 1.5353429 1.6493832 1.6066366 1.6066366 2.8697756 1.6994016 2.0919849 2.1497057 1.9350156 2.2216170 3.6716745 2.1327558 9.0000000 9.0000000 2.4020598 
taxon_16   2.9910063 2.3224397 2.6913067 2.6913067 9.0000000 3.2756239 3.6091383 2.0383907 2.3555333 1.9814904 3.0177947 2.7091647 1.3759620 1.3790232 1.5353429 0.0000000 1.3286090 1.4135482 1.3519119 1.8217056 1.9814904 1.6808249 2.3555333 2.2029825 1.8614876 2.2804707 3.0455754 2.5769552 2.7851790 3.8149659 
taxon_17   9.0000000 4.5638612 9.0000000 9.0000000 2.4777543 2.4911475 2.3224397 3.0177947 2.0310377 1.8673470 2.3117252 1.9814904 1.8852049 1.7734748 1.6493832 1.3286090 0.0000000 1.2243489 1.9480028 2.9910063 1.9096968 2.2216170 2.0762775 2.1327558 2.6913067 3.4978231 2.1847998 4.2248736 3.2756239 2.2216170 
taxon_18   9.0000000 3.5514165 9.0000000 9.0000000 2.6738640 2.6913067 3.1356844 2.8262852 2.3117252 1.8272612 2.6078875 2.3333094 1.9414811 1.8107165 1.6066366 1.4135482 1.2243489 0.0000000 1.8732525 2.6401505 2.0685455 2.1847998 2.1244224 2.3333094 2.6401505 4.2248736 2.5186735 9.0000000 9.0000000 2.5472484 
taxon_19   2.6401505 2.9401395 2.8262852 2.1847998 3.1682983 3.7399032 2.7274583 2.3901548 2.5769552 1.7429622 2.5922619 2.8477152 1.3519119 1.2977058 1.6066366 1.3519119 1.9480028 1.8732525 0.0000000 1.6406367 1.8852049 1.2977058 1.8912533 1.8912533 1.7479622 1.8912533 2.1938360 2.2122419 2.2029825 3.4978231 
taxon_20   3.3151067 2.4389525 2.6738640 2.7462092 9.0000000 9.0000000 9.0000000 2.5047842 3.2023950 2.4645960 3.7399032 2.9910063 1.8052817 1.8052817 2.8697756 1.8217056 2.9910063 2.6401505 1.6406367 0.0000000 2.0999637 1.6024929 2.3011617 2.7654410 2.0608923 2.3443391 3.1044299 3.0177947 2.6238455 9.0000000 
taxon_21   3.4478047 4.2248736 9.0000000 3.8149659 2.7462092 2.8477152 2.5769552 3.9922575 2.1758711 2.1161805 2.5047842 2.5186735 1.9096968 1.9545818 1.6994016 1.9814904 1.9096968 2.0685455 1.8852049 2.0999637 0.0000000 1.6671881 1.9350156 2.1411828 3.1044299 9.0000000 2.4141569 4.2248736 3.3567841 2.2029825 
taxon_22   2.3443391 2.2907448 2.8262852 2.4389525 9.0000000 9.0000000 2.9651418 2.1244224 2.4264522 1.9746722 3.9922575 2.4645960 1.5701429 1.4772024 2.0919849 1.6808249 2.2216170 2.1847998 1.2977058 1.6024929 1.6671881 0.0000000 2.2407263 2.1244224 1.9096968 2.5619547 2.5769552 2.2311108 2.2804707 9.0000000 
taxon_23   3.6091383 9.0000000 3.8983839 3.8149659 2.5186735 2.2029825 2.1938360 2.7091647 1.9953166 1.6066366 2.1938360 2.1497057 2.2122419 1.9612190 2.1497057 2.3555333 2.0762775 2.1244224 1.8912533 2.3011617 1.9350156 2.2407263 0.0000000 1.4232466 1.6717062 2.1847998 1.7683024 5.1992826 2.3784358 2.2804707 
taxon_24   3.8983839 4.0995831 3.2756239 4.5638612 2.7654410 2.3901548 2.6738640 2.5769552 2.0685455 1.5278240 1.9159468 1.6066366 2.7654410 2.1758711 1.9350156 2.2029825 2.1327558 2.3333094 1.8912533 2.7654410 2.1411828 2.1244224 1.4232466 0.0000000 1.3945197 1.7998860 1.3608405 9.0000000 9.0000000 2.6401505 
taxon_25   2.6401505 2.7851790 2.6738640 2.6738640 9.0000000 9.0000000 9.0000000 2.0685455 2.8477152 1.8384974 3.0177947 2.3224397 2.1327558 2.0237560 2.2216170 1.8614876 2.6913067 2.6401505 1.7479622 2.0608923 3.1044299 1.9096968 1.6717062 1.3945197 0.0000000 1.6066366 1.4599205 2.3668971 2.9910063 9.0000000 
taxon_26   3.4009144 2.2407263 2.6568179 2.7462092 9.0000000 3.2756239 9.0000000 2.4645960 2.9910063 2.2407263 9.0000000 3.4478047 2.0383907 2.1497057 3.6716745 2.2804707 3.4978231 4.2248736 1.8912533 2.3443391 9.0000000 2.5619547 2.1847998 1.7998860 1.6066366 0.0000000 0.9849416 2.2603353 2.4264522 3.1356844 
taxon_27   9.0000000 9.0000000 9.0000000 3.5514165 3.0177947 2.6078875 2.8925046 3.6091383 2.0762775 1.6149932 2.5472484 2.0237560 2.3443391 2.4911475 2.1327558 3.0455754 2.1847998 2.5186735 2.1938360 3.1044299 2.4141569 2.5769552 1.7683024 1.3608405 1.4599205 0.9849416 0.0000000 2.9651418 3.3567841 2.7851790 
taxon_28   2.4389525 2.4645960 2.2703354 2.1411828 2.7654410 3.2023950 3.1044299 2.8697756 2.9651418 2.8262852 3.2381161 3.1682983 2.5769552 2.3443391 9.0000000 2.5769552 4.2248736 9.0000000 2.2122419 3.0177947 4.2248736 2.2311108 5.1992826 9.0000000 2.3668971 2.2603353 2.9651418 0.0000000 2.1497057 2.4516647 
taxon_29   2.8925046 3.0177947 3.2023950 2.7274583 3.5514165 9.0000000 4.2248736 2.3668971 4.0995831 2.6401505 9.0000000 3.0455754 2.5769552 2.4264522 9.0000000 2.7851790 3.2756239 9.0000000 2.2029825 2.6238455 3.3567841 2.2804707 2.3784358 9.0000000 2.9910063 2.4264522 3.3567841 2.1497057 0.0000000 1.1507139 
taxon_30   4.3753767 9.0000000 4.8162140 9.0000000 3.1682983 2.6568179 2.8477152 2.9159439 2.4141569 2.3333094 9.0000000 2.1847998 9.0000000 9.0000000 2.4020598 3.8149659 2.2216170 2.5472484 3.4978231 9.0000000 2.2029825 9.0000000 2.2804707 2.6401505 9.0000000 3.1356844 2.7851790 2.4516647 1.1507139 0.0000000 
