50
taxon_1    0.0000000 0.1561912 0.1431686 0.1508735 0.1529143 0.1492448 0.1455932 0.1343450 0.1545510 0.1492448 0.1549607 0.1500587 0.1578350 0.1607205 0.1488382 0.1545510 0.1553706 0.1545510 0.1611336 0.1492448 0.1496517 0.1419593 0.1578350 0.1598949 0.1549607 0.1549607 0.1553706 0.1533231 0.1566018 0.1411541 0.1541415 0.1464031 0.1590703 0.1512812 0.1525057 0.1586583 0.1549607 0.1578350 0.1578350 0.1598949 0.1582466 0.1447841 0.1533231 0.1594825 0.1464031 0.1566018 0.1504660 0.1590703 0.1557808 0.1586583 
taxon_2    0.1561912 0.0000000 0.0442817 0.1419593 0.1439759 0.1399480 0.1355421 0.1272021 0.1435722 0.1391450 0.1431686 0.1403498 0.1492448 0.1504660 0.1387438 0.1439759 0.1464031 0.1459981 0.1516891 0.1387438 0.1395464 0.1327518 0.1484318 0.1492448 0.1451886 0.1455932 0.1492448 0.1435722 0.1472139 0.1327518 0.1439759 0.1387438 0.1516891 0.1427653 0.1427653 0.1488382 0.1451886 0.1468084 0.1496517 0.1480256 0.1476197 0.1315591 0.1455932 0.1488382 0.1355421 0.1443799 0.1403498 0.1496517 0.1472139 0.1496517 
taxon_3    0.1431686 0.0442817 0.0000000 0.1315591 0.1331498 0.1299718 0.1268072 0.1154464 0.1319565 0.1272021 0.1319565 0.1275971 0.1379421 0.1391450 0.1287835 0.1319565 0.1351429 0.1351429 0.1407519 0.1272021 0.1287835 0.1213012 0.1375416 0.1367412 0.1335480 0.1327518 0.1379421 0.1327518 0.1367412 0.1213012 0.1331498 0.1272021 0.1383429 0.1311620 0.1315591 0.1375416 0.1339464 0.1351429 0.1387438 0.1375416 0.1371413 0.1216931 0.1323540 0.1343450 0.1224777 0.1327518 0.1264126 0.1363413 0.1343450 0.1371413 
taxon_4    0.1508735 0.1419593 0.1315591 0.0000000 0.0411060 0.0368925 0.0330509 0.0797606 0.1193445 0.1150577 0.1201266 0.1154464 0.1209094 0.1232630 0.1158353 0.1173929 0.1205179 0.1177828 0.1248362 0.1115684 0.1127297 0.1057887 0.1224777 0.1224777 0.1170032 0.1166137 0.1205179 0.1162244 0.1201266 0.1038721 0.1166137 0.1092512 0.1228702 0.1154464 0.1135049 0.1216931 0.1185632 0.1166137 0.1209094 0.1236560 0.1232630 0.1100228 0.1170032 0.1224777 0.1080953 0.1177828 0.1150577 0.1220853 0.1193445 0.1216931 
taxon_5    0.1529143 0.1439759 0.1331498 0.0411060 0.0000000 0.0158326 0.0254261 0.0816165 0.1201266 0.1154464 0.1209094 0.1154464 0.1224777 0.1256240 0.1177828 0.1205179 0.1213012 0.1205179 0.1264126 0.1146692 0.1158353 0.1080953 0.1244426 0.1236560 0.1177828 0.1197354 0.1228702 0.1181729 0.1216931 0.1061727 0.1181729 0.1107952 0.1248362 0.1181729 0.1162244 0.1220853 0.1185632 0.1205179 0.1228702 0.1252300 0.1248362 0.1107952 0.1197354 0.1240492 0.1100228 0.1193445 0.1158353 0.1244426 0.1201266 0.1224777 
taxon_6    0.1492448 0.1399480 0.1299718 0.0368925 0.0158326 0.0000000 0.0209567 0.0768007 0.1173929 0.1111817 0.1166137 0.1115684 0.1185632 0.1209094 0.1131172 0.1158353 0.1173929 0.1158353 0.1224777 0.1100228 0.1104089 0.1034893 0.1197354 0.1193445 0.1135049 0.1146692 0.1181729 0.1119553 0.1170032 0.1015785 0.1135049 0.1061727 0.1193445 0.1135049 0.1115684 0.1177828 0.1142809 0.1154464 0.1185632 0.1201266 0.1197354 0.1061727 0.1158353 0.1201266 0.1061727 0.1162244 0.1127297 0.1197354 0.1166137 0.1181729 
taxon_7    0.1455932 0.1355421 0.1268072 0.0330509 0.0254261 0.0209567 0.0000000 0.0738524 0.1135049 0.1092512 0.1142809 0.1096369 0.1154464 0.1197354 0.1115684 0.1142809 0.1158353 0.1138928 0.1201266 0.1077103 0.1092512 0.1019603 0.1181729 0.1181729 0.1135049 0.1142809 0.1177828 0.1119553 0.1162244 0.1004343 0.1123424 0.1042550 0.1185632 0.1119553 0.1100228 0.1177828 0.1138928 0.1138928 0.1170032 0.1193445 0.1189538 0.1054050 0.1131172 0.1181729 0.1031068 0.1131172 0.1096369 0.1166137 0.1138928 0.1158353 
taxon_8    0.1343450 0.1272021 0.1154464 0.0797606 0.0816165 0.0768007 0.0738524 0.0000000 0.1038721 0.0985312 0.1031068 0.0989115 0.1054050 0.1092512 0.1000533 0.1042550 0.1061727 0.1046381 0.1111817 0.0985312 0.0992919 0.0902146 0.1088657 0.1073256 0.1027244 0.1023422 0.1057887 0.1004343 0.1050215 0.0890877 0.1015785 0.0954963 0.1080953 0.1011969 0.1011969 0.1077103 0.1042550 0.1042550 0.1065568 0.1088657 0.1080953 0.0943614 0.1046381 0.1096369 0.0958750 0.1031068 0.1011969 0.1084804 0.1057887 0.1065568 
taxon_9    0.1545510 0.1435722 0.1319565 0.1193445 0.1201266 0.1173929 0.1135049 0.1038721 0.0000000 0.0439282 0.0485370 0.0432216 0.0913433 0.0951178 0.0849698 0.0883373 0.0890877 0.0894631 0.0924737 0.0845966 0.0838507 0.0764315 0.0947395 0.0947395 0.0887124 0.0894631 0.0936057 0.0872131 0.0928508 0.0768007 0.0890877 0.0819883 0.0939835 0.0883373 0.0890877 0.0943614 0.0917199 0.0909669 0.0920967 0.0966330 0.0954963 0.0936057 0.1023422 0.1050215 0.0909669 0.1004343 0.0970123 0.1057887 0.1031068 0.1031068 
taxon_10   0.1492448 0.1391450 0.1272021 0.1150577 0.1154464 0.1111817 0.1092512 0.0985312 0.0439282 0.0000000 0.0295755 0.0247368 0.0872131 0.0905907 0.0816165 0.0864646 0.0868388 0.0868388 0.0917199 0.0808736 0.0808736 0.0731171 0.0909669 0.0905907 0.0849698 0.0860906 0.0890877 0.0842236 0.0894631 0.0731171 0.0860906 0.0779093 0.0894631 0.0845966 0.0860906 0.0905907 0.0875877 0.0872131 0.0890877 0.0909669 0.0905907 0.0890877 0.0958750 0.1019603 0.0879624 0.0985312 0.0939835 0.1004343 0.0981512 0.0981512 
taxon_11   0.1549607 0.1431686 0.1319565 0.1201266 0.1209094 0.1166137 0.1142809 0.1031068 0.0485370 0.0295755 0.0000000 0.0254261 0.0932282 0.0958750 0.0864646 0.0905907 0.0913433 0.0902146 0.0958750 0.0853433 0.0857169 0.0775396 0.0951178 0.0951178 0.0898388 0.0905907 0.0920967 0.0894631 0.0936057 0.0779093 0.0902146 0.0831046 0.0947395 0.0890877 0.0887124 0.0951178 0.0924737 0.0924737 0.0939835 0.0962539 0.0958750 0.0928508 0.1011969 0.1065568 0.0924737 0.1031068 0.0985312 0.1046381 0.1019603 0.1034893 
taxon_12   0.1500587 0.1403498 0.1275971 0.1154464 0.1154464 0.1115684 0.1096369 0.0989115 0.0432216 0.0247368 0.0254261 0.0000000 0.0879624 0.0902146 0.0819883 0.0857169 0.0864646 0.0857169 0.0905907 0.0797606 0.0801314 0.0720155 0.0898388 0.0898388 0.0842236 0.0849698 0.0887124 0.0834781 0.0887124 0.0723825 0.0853433 0.0771700 0.0875877 0.0838507 0.0849698 0.0894631 0.0875877 0.0868388 0.0883373 0.0905907 0.0902146 0.0879624 0.0970123 0.1015785 0.0875877 0.0981512 0.0936057 0.0996725 0.0981512 0.0985312 
taxon_13   0.1578350 0.1492448 0.1379421 0.1209094 0.1224777 0.1185632 0.1154464 0.1054050 0.0913433 0.0872131 0.0932282 0.0879624 0.0000000 0.0404021 0.0453433 0.0492486 0.0499608 0.0513873 0.0549655 0.0449892 0.0460518 0.0393475 0.0564016 0.0567610 0.0517444 0.0521016 0.0553243 0.0492486 0.0546069 0.0393475 0.0528166 0.0464063 0.0564016 0.0499608 0.0517444 0.0553243 0.0549655 0.0531743 0.0560423 0.0571207 0.0564016 0.0951178 0.1057887 0.1065568 0.0951178 0.1023422 0.0989115 0.1054050 0.1038721 0.1054050 
taxon_14   0.1607205 0.1504660 0.1391450 0.1232630 0.1256240 0.1209094 0.1197354 0.1092512 0.0951178 0.0905907 0.0958750 0.0902146 0.0404021 0.0000000 0.0474709 0.0503172 0.0499608 0.0513873 0.0564016 0.0453433 0.0492486 0.0411060 0.0582006 0.0592820 0.0538903 0.0542485 0.0585609 0.0517444 0.0564016 0.0414582 0.0546069 0.0485370 0.0578404 0.0517444 0.0531743 0.0585609 0.0574805 0.0560423 0.0582006 0.0589214 0.0582006 0.0985312 0.1073256 0.1104089 0.0977714 0.1061727 0.1019603 0.1080953 0.1069411 0.1065568 
taxon_15   0.1488382 0.1387438 0.1287835 0.1158353 0.1177828 0.1131172 0.1115684 0.1000533 0.0849698 0.0816165 0.0864646 0.0819883 0.0453433 0.0474709 0.0000000 0.0271522 0.0337479 0.0340967 0.0393475 0.0285360 0.0400504 0.0323545 0.0499608 0.0510304 0.0456975 0.0464063 0.0492486 0.0435748 0.0478261 0.0333993 0.0467610 0.0404021 0.0499608 0.0421631 0.0456975 0.0496046 0.0478261 0.0464063 0.0481815 0.0506737 0.0492486 0.0905907 0.0996725 0.1027244 0.0898388 0.0992919 0.0943614 0.1011969 0.0996725 0.0996725 
taxon_16   0.1545510 0.1439759 0.1319565 0.1173929 0.1205179 0.1158353 0.1142809 0.1042550 0.0883373 0.0864646 0.0905907 0.0857169 0.0492486 0.0503172 0.0271522 0.0000000 0.0365425 0.0372428 0.0425158 0.0323545 0.0439282 0.0361926 0.0542485 0.0542485 0.0492486 0.0499608 0.0524590 0.0456975 0.0496046 0.0361926 0.0492486 0.0432216 0.0531743 0.0456975 0.0474709 0.0524590 0.0513873 0.0499608 0.0524590 0.0542485 0.0528166 0.0939835 0.1031068 0.1073256 0.0932282 0.1027244 0.0985312 0.1057887 0.1031068 0.1042550 
taxon_17   0.1553706 0.1464031 0.1351429 0.1205179 0.1213012 0.1173929 0.1158353 0.1061727 0.0890877 0.0868388 0.0913433 0.0864646 0.0499608 0.0499608 0.0337479 0.0365425 0.0000000 0.0365425 0.0418106 0.0309637 0.0453433 0.0375931 0.0549655 0.0553243 0.0496046 0.0496046 0.0538903 0.0481815 0.0528166 0.0372428 0.0513873 0.0442817 0.0546069 0.0471159 0.0474709 0.0531743 0.0524590 0.0517444 0.0542485 0.0564016 0.0542485 0.0943614 0.1023422 0.1057887 0.0924737 0.1011969 0.0970123 0.1031068 0.1011969 0.1031068 
taxon_18   0.1545510 0.1459981 0.1351429 0.1177828 0.1205179 0.1158353 0.1138928 0.1046381 0.0894631 0.0868388 0.0902146 0.0857169 0.0513873 0.0513873 0.0340967 0.0372428 0.0365425 0.0000000 0.0379437 0.0285360 0.0460518 0.0382944 0.0556832 0.0556832 0.0503172 0.0510304 0.0535322 0.0485370 0.0531743 0.0382944 0.0528166 0.0453433 0.0553243 0.0485370 0.0510304 0.0549655 0.0542485 0.0524590 0.0535322 0.0567610 0.0553243 0.0951178 0.1050215 0.1080953 0.0958750 0.1034893 0.1004343 0.1061727 0.1038721 0.1057887 
taxon_19   0.1611336 0.1516891 0.1407519 0.1248362 0.1264126 0.1224777 0.1201266 0.1111817 0.0924737 0.0917199 0.0958750 0.0905907 0.0549655 0.0564016 0.0393475 0.0425158 0.0418106 0.0379437 0.0000000 0.0271522 0.0499608 0.0428686 0.0607264 0.0600039 0.0553243 0.0564016 0.0592820 0.0535322 0.0574805 0.0425158 0.0567610 0.0499608 0.0592820 0.0524590 0.0542485 0.0585609 0.0582006 0.0564016 0.0592820 0.0610879 0.0589214 0.1000533 0.1100228 0.1135049 0.1000533 0.1092512 0.1046381 0.1111817 0.1104089 0.1107952 
taxon_20   0.1492448 0.1387438 0.1272021 0.1115684 0.1146692 0.1100228 0.1077103 0.0985312 0.0845966 0.0808736 0.0853433 0.0797606 0.0449892 0.0453433 0.0285360 0.0323545 0.0309637 0.0285360 0.0271522 0.0000000 0.0393475 0.0316588 0.0492486 0.0499608 0.0439282 0.0453433 0.0471159 0.0421631 0.0467610 0.0320066 0.0460518 0.0393475 0.0481815 0.0414582 0.0446354 0.0474709 0.0456975 0.0442817 0.0474709 0.0496046 0.0481815 0.0879624 0.0973917 0.1015785 0.0883373 0.0966330 0.0924737 0.0977714 0.0977714 0.0981512 
taxon_21   0.1496517 0.1395464 0.1287835 0.1127297 0.1158353 0.1104089 0.1092512 0.0992919 0.0838507 0.0808736 0.0857169 0.0801314 0.0460518 0.0492486 0.0400504 0.0439282 0.0453433 0.0460518 0.0499608 0.0393475 0.0000000 0.0223291 0.0478261 0.0488927 0.0428686 0.0442817 0.0471159 0.0404021 0.0449892 0.0306164 0.0442817 0.0375931 0.0481815 0.0411060 0.0435748 0.0471159 0.0460518 0.0446354 0.0467610 0.0499608 0.0485370 0.0879624 0.0970123 0.0996725 0.0879624 0.0958750 0.0932282 0.1000533 0.0985312 0.0989115 
taxon_22   0.1419593 0.1327518 0.1213012 0.1057887 0.1080953 0.1034893 0.1019603 0.0902146 0.0764315 0.0731171 0.0775396 0.0720155 0.0393475 0.0411060 0.0323545 0.0361926 0.0375931 0.0382944 0.0428686 0.0316588 0.0223291 0.0000000 0.0414582 0.0414582 0.0354933 0.0365425 0.0393475 0.0337479 0.0382944 0.0237039 0.0372428 0.0306164 0.0404021 0.0337479 0.0358429 0.0400504 0.0382944 0.0358429 0.0382944 0.0421631 0.0407540 0.0805024 0.0898388 0.0932282 0.0805024 0.0883373 0.0853433 0.0913433 0.0902146 0.0913433 
taxon_23   0.1578350 0.1484318 0.1375416 0.1224777 0.1244426 0.1197354 0.1181729 0.1088657 0.0947395 0.0909669 0.0951178 0.0898388 0.0564016 0.0582006 0.0499608 0.0542485 0.0549655 0.0556832 0.0607264 0.0492486 0.0478261 0.0414582 0.0000000 0.0578404 0.0528166 0.0535322 0.0567610 0.0510304 0.0549655 0.0396989 0.0531743 0.0453433 0.0578404 0.0513873 0.0528166 0.0571207 0.0542485 0.0535322 0.0571207 0.0582006 0.0564016 0.0970123 0.1065568 0.1107952 0.0996725 0.1084804 0.1042550 0.1096369 0.1080953 0.1080953 
taxon_24   0.1598949 0.1492448 0.1367412 0.1224777 0.1236560 0.1193445 0.1181729 0.1073256 0.0947395 0.0905907 0.0951178 0.0898388 0.0567610 0.0592820 0.0510304 0.0542485 0.0553243 0.0556832 0.0600039 0.0499608 0.0488927 0.0414582 0.0578404 0.0000000 0.0250813 0.0250813 0.0524590 0.0471159 0.0503172 0.0372428 0.0510304 0.0439282 0.0538903 0.0474709 0.0496046 0.0531743 0.0521016 0.0517444 0.0535322 0.0571207 0.0556832 0.0973917 0.1038721 0.1096369 0.0962539 0.1054050 0.1015785 0.1084804 0.1054050 0.1061727 
taxon_25   0.1549607 0.1451886 0.1335480 0.1170032 0.1177828 0.1135049 0.1135049 0.1027244 0.0887124 0.0849698 0.0898388 0.0842236 0.0517444 0.0538903 0.0456975 0.0492486 0.0496046 0.0503172 0.0553243 0.0439282 0.0428686 0.0354933 0.0528166 0.0250813 0.0000000 0.0178780 0.0474709 0.0411060 0.0453433 0.0309637 0.0446354 0.0379437 0.0467610 0.0411060 0.0432216 0.0467610 0.0460518 0.0456975 0.0474709 0.0517444 0.0503172 0.0917199 0.1011969 0.1034893 0.0902146 0.0992919 0.0954963 0.1023422 0.1000533 0.1004343 
taxon_26   0.1549607 0.1455932 0.1327518 0.1166137 0.1197354 0.1146692 0.1142809 0.1023422 0.0894631 0.0860906 0.0905907 0.0849698 0.0521016 0.0542485 0.0464063 0.0499608 0.0496046 0.0510304 0.0564016 0.0453433 0.0442817 0.0365425 0.0535322 0.0250813 0.0178780 0.0000000 0.0481815 0.0418106 0.0460518 0.0316588 0.0453433 0.0382944 0.0474709 0.0418106 0.0439282 0.0478261 0.0471159 0.0471159 0.0488927 0.0524590 0.0510304 0.0932282 0.1008155 0.1050215 0.0913433 0.1011969 0.0973917 0.1027244 0.1004343 0.1011969 
taxon_27   0.1553706 0.1492448 0.1379421 0.1205179 0.1228702 0.1181729 0.1177828 0.1057887 0.0936057 0.0890877 0.0920967 0.0887124 0.0553243 0.0585609 0.0492486 0.0524590 0.0538903 0.0535322 0.0592820 0.0471159 0.0471159 0.0393475 0.0567610 0.0524590 0.0474709 0.0481815 0.0000000 0.0425158 0.0485370 0.0333993 0.0471159 0.0396989 0.0503172 0.0432216 0.0449892 0.0492486 0.0467610 0.0499608 0.0510304 0.0553243 0.0538903 0.0936057 0.1050215 0.1092512 0.0958750 0.1019603 0.1004343 0.1077103 0.1042550 0.1054050 
taxon_28   0.1533231 0.1435722 0.1327518 0.1162244 0.1181729 0.1119553 0.1119553 0.1004343 0.0872131 0.0842236 0.0894631 0.0834781 0.0492486 0.0517444 0.0435748 0.0456975 0.0481815 0.0485370 0.0535322 0.0421631 0.0404021 0.0337479 0.0510304 0.0471159 0.0411060 0.0418106 0.0425158 0.0000000 0.0389963 0.0247368 0.0382944 0.0316588 0.0396989 0.0344456 0.0365425 0.0414582 0.0400504 0.0439282 0.0449892 0.0488927 0.0474709 0.0909669 0.1004343 0.1027244 0.0887124 0.0985312 0.0943614 0.1015785 0.0977714 0.0985312 
taxon_29   0.1566018 0.1472139 0.1367412 0.1201266 0.1216931 0.1170032 0.1162244 0.1050215 0.0928508 0.0894631 0.0936057 0.0887124 0.0546069 0.0564016 0.0478261 0.0496046 0.0528166 0.0531743 0.0574805 0.0467610 0.0449892 0.0382944 0.0549655 0.0503172 0.0453433 0.0460518 0.0485370 0.0389963 0.0000000 0.0243923 0.0382944 0.0316588 0.0449892 0.0396989 0.0414582 0.0456975 0.0442817 0.0478261 0.0506737 0.0538903 0.0524590 0.0966330 0.1054050 0.1080953 0.0966330 0.1061727 0.1015785 0.1080953 0.1050215 0.1057887 
taxon_30   0.1411541 0.1327518 0.1213012 0.1038721 0.1061727 0.1015785 0.1004343 0.0890877 0.0768007 0.0731171 0.0779093 0.0723825 0.0393475 0.0414582 0.0333993 0.0361926 0.0372428 0.0382944 0.0425158 0.0320066 0.0306164 0.0237039 0.0396989 0.0372428 0.0309637 0.0316588 0.0333993 0.0247368 0.0243923 0.0000000 0.0185611 0.0124358 0.0302693 0.0254261 0.0264613 0.0313112 0.0299223 0.0333993 0.0358429 0.0393475 0.0379437 0.0808736 0.0898388 0.0932282 0.0808736 0.0894631 0.0857169 0.0913433 0.0875877 0.0890877 
taxon_31   0.1541415 0.1439759 0.1331498 0.1166137 0.1181729 0.1135049 0.1123424 0.1015785 0.0890877 0.0860906 0.0902146 0.0853433 0.0528166 0.0546069 0.0467610 0.0492486 0.0513873 0.0528166 0.0567610 0.0460518 0.0442817 0.0372428 0.0531743 0.0510304 0.0446354 0.0453433 0.0471159 0.0382944 0.0382944 0.0185611 0.0000000 0.0237039 0.0449892 0.0382944 0.0389963 0.0446354 0.0432216 0.0467610 0.0496046 0.0521016 0.0513873 0.0936057 0.1027244 0.1061727 0.0932282 0.1019603 0.0977714 0.1042550 0.1011969 0.1031068 
taxon_32   0.1464031 0.1387438 0.1272021 0.1092512 0.1107952 0.1061727 0.1042550 0.0954963 0.0819883 0.0779093 0.0831046 0.0771700 0.0464063 0.0485370 0.0404021 0.0432216 0.0442817 0.0453433 0.0499608 0.0393475 0.0375931 0.0306164 0.0453433 0.0439282 0.0379437 0.0382944 0.0396989 0.0316588 0.0316588 0.0124358 0.0237039 0.0000000 0.0375931 0.0323545 0.0333993 0.0375931 0.0358429 0.0407540 0.0421631 0.0449892 0.0442817 0.0868388 0.0939835 0.0985312 0.0860906 0.0947395 0.0909669 0.0970123 0.0939835 0.0958750 
taxon_33   0.1590703 0.1516891 0.1383429 0.1228702 0.1248362 0.1193445 0.1185632 0.1080953 0.0939835 0.0894631 0.0947395 0.0875877 0.0564016 0.0578404 0.0499608 0.0531743 0.0546069 0.0553243 0.0592820 0.0481815 0.0481815 0.0404021 0.0578404 0.0538903 0.0467610 0.0474709 0.0503172 0.0396989 0.0449892 0.0302693 0.0449892 0.0375931 0.0000000 0.0358429 0.0435748 0.0471159 0.0460518 0.0510304 0.0513873 0.0546069 0.0528166 0.0954963 0.1050215 0.1084804 0.0939835 0.1042550 0.1004343 0.1088657 0.1050215 0.1061727 
taxon_34   0.1512812 0.1427653 0.1311620 0.1154464 0.1181729 0.1135049 0.1119553 0.1011969 0.0883373 0.0845966 0.0890877 0.0838507 0.0499608 0.0517444 0.0421631 0.0456975 0.0471159 0.0485370 0.0524590 0.0414582 0.0411060 0.0337479 0.0513873 0.0474709 0.0411060 0.0418106 0.0432216 0.0344456 0.0396989 0.0254261 0.0382944 0.0323545 0.0358429 0.0000000 0.0375931 0.0407540 0.0404021 0.0446354 0.0449892 0.0485370 0.0471159 0.0898388 0.1004343 0.1042550 0.0920967 0.0992919 0.0958750 0.1031068 0.1000533 0.1015785 
taxon_35   0.1525057 0.1427653 0.1315591 0.1135049 0.1162244 0.1115684 0.1100228 0.1011969 0.0890877 0.0860906 0.0887124 0.0849698 0.0517444 0.0531743 0.0456975 0.0474709 0.0474709 0.0510304 0.0542485 0.0446354 0.0435748 0.0358429 0.0528166 0.0496046 0.0432216 0.0439282 0.0449892 0.0365425 0.0414582 0.0264613 0.0389963 0.0333993 0.0435748 0.0375931 0.0000000 0.0407540 0.0386453 0.0464063 0.0481815 0.0513873 0.0499608 0.0917199 0.0996725 0.1050215 0.0920967 0.1004343 0.0970123 0.1034893 0.0996725 0.1019603 
taxon_36   0.1586583 0.1488382 0.1375416 0.1216931 0.1220853 0.1177828 0.1177828 0.1077103 0.0943614 0.0905907 0.0951178 0.0894631 0.0553243 0.0585609 0.0496046 0.0524590 0.0531743 0.0549655 0.0585609 0.0474709 0.0471159 0.0400504 0.0571207 0.0531743 0.0467610 0.0478261 0.0492486 0.0414582 0.0456975 0.0313112 0.0446354 0.0375931 0.0471159 0.0407540 0.0407540 0.0000000 0.0243923 0.0510304 0.0528166 0.0560423 0.0549655 0.0973917 0.1065568 0.1096369 0.0970123 0.1050215 0.1008155 0.1084804 0.1042550 0.1054050 
taxon_37   0.1549607 0.1451886 0.1339464 0.1185632 0.1185632 0.1142809 0.1138928 0.1042550 0.0917199 0.0875877 0.0924737 0.0875877 0.0549655 0.0574805 0.0478261 0.0513873 0.0524590 0.0542485 0.0582006 0.0456975 0.0460518 0.0382944 0.0542485 0.0521016 0.0460518 0.0471159 0.0467610 0.0400504 0.0442817 0.0299223 0.0432216 0.0358429 0.0460518 0.0404021 0.0386453 0.0243923 0.0000000 0.0496046 0.0513873 0.0542485 0.0531743 0.0947395 0.1034893 0.1065568 0.0939835 0.1015785 0.0977714 0.1054050 0.1027244 0.1034893 
taxon_38   0.1578350 0.1468084 0.1351429 0.1166137 0.1205179 0.1154464 0.1138928 0.1042550 0.0909669 0.0872131 0.0924737 0.0868388 0.0531743 0.0560423 0.0464063 0.0499608 0.0517444 0.0524590 0.0564016 0.0442817 0.0446354 0.0358429 0.0535322 0.0517444 0.0456975 0.0471159 0.0499608 0.0439282 0.0478261 0.0333993 0.0467610 0.0407540 0.0510304 0.0446354 0.0464063 0.0510304 0.0496046 0.0000000 0.0488927 0.0510304 0.0492486 0.0939835 0.1050215 0.1069411 0.0951178 0.1034893 0.0989115 0.1061727 0.1038721 0.1050215 
taxon_39   0.1578350 0.1496517 0.1387438 0.1209094 0.1228702 0.1185632 0.1170032 0.1065568 0.0920967 0.0890877 0.0939835 0.0883373 0.0560423 0.0582006 0.0481815 0.0524590 0.0542485 0.0535322 0.0592820 0.0474709 0.0467610 0.0382944 0.0571207 0.0535322 0.0474709 0.0488927 0.0510304 0.0449892 0.0506737 0.0358429 0.0496046 0.0421631 0.0513873 0.0449892 0.0481815 0.0528166 0.0513873 0.0488927 0.0000000 0.0309637 0.0299223 0.0939835 0.1057887 0.1092512 0.0966330 0.1042550 0.1015785 0.1069411 0.1054050 0.1057887 
taxon_40   0.1598949 0.1480256 0.1375416 0.1236560 0.1252300 0.1201266 0.1193445 0.1088657 0.0966330 0.0909669 0.0962539 0.0905907 0.0571207 0.0589214 0.0506737 0.0542485 0.0564016 0.0567610 0.0610879 0.0496046 0.0499608 0.0421631 0.0582006 0.0571207 0.0517444 0.0524590 0.0553243 0.0488927 0.0538903 0.0393475 0.0521016 0.0449892 0.0546069 0.0485370 0.0513873 0.0560423 0.0542485 0.0510304 0.0309637 0.0000000 0.0097295 0.0966330 0.1077103 0.1115684 0.0985312 0.1073256 0.1027244 0.1092512 0.1084804 0.1084804 
taxon_41   0.1582466 0.1476197 0.1371413 0.1232630 0.1248362 0.1197354 0.1189538 0.1080953 0.0954963 0.0905907 0.0958750 0.0902146 0.0564016 0.0582006 0.0492486 0.0528166 0.0542485 0.0553243 0.0589214 0.0481815 0.0485370 0.0407540 0.0564016 0.0556832 0.0503172 0.0510304 0.0538903 0.0474709 0.0524590 0.0379437 0.0513873 0.0442817 0.0528166 0.0471159 0.0499608 0.0549655 0.0531743 0.0492486 0.0299223 0.0097295 0.0000000 0.0951178 0.1069411 0.1100228 0.0970123 0.1054050 0.1015785 0.1084804 0.1077103 0.1077103 
taxon_42   0.1447841 0.1315591 0.1216931 0.1100228 0.1107952 0.1061727 0.1054050 0.0943614 0.0936057 0.0890877 0.0928508 0.0879624 0.0951178 0.0985312 0.0905907 0.0939835 0.0943614 0.0951178 0.1000533 0.0879624 0.0879624 0.0805024 0.0970123 0.0973917 0.0917199 0.0932282 0.0936057 0.0909669 0.0966330 0.0808736 0.0936057 0.0868388 0.0954963 0.0898388 0.0917199 0.0973917 0.0947395 0.0939835 0.0939835 0.0966330 0.0951178 0.0000000 0.0849698 0.0872131 0.0756937 0.0845966 0.0812450 0.0853433 0.0864646 0.0864646 
taxon_43   0.1533231 0.1455932 0.1323540 0.1170032 0.1197354 0.1158353 0.1131172 0.1046381 0.1023422 0.0958750 0.1011969 0.0970123 0.1057887 0.1073256 0.0996725 0.1031068 0.1023422 0.1050215 0.1100228 0.0973917 0.0970123 0.0898388 0.1065568 0.1038721 0.1011969 0.1008155 0.1050215 0.1004343 0.1054050 0.0898388 0.1027244 0.0939835 0.1050215 0.1004343 0.0996725 0.1065568 0.1034893 0.1050215 0.1057887 0.1077103 0.1069411 0.0849698 0.0000000 0.0698172 0.0578404 0.0687205 0.0628982 0.0687205 0.0665318 0.0679902 
taxon_44   0.1594825 0.1488382 0.1343450 0.1224777 0.1240492 0.1201266 0.1181729 0.1096369 0.1050215 0.1019603 0.1065568 0.1015785 0.1065568 0.1104089 0.1027244 0.1073256 0.1057887 0.1080953 0.1135049 0.1015785 0.0996725 0.0932282 0.1107952 0.1096369 0.1034893 0.1050215 0.1092512 0.1027244 0.1080953 0.0932282 0.1061727 0.0985312 0.1084804 0.1042550 0.1050215 0.1096369 0.1065568 0.1069411 0.1092512 0.1115684 0.1100228 0.0872131 0.0698172 0.0000000 0.0316588 0.0421631 0.0354933 0.0589214 0.0582006 0.0578404 
taxon_45   0.1464031 0.1355421 0.1224777 0.1080953 0.1100228 0.1061727 0.1031068 0.0958750 0.0909669 0.0879624 0.0924737 0.0875877 0.0951178 0.0977714 0.0898388 0.0932282 0.0924737 0.0958750 0.1000533 0.0883373 0.0879624 0.0805024 0.0996725 0.0962539 0.0902146 0.0913433 0.0958750 0.0887124 0.0966330 0.0808736 0.0932282 0.0860906 0.0939835 0.0920967 0.0920967 0.0970123 0.0939835 0.0951178 0.0966330 0.0985312 0.0970123 0.0756937 0.0578404 0.0316588 0.0000000 0.0292288 0.0243923 0.0471159 0.0464063 0.0478261 
taxon_46   0.1566018 0.1443799 0.1327518 0.1177828 0.1193445 0.1162244 0.1131172 0.1031068 0.1004343 0.0985312 0.1031068 0.0981512 0.1023422 0.1061727 0.0992919 0.1027244 0.1011969 0.1034893 0.1092512 0.0966330 0.0958750 0.0883373 0.1084804 0.1054050 0.0992919 0.1011969 0.1019603 0.0985312 0.1061727 0.0894631 0.1019603 0.0947395 0.1042550 0.0992919 0.1004343 0.1050215 0.1015785 0.1034893 0.1042550 0.1073256 0.1054050 0.0845966 0.0687205 0.0421631 0.0292288 0.0000000 0.0309637 0.0585609 0.0560423 0.0582006 
taxon_47   0.1504660 0.1403498 0.1264126 0.1150577 0.1158353 0.1127297 0.1096369 0.1011969 0.0970123 0.0939835 0.0985312 0.0936057 0.0989115 0.1019603 0.0943614 0.0985312 0.0970123 0.1004343 0.1046381 0.0924737 0.0932282 0.0853433 0.1042550 0.1015785 0.0954963 0.0973917 0.1004343 0.0943614 0.1015785 0.0857169 0.0977714 0.0909669 0.1004343 0.0958750 0.0970123 0.1008155 0.0977714 0.0989115 0.1015785 0.1027244 0.1015785 0.0812450 0.0628982 0.0354933 0.0243923 0.0309637 0.0000000 0.0528166 0.0517444 0.0531743 
taxon_48   0.1590703 0.1496517 0.1363413 0.1220853 0.1244426 0.1197354 0.1166137 0.1084804 0.1057887 0.1004343 0.1046381 0.0996725 0.1054050 0.1080953 0.1011969 0.1057887 0.1031068 0.1061727 0.1111817 0.0977714 0.1000533 0.0913433 0.1096369 0.1084804 0.1023422 0.1027244 0.1077103 0.1015785 0.1080953 0.0913433 0.1042550 0.0970123 0.1088657 0.1031068 0.1034893 0.1084804 0.1054050 0.1061727 0.1069411 0.1092512 0.1084804 0.0853433 0.0687205 0.0589214 0.0471159 0.0585609 0.0528166 0.0000000 0.0439282 0.0460518 
taxon_49   0.1557808 0.1472139 0.1343450 0.1193445 0.1201266 0.1166137 0.1138928 0.1057887 0.1031068 0.0981512 0.1019603 0.0981512 0.1038721 0.1069411 0.0996725 0.1031068 0.1011969 0.1038721 0.1104089 0.0977714 0.0985312 0.0902146 0.1080953 0.1054050 0.1000533 0.1004343 0.1042550 0.0977714 0.1050215 0.0875877 0.1011969 0.0939835 0.1050215 0.1000533 0.0996725 0.1042550 0.1027244 0.1038721 0.1054050 0.1084804 0.1077103 0.0864646 0.0665318 0.0582006 0.0464063 0.0560423 0.0517444 0.0439282 0.0000000 0.0340967 
taxon_50   0.1586583 0.1496517 0.1371413 0.1216931 0.1224777 0.1181729 0.1158353 0.1065568 0.1031068 0.0981512 0.1034893 0.0985312 0.1054050 0.1065568 0.0996725 0.1042550 0.1031068 0.1057887 0.1107952 0.0981512 0.0989115 0.0913433 0.1080953 0.1061727 0.1004343 0.1011969 0.1054050 0.0985312 0.1057887 0.0890877 0.1031068 0.0958750 0.1061727 0.1015785 0.1019603 0.1054050 0.1034893 0.1050215 0.1057887 0.1084804 0.1077103 0.0864646 0.0679902 0.0578404 0.0478261 0.0582006 0.0531743 0.0460518 0.0340967 0.0000000 
