RF=0.170213
WRF=0.076304
