RF=0.063830
WRF=0.151883
