50
taxon_1    0.0000000 0.0973917 0.1000533 0.1711171 0.2956466 0.2892469 0.2585127 0.1694439 0.3106272 0.2766088 0.3321157 0.2833875 0.3457334 0.2594543 0.3563794 0.3161959 0.3494423 0.3404665 0.3478505 0.3430953 0.3016030 0.2961412 0.3315968 0.3305602 0.3321157 0.2785393 0.3321157 0.2867999 0.3326349 0.3357577 0.3606805 0.3505054 0.3425688 0.3331544 0.3671787 0.2814444 0.3228308 0.3233436 0.2996123 0.3655489 0.3558435 0.2843608 0.2766088 0.3388936 0.3045990 0.3233436 0.3279749 0.2848480 0.3321157 0.2675062 
taxon_2    0.0973917 0.0000000 0.1652772 0.2449904 0.3606805 0.3666350 0.3394175 0.2473045 0.3898157 0.3521028 0.4079709 0.3553080 0.4120016 0.3295250 0.4354593 0.3898157 0.4259880 0.4143146 0.4114245 0.4073968 0.3720896 0.3699030 0.4096957 0.4062500 0.4143146 0.3574523 0.4028202 0.3601415 0.4022500 0.4033907 0.4313009 0.4242254 0.4189622 0.4051050 0.4342689 0.3596029 0.3948776 0.3937497 0.3720896 0.4366517 0.4218816 0.3574523 0.3467912 0.4091203 0.3748318 0.3903764 0.3977046 0.3515700 0.4091203 0.3441494 
taxon_3    0.1000533 0.1652772 0.0000000 0.2413027 0.3660918 0.3590647 0.3295250 0.2403835 0.3875769 0.3457334 0.4028202 0.3553080 0.4114245 0.3321157 0.4336743 0.3898157 0.4212968 0.4143146 0.4148940 0.4143146 0.3666350 0.3628403 0.4016803 0.4028202 0.4045331 0.3478505 0.3988383 0.3526361 0.4073968 0.4051050 0.4307087 0.4201286 0.4073968 0.4022500 0.4330803 0.3483807 0.3914992 0.3943134 0.3666350 0.4384438 0.4236388 0.3510375 0.3446770 0.4108478 0.3781358 0.3971383 0.4096957 0.3617596 0.4045331 0.3420427 
taxon_4    0.1711171 0.2449904 0.2413027 0.0000000 0.2155394 0.2289886 0.1889145 0.1015785 0.2853355 0.2473045 0.3035990 0.2510220 0.3131533 0.2308002 0.3274589 0.2907189 0.3207830 0.3192509 0.3151803 0.3050995 0.2684592 0.2632327 0.3016030 0.2966361 0.3061015 0.2514880 0.2961412 0.2533548 0.2956466 0.3001095 0.3238568 0.3146730 0.2996123 0.3091156 0.3347153 0.2538223 0.2863114 0.2853355 0.2646545 0.3336744 0.3238568 0.2533548 0.2468412 0.3045990 0.2703688 0.2882671 0.2951524 0.2500909 0.3061015 0.2390070 
taxon_5    0.2956466 0.3606805 0.3660918 0.2155394 0.0000000 0.3305602 0.2882671 0.2027637 0.4166348 0.3742826 0.4277548 0.3809003 0.4372486 0.3441494 0.4456554 0.3999739 0.4189622 0.4218816 0.4408400 0.4324867 0.3903764 0.3759315 0.4195452 0.4166348 0.4283447 0.3737337 0.4096957 0.3720896 0.4195452 0.4172160 0.4444487 0.4295258 0.4195452 0.4073968 0.4547685 0.3671787 0.4120016 0.4051050 0.3881360 0.4572175 0.4396409 0.3709955 0.3671787 0.4212968 0.3842311 0.3971383 0.4120016 0.3639226 0.4313009 0.3633812 
taxon_6    0.2892469 0.3666350 0.3590647 0.2289886 0.3305602 0.0000000 0.1077103 0.1367412 0.4131572 0.3666350 0.4283447 0.3803466 0.4498944 0.3612198 0.4523275 0.4189622 0.4498944 0.4462595 0.4553800 0.4402402 0.4091203 0.3875769 0.4336743 0.4360553 0.4535470 0.3926236 0.4420409 0.3994059 0.4390421 0.4372486 0.4517185 0.4511100 0.4372486 0.4271654 0.4590595 0.3825639 0.4378460 0.4212968 0.4079709 0.4683380 0.4547685 0.3820089 0.3781358 0.4396409 0.3988383 0.4166348 0.4189622 0.3792404 0.4289350 0.3693574 
taxon_7    0.2585127 0.3394175 0.3295250 0.1889145 0.2882671 0.1077103 0.0000000 0.0939835 0.3775841 0.3336744 0.3960071 0.3467912 0.4091203 0.3172128 0.4148940 0.3792404 0.4096957 0.4028202 0.4148940 0.3994059 0.3617596 0.3473207 0.3909376 0.3920612 0.4016803 0.3452050 0.3965725 0.3499737 0.3898157 0.3809003 0.4137357 0.4108478 0.3931865 0.3886954 0.4148940 0.3373240 0.3898157 0.3792404 0.3606805 0.4259880 0.4195452 0.3388936 0.3295250 0.3926236 0.3542381 0.3720896 0.3814544 0.3368016 0.3948776 0.3253984 
taxon_8    0.1694439 0.2473045 0.2403835 0.1015785 0.2027637 0.1367412 0.0939835 0.0000000 0.2872886 0.2486964 0.3071048 0.2589834 0.3187408 0.2285364 0.3264279 0.2912102 0.3167042 0.3192509 0.3177218 0.3056003 0.2703688 0.2566330 0.2971313 0.2961412 0.3040988 0.2505563 0.3021015 0.2556949 0.2991154 0.3026003 0.3321157 0.3212945 0.3111317 0.3026003 0.3315968 0.2552263 0.2961412 0.2897372 0.2698909 0.3352363 0.3253984 0.2533548 0.2454527 0.3081095 0.2713254 0.2848480 0.2941649 0.2491610 0.3061015 0.2380907 
taxon_9    0.3106272 0.3898157 0.3875769 0.2853355 0.4166348 0.4131572 0.3775841 0.2872886 0.0000000 0.2137642 0.2656039 0.2155394 0.4125792 0.3404665 0.4271654 0.3948776 0.4154738 0.4230526 0.4102715 0.4068232 0.3770329 0.3628403 0.4062500 0.4016803 0.3965725 0.3478505 0.4033907 0.3596029 0.3965725 0.3965725 0.4372486 0.4091203 0.4148940 0.4114245 0.4378460 0.3563794 0.3988383 0.3965725 0.3748318 0.4313009 0.4143146 0.3494423 0.3430953 0.4096957 0.3770329 0.3999739 0.4177976 0.3660918 0.4096957 0.3441494 
taxon_10   0.2766088 0.3521028 0.3457334 0.2473045 0.3742826 0.3666350 0.3336744 0.2486964 0.2137642 0.0000000 0.1561912 0.1115684 0.3720896 0.2961412 0.3994059 0.3585268 0.3677228 0.3836750 0.3886954 0.3731853 0.3409915 0.3336744 0.3596029 0.3617596 0.3644643 0.3136595 0.3622998 0.3161959 0.3585268 0.3617596 0.3914992 0.3781358 0.3731853 0.3617596 0.4016803 0.3151803 0.3585268 0.3499737 0.3331544 0.3892554 0.3753815 0.3116366 0.3026003 0.3775841 0.3310783 0.3473207 0.3596029 0.3126474 0.3666350 0.2966361 
taxon_11   0.3321157 0.4079709 0.4028202 0.3035990 0.4277548 0.4283447 0.3960071 0.3071048 0.2656039 0.1561912 0.0000000 0.1480256 0.4265765 0.3531697 0.4474692 0.4108478 0.4248125 0.4384438 0.4330803 0.4248125 0.3853447 0.3803466 0.4108478 0.4079709 0.4079709 0.3606805 0.4091203 0.3650064 0.4108478 0.4114245 0.4390421 0.4271654 0.4271654 0.4160541 0.4547685 0.3742826 0.4079709 0.3948776 0.3797933 0.4432438 0.4230526 0.3671787 0.3596029 0.4307087 0.3870182 0.3988383 0.4108478 0.3666350 0.4230526 0.3531697 
taxon_12   0.2833875 0.3553080 0.3553080 0.2510220 0.3809003 0.3803466 0.3467912 0.2589834 0.2155394 0.1115684 0.1480256 0.0000000 0.3836750 0.3050995 0.4022500 0.3671787 0.3853447 0.3926236 0.3842311 0.3688121 0.3362795 0.3315968 0.3606805 0.3622998 0.3622998 0.3101230 0.3644643 0.3238568 0.3666350 0.3655489 0.3909376 0.3825639 0.3792404 0.3753815 0.4096957 0.3218062 0.3720896 0.3612198 0.3478505 0.3898157 0.3814544 0.3223183 0.3096191 0.3842311 0.3409915 0.3542381 0.3704491 0.3218062 0.3720896 0.3076070 
taxon_13   0.3457334 0.4120016 0.4114245 0.3131533 0.4372486 0.4498944 0.4091203 0.3187408 0.4125792 0.3720896 0.4265765 0.3836750 0.0000000 0.2089041 0.3101230 0.2675062 0.2931787 0.2936716 0.3737337 0.3699030 0.3264279 0.3388936 0.3660918 0.3655489 0.3666350 0.3136595 0.3596029 0.3197612 0.3547728 0.3601415 0.3875769 0.3809003 0.3820089 0.3693574 0.4005422 0.3269432 0.4218816 0.4108478 0.3831192 0.4360553 0.4230526 0.3612198 0.3553080 0.4108478 0.3764820 0.3920612 0.3960071 0.3622998 0.4079709 0.3415169 
taxon_14   0.2594543 0.3295250 0.3321157 0.2308002 0.3441494 0.3612198 0.3172128 0.2285364 0.3404665 0.2961412 0.3531697 0.3050995 0.2089041 0.0000000 0.1661087 0.1224777 0.1455932 0.1549607 0.2892469 0.2853355 0.2463780 0.2486964 0.2799905 0.2785393 0.2785393 0.2280845 0.2718042 0.2258288 0.2689361 0.2713254 0.3071048 0.2931787 0.2921938 0.2872886 0.3081095 0.2403835 0.3274589 0.3187408 0.2966361 0.3537037 0.3409915 0.2814444 0.2698909 0.3253984 0.2956466 0.3131533 0.3192509 0.2746833 0.3295250 0.2670302 
taxon_15   0.3563794 0.4354593 0.4336743 0.3274589 0.4456554 0.4523275 0.4148940 0.3264279 0.4271654 0.3994059 0.4474692 0.4022500 0.3101230 0.1661087 0.0000000 0.1640317 0.2115512 0.2137642 0.3875769 0.3786879 0.3362795 0.3420427 0.3737337 0.3737337 0.3742826 0.3223183 0.3715424 0.3264279 0.3693574 0.3688121 0.4079709 0.3920612 0.3825639 0.3809003 0.4045331 0.3336744 0.4201286 0.4096957 0.3853447 0.4572175 0.4511100 0.3836750 0.3726372 0.4283447 0.3898157 0.4131572 0.4248125 0.3775841 0.4143146 0.3596029 
taxon_16   0.3161959 0.3898157 0.3898157 0.2907189 0.3999739 0.4189622 0.3792404 0.2912102 0.3948776 0.3585268 0.4108478 0.3671787 0.2675062 0.1224777 0.1640317 0.0000000 0.1681915 0.1740541 0.3462621 0.3452050 0.3026003 0.3006070 0.3378469 0.3404665 0.3409915 0.2843608 0.3321157 0.2858233 0.3264279 0.3347153 0.3612198 0.3446770 0.3457334 0.3489113 0.3660918 0.2956466 0.3820089 0.3720896 0.3494423 0.4212968 0.4028202 0.3409915 0.3310783 0.3920612 0.3537037 0.3715424 0.3814544 0.3357577 0.3886954 0.3326349 
taxon_17   0.3494423 0.4259880 0.4212968 0.3207830 0.4189622 0.4498944 0.4096957 0.3167042 0.4154738 0.3677228 0.4248125 0.3853447 0.2931787 0.1455932 0.2115512 0.1681915 0.0000000 0.1945099 0.3775841 0.3786879 0.3399418 0.3279749 0.3650064 0.3704491 0.3677228 0.3161959 0.3579894 0.3136595 0.3585268 0.3574523 0.3903764 0.3847877 0.3764820 0.3748318 0.3954421 0.3248842 0.4183797 0.4068232 0.3881360 0.4354593 0.4271654 0.3682672 0.3574523 0.4120016 0.3726372 0.3903764 0.3982712 0.3526361 0.4114245 0.3489113 
taxon_18   0.3404665 0.4143146 0.4143146 0.3192509 0.4218816 0.4462595 0.4028202 0.3192509 0.4230526 0.3836750 0.4384438 0.3926236 0.2936716 0.1549607 0.2137642 0.1740541 0.1945099 0.0000000 0.3742826 0.3786879 0.3409915 0.3399418 0.3693574 0.3742826 0.3720896 0.3197612 0.3677228 0.3212945 0.3606805 0.3628403 0.3960071 0.3842311 0.3764820 0.3748318 0.3914992 0.3310783 0.4183797 0.4096957 0.3820089 0.4354593 0.4259880 0.3671787 0.3521028 0.4154738 0.3803466 0.3948776 0.4102715 0.3612198 0.4172160 0.3510375 
taxon_19   0.3478505 0.4114245 0.4148940 0.3151803 0.4408400 0.4553800 0.4148940 0.3177218 0.4102715 0.3886954 0.4330803 0.3842311 0.3737337 0.2892469 0.3875769 0.3462621 0.3775841 0.3742826 0.0000000 0.1561912 0.2547580 0.2561638 0.2981227 0.2917019 0.2863114 0.2445285 0.3425688 0.2956466 0.3521028 0.3457334 0.3628403 0.3425688 0.3478505 0.3473207 0.3660918 0.2961412 0.3937497 0.3864600 0.3715424 0.4277548 0.4265765 0.3628403 0.3553080 0.4028202 0.3688121 0.3909376 0.3948776 0.3531697 0.4102715 0.3478505 
taxon_20   0.3430953 0.4073968 0.4143146 0.3050995 0.4324867 0.4402402 0.3994059 0.3056003 0.4068232 0.3731853 0.4248125 0.3688121 0.3699030 0.2853355 0.3786879 0.3452050 0.3786879 0.3786879 0.1561912 0.0000000 0.2468412 0.2353484 0.2872886 0.2824153 0.2863114 0.2358048 0.3362795 0.2892469 0.3383700 0.3279749 0.3515700 0.3446770 0.3388936 0.3404665 0.3596029 0.2897372 0.3870182 0.3786879 0.3628403 0.4177976 0.4166348 0.3547728 0.3494423 0.4051050 0.3688121 0.3971383 0.4005422 0.3585268 0.4051050 0.3430953 
taxon_21   0.3016030 0.3720896 0.3666350 0.2684592 0.3903764 0.4091203 0.3617596 0.2703688 0.3770329 0.3409915 0.3853447 0.3362795 0.3264279 0.2463780 0.3362795 0.3026003 0.3399418 0.3409915 0.2547580 0.2468412 0.0000000 0.1988427 0.2477682 0.2390070 0.2362614 0.1876292 0.2971313 0.2496258 0.2946585 0.2882671 0.3218062 0.3061015 0.3006070 0.2951524 0.3243703 0.2528877 0.3547728 0.3585268 0.3357577 0.3847877 0.3803466 0.3106272 0.3030995 0.3677228 0.3264279 0.3415169 0.3537037 0.3126474 0.3660918 0.3040988 
taxon_22   0.2961412 0.3699030 0.3628403 0.2632327 0.3759315 0.3875769 0.3473207 0.2566330 0.3628403 0.3336744 0.3803466 0.3315968 0.3388936 0.2486964 0.3420427 0.3006070 0.3279749 0.3399418 0.2561638 0.2353484 0.1988427 0.0000000 0.2102265 0.2027637 0.2032007 0.1545510 0.2941649 0.2449904 0.2966361 0.2892469 0.3228308 0.3086124 0.2981227 0.3016030 0.3243703 0.2473045 0.3574523 0.3531697 0.3321157 0.3775841 0.3731853 0.3121418 0.3035990 0.3633812 0.3192509 0.3430953 0.3494423 0.3091156 0.3639226 0.3006070 
taxon_23   0.3315968 0.4096957 0.4016803 0.3016030 0.4195452 0.4336743 0.3909376 0.2971313 0.4062500 0.3596029 0.4108478 0.3606805 0.3660918 0.2799905 0.3737337 0.3378469 0.3650064 0.3693574 0.2981227 0.2872886 0.2477682 0.2102265 0.0000000 0.2045130 0.2080238 0.1541415 0.3315968 0.2853355 0.3321157 0.3284912 0.3612198 0.3515700 0.3494423 0.3368016 0.3579894 0.2848480 0.4016803 0.3886954 0.3666350 0.4172160 0.4068232 0.3462621 0.3373240 0.4033907 0.3682672 0.3931865 0.3971383 0.3547728 0.3914992 0.3362795 
taxon_24   0.3305602 0.4062500 0.4028202 0.2966361 0.4166348 0.4360553 0.3920612 0.2961412 0.4016803 0.3617596 0.4079709 0.3622998 0.3655489 0.2785393 0.3737337 0.3404665 0.3704491 0.3742826 0.2917019 0.2824153 0.2390070 0.2027637 0.2045130 0.0000000 0.1791160 0.1279924 0.3310783 0.2853355 0.3264279 0.3269432 0.3585268 0.3483807 0.3404665 0.3269432 0.3579894 0.2867999 0.3988383 0.3870182 0.3671787 0.4236388 0.4096957 0.3483807 0.3394175 0.4062500 0.3655489 0.3881360 0.3971383 0.3542381 0.4091203 0.3388936 
taxon_25   0.3321157 0.4143146 0.4045331 0.3061015 0.4283447 0.4535470 0.4016803 0.3040988 0.3965725 0.3644643 0.4079709 0.3622998 0.3666350 0.2785393 0.3742826 0.3409915 0.3677228 0.3720896 0.2863114 0.2863114 0.2362614 0.2032007 0.2080238 0.1791160 0.0000000 0.0775404 0.3404665 0.2853355 0.3368016 0.3305602 0.3622998 0.3499737 0.3420427 0.3315968 0.3639226 0.2853355 0.3965725 0.3909376 0.3726372 0.4277548 0.4230526 0.3531697 0.3441494 0.3971383 0.3612198 0.3831192 0.3853447 0.3489113 0.4028202 0.3420427 
taxon_26   0.2785393 0.3574523 0.3478505 0.2514880 0.3737337 0.3926236 0.3452050 0.2505563 0.3478505 0.3136595 0.3606805 0.3101230 0.3136595 0.2280845 0.3223183 0.2843608 0.3161959 0.3197612 0.2445285 0.2358048 0.1876292 0.1545510 0.1541415 0.1279924 0.0775404 0.0000000 0.2824153 0.2330709 0.2770910 0.2775735 0.3071048 0.2921938 0.2848480 0.2775735 0.3066030 0.2289886 0.3378469 0.3352363 0.3126474 0.3726372 0.3655489 0.2996123 0.2882671 0.3462621 0.3091156 0.3259130 0.3352363 0.2936716 0.3537037 0.2867999 
taxon_27   0.3321157 0.4028202 0.3988383 0.2961412 0.4096957 0.4420409 0.3965725 0.3021015 0.4033907 0.3622998 0.4091203 0.3644643 0.3596029 0.2718042 0.3715424 0.3321157 0.3579894 0.3677228 0.3425688 0.3362795 0.2971313 0.2941649 0.3315968 0.3310783 0.3404665 0.2824153 0.0000000 0.0535325 0.2036379 0.2032007 0.3141661 0.3011048 0.2996123 0.2986189 0.3146730 0.2463780 0.3870182 0.3920612 0.3677228 0.4259880 0.4177976 0.3574523 0.3505054 0.4028202 0.3726372 0.3836750 0.3937497 0.3521028 0.4039617 0.3394175 
taxon_28   0.2867999 0.3601415 0.3526361 0.2533548 0.3720896 0.3994059 0.3499737 0.2556949 0.3596029 0.3161959 0.3650064 0.3238568 0.3197612 0.2258288 0.3264279 0.2858233 0.3136595 0.3212945 0.2956466 0.2892469 0.2496258 0.2449904 0.2853355 0.2853355 0.2853355 0.2330709 0.0535325 0.0000000 0.1574237 0.1574237 0.2708470 0.2594543 0.2566330 0.2491610 0.2694134 0.2018906 0.3415169 0.3499737 0.3269432 0.3753815 0.3677228 0.3071048 0.2991154 0.3526361 0.3192509 0.3321157 0.3425688 0.2996123 0.3505054 0.2877777 
taxon_29   0.3326349 0.4022500 0.4073968 0.2956466 0.4195452 0.4390421 0.3898157 0.2991154 0.3965725 0.3585268 0.4108478 0.3666350 0.3547728 0.2689361 0.3693574 0.3264279 0.3585268 0.3606805 0.3521028 0.3383700 0.2946585 0.2966361 0.3321157 0.3264279 0.3368016 0.2770910 0.2036379 0.1574237 0.0000000 0.1516891 0.3141661 0.3045990 0.3011048 0.2897372 0.3116366 0.2426835 0.4005422 0.4016803 0.3770329 0.4230526 0.4166348 0.3601415 0.3499737 0.4028202 0.3671787 0.3859021 0.3954421 0.3510375 0.3999739 0.3341947 
taxon_30   0.3357577 0.4033907 0.4051050 0.3001095 0.4172160 0.4372486 0.3809003 0.3026003 0.3965725 0.3617596 0.4114245 0.3655489 0.3601415 0.2713254 0.3688121 0.3347153 0.3574523 0.3628403 0.3457334 0.3279749 0.2882671 0.2892469 0.3284912 0.3269432 0.3305602 0.2775735 0.2032007 0.1574237 0.1516891 0.0000000 0.3167042 0.3021015 0.3006070 0.2843608 0.3106272 0.2482322 0.3920612 0.3920612 0.3775841 0.4166348 0.4085454 0.3547728 0.3441494 0.3994059 0.3639226 0.3775841 0.3926236 0.3473207 0.3982712 0.3388936 
taxon_31   0.3606805 0.4313009 0.4307087 0.3238568 0.4444487 0.4517185 0.4137357 0.3321157 0.4372486 0.3914992 0.4390421 0.3909376 0.3875769 0.3071048 0.4079709 0.3612198 0.3903764 0.3960071 0.3628403 0.3515700 0.3218062 0.3228308 0.3612198 0.3585268 0.3622998 0.3071048 0.3141661 0.2708470 0.3141661 0.3167042 0.0000000 0.1953745 0.1833605 0.2727627 0.2961412 0.2164285 0.4242254 0.4254000 0.3954421 0.4402402 0.4330803 0.3820089 0.3688121 0.4236388 0.4056773 0.4172160 0.4230526 0.3797933 0.4366517 0.3748318 
taxon_32   0.3505054 0.4242254 0.4201286 0.3146730 0.4295258 0.4511100 0.4108478 0.3212945 0.4091203 0.3781358 0.4271654 0.3825639 0.3809003 0.2931787 0.3920612 0.3446770 0.3847877 0.3842311 0.3425688 0.3446770 0.3061015 0.3086124 0.3515700 0.3483807 0.3499737 0.2921938 0.3011048 0.2594543 0.3045990 0.3021015 0.1953745 0.0000000 0.1415566 0.2594543 0.2761270 0.2058276 0.4125792 0.4091203 0.3814544 0.4283447 0.4207125 0.3601415 0.3537037 0.4102715 0.3825639 0.3994059 0.4102715 0.3666350 0.4125792 0.3585268 
taxon_33   0.3425688 0.4189622 0.4073968 0.2996123 0.4195452 0.4372486 0.3931865 0.3111317 0.4148940 0.3731853 0.4271654 0.3792404 0.3820089 0.2921938 0.3825639 0.3457334 0.3764820 0.3764820 0.3478505 0.3388936 0.3006070 0.2981227 0.3494423 0.3404665 0.3420427 0.2848480 0.2996123 0.2566330 0.3011048 0.3006070 0.1833605 0.1415566 0.0000000 0.2613411 0.2775735 0.2014544 0.4005422 0.3971383 0.3682672 0.4201286 0.4073968 0.3553080 0.3415169 0.3960071 0.3699030 0.3809003 0.3937497 0.3483807 0.3988383 0.3415169 
taxon_34   0.3331544 0.4051050 0.4022500 0.3091156 0.4073968 0.4271654 0.3886954 0.3026003 0.4114245 0.3617596 0.4160541 0.3753815 0.3693574 0.2872886 0.3809003 0.3489113 0.3748318 0.3748318 0.3473207 0.3404665 0.2951524 0.3016030 0.3368016 0.3269432 0.3315968 0.2775735 0.2986189 0.2491610 0.2897372 0.2843608 0.2727627 0.2594543 0.2613411 0.0000000 0.2326162 0.1690262 0.4033907 0.4022500 0.3748318 0.4096957 0.4079709 0.3505054 0.3446770 0.3988383 0.3688121 0.3931865 0.3971383 0.3574523 0.4091203 0.3404665 
taxon_35   0.3671787 0.4342689 0.4330803 0.3347153 0.4547685 0.4590595 0.4148940 0.3315968 0.4378460 0.4016803 0.4547685 0.4096957 0.4005422 0.3081095 0.4045331 0.3660918 0.3954421 0.3914992 0.3660918 0.3596029 0.3243703 0.3243703 0.3579894 0.3579894 0.3639226 0.3066030 0.3146730 0.2694134 0.3116366 0.3106272 0.2961412 0.2761270 0.2775735 0.2326162 0.0000000 0.1611336 0.4242254 0.4324867 0.4045331 0.4201286 0.4172160 0.3671787 0.3574523 0.4172160 0.3999739 0.4108478 0.4224669 0.3775841 0.4236388 0.3612198 
taxon_36   0.2814444 0.3596029 0.3483807 0.2538223 0.3671787 0.3825639 0.3373240 0.2552263 0.3563794 0.3151803 0.3742826 0.3218062 0.3269432 0.2403835 0.3336744 0.2956466 0.3248842 0.3310783 0.2961412 0.2897372 0.2528877 0.2473045 0.2848480 0.2867999 0.2853355 0.2289886 0.2463780 0.2018906 0.2426835 0.2482322 0.2164285 0.2058276 0.2014544 0.1690262 0.1611336 0.0000000 0.3542381 0.3579894 0.3279749 0.3639226 0.3563794 0.3056003 0.2951524 0.3601415 0.3331544 0.3457334 0.3531697 0.3091156 0.3531697 0.2941649 
taxon_37   0.3228308 0.3948776 0.3914992 0.2863114 0.4120016 0.4378460 0.3898157 0.2961412 0.3988383 0.3585268 0.4079709 0.3720896 0.4218816 0.3274589 0.4201286 0.3820089 0.4183797 0.4183797 0.3937497 0.3870182 0.3547728 0.3574523 0.4016803 0.3988383 0.3965725 0.3378469 0.3870182 0.3415169 0.4005422 0.3920612 0.4242254 0.4125792 0.4005422 0.4033907 0.4242254 0.3542381 0.0000000 0.1582466 0.1419593 0.3965725 0.3920612 0.3269432 0.3192509 0.3847877 0.3420427 0.3596029 0.3693574 0.3259130 0.3737337 0.3086124 
taxon_38   0.3233436 0.3937497 0.3943134 0.2853355 0.4051050 0.4212968 0.3792404 0.2897372 0.3965725 0.3499737 0.3948776 0.3612198 0.4108478 0.3187408 0.4096957 0.3720896 0.4068232 0.4096957 0.3864600 0.3786879 0.3585268 0.3531697 0.3886954 0.3870182 0.3909376 0.3352363 0.3920612 0.3499737 0.4016803 0.3920612 0.4254000 0.4091203 0.3971383 0.4022500 0.4324867 0.3579894 0.1582466 0.0000000 0.0819892 0.3886954 0.3842311 0.3121418 0.3101230 0.3731853 0.3362795 0.3542381 0.3606805 0.3146730 0.3660918 0.3040988 
taxon_39   0.2996123 0.3720896 0.3666350 0.2646545 0.3881360 0.4079709 0.3606805 0.2698909 0.3748318 0.3331544 0.3797933 0.3478505 0.3831192 0.2966361 0.3853447 0.3494423 0.3881360 0.3820089 0.3715424 0.3628403 0.3357577 0.3321157 0.3666350 0.3671787 0.3726372 0.3126474 0.3677228 0.3269432 0.3770329 0.3775841 0.3954421 0.3814544 0.3682672 0.3748318 0.4045331 0.3279749 0.1419593 0.0819892 0.0000000 0.3693574 0.3688121 0.2956466 0.2936716 0.3574523 0.3126474 0.3331544 0.3394175 0.2931787 0.3510375 0.2838740 
taxon_40   0.3655489 0.4366517 0.4384438 0.3336744 0.4572175 0.4683380 0.4259880 0.3352363 0.4313009 0.3892554 0.4432438 0.3898157 0.4360553 0.3537037 0.4572175 0.4212968 0.4354593 0.4354593 0.4277548 0.4177976 0.3847877 0.3775841 0.4172160 0.4236388 0.4277548 0.3726372 0.4259880 0.3753815 0.4230526 0.4166348 0.4402402 0.4283447 0.4201286 0.4096957 0.4201286 0.3639226 0.3965725 0.3886954 0.3693574 0.0000000 0.1632025 0.1940780 0.1850651 0.3373240 0.2931787 0.3101230 0.3146730 0.2751642 0.3269432 0.2618136 
taxon_41   0.3558435 0.4218816 0.4236388 0.3238568 0.4396409 0.4547685 0.4195452 0.3253984 0.4143146 0.3753815 0.4230526 0.3814544 0.4230526 0.3409915 0.4511100 0.4028202 0.4271654 0.4259880 0.4265765 0.4166348 0.3803466 0.3731853 0.4068232 0.4096957 0.4230526 0.3655489 0.4177976 0.3677228 0.4166348 0.4085454 0.4330803 0.4207125 0.4073968 0.4079709 0.4172160 0.3563794 0.3920612 0.3842311 0.3688121 0.1632025 0.0000000 0.1842123 0.1732138 0.3248842 0.2833875 0.2981227 0.3045990 0.2660790 0.3202720 0.2561638 
taxon_42   0.2843608 0.3574523 0.3510375 0.2533548 0.3709955 0.3820089 0.3388936 0.2533548 0.3494423 0.3116366 0.3671787 0.3223183 0.3612198 0.2814444 0.3836750 0.3409915 0.3682672 0.3671787 0.3628403 0.3547728 0.3106272 0.3121418 0.3462621 0.3483807 0.3531697 0.2996123 0.3574523 0.3071048 0.3601415 0.3547728 0.3820089 0.3601415 0.3553080 0.3505054 0.3671787 0.3056003 0.3269432 0.3121418 0.2956466 0.1940780 0.1842123 0.0000000 0.0506740 0.2594543 0.2195489 0.2353484 0.2426835 0.2018906 0.2566330 0.1850651 
taxon_43   0.2766088 0.3467912 0.3446770 0.2468412 0.3671787 0.3781358 0.3295250 0.2454527 0.3430953 0.3026003 0.3596029 0.3096191 0.3553080 0.2698909 0.3726372 0.3310783 0.3574523 0.3521028 0.3553080 0.3494423 0.3030995 0.3035990 0.3373240 0.3394175 0.3441494 0.2882671 0.3505054 0.2991154 0.3499737 0.3441494 0.3688121 0.3537037 0.3415169 0.3446770 0.3574523 0.2951524 0.3192509 0.3101230 0.2936716 0.1850651 0.1732138 0.0506740 0.0000000 0.2505563 0.2115512 0.2249285 0.2339811 0.1923529 0.2514880 0.1786929 
taxon_44   0.3388936 0.4091203 0.4108478 0.3045990 0.4212968 0.4396409 0.3926236 0.3081095 0.4096957 0.3775841 0.4307087 0.3842311 0.4108478 0.3253984 0.4283447 0.3920612 0.4120016 0.4154738 0.4028202 0.4051050 0.3677228 0.3633812 0.4033907 0.4062500 0.3971383 0.3462621 0.4028202 0.3526361 0.4028202 0.3994059 0.4236388 0.4102715 0.3960071 0.3988383 0.4172160 0.3601415 0.3847877 0.3731853 0.3574523 0.3373240 0.3248842 0.2594543 0.2505563 0.0000000 0.1962401 0.2142076 0.2231310 0.1803868 0.3035990 0.2367183 
taxon_45   0.3045990 0.3748318 0.3781358 0.2703688 0.3842311 0.3988383 0.3542381 0.2713254 0.3770329 0.3310783 0.3870182 0.3409915 0.3764820 0.2956466 0.3898157 0.3537037 0.3726372 0.3803466 0.3688121 0.3688121 0.3264279 0.3192509 0.3682672 0.3655489 0.3612198 0.3091156 0.3726372 0.3192509 0.3671787 0.3639226 0.4056773 0.3825639 0.3699030 0.3688121 0.3999739 0.3331544 0.3420427 0.3362795 0.3126474 0.2931787 0.2833875 0.2195489 0.2115512 0.1962401 0.0000000 0.1046381 0.1138928 0.0720162 0.2618136 0.1945099 
taxon_46   0.3233436 0.3903764 0.3971383 0.2882671 0.3971383 0.4166348 0.3720896 0.2848480 0.3999739 0.3473207 0.3988383 0.3542381 0.3920612 0.3131533 0.4131572 0.3715424 0.3903764 0.3948776 0.3909376 0.3971383 0.3415169 0.3430953 0.3931865 0.3881360 0.3831192 0.3259130 0.3836750 0.3321157 0.3859021 0.3775841 0.4172160 0.3994059 0.3809003 0.3931865 0.4108478 0.3457334 0.3596029 0.3542381 0.3331544 0.3101230 0.2981227 0.2353484 0.2249285 0.2142076 0.1046381 0.0000000 0.0909669 0.0488929 0.2761270 0.2071446 
taxon_47   0.3279749 0.3977046 0.4096957 0.2951524 0.4120016 0.4189622 0.3814544 0.2941649 0.4177976 0.3596029 0.4108478 0.3704491 0.3960071 0.3192509 0.4248125 0.3814544 0.3982712 0.4102715 0.3948776 0.4005422 0.3537037 0.3494423 0.3971383 0.3971383 0.3853447 0.3352363 0.3937497 0.3425688 0.3954421 0.3926236 0.4230526 0.4102715 0.3937497 0.3971383 0.4224669 0.3531697 0.3693574 0.3606805 0.3394175 0.3146730 0.3045990 0.2426835 0.2339811 0.2231310 0.1138928 0.0909669 0.0000000 0.0471161 0.2843608 0.2191023 
taxon_48   0.2848480 0.3515700 0.3617596 0.2500909 0.3639226 0.3792404 0.3368016 0.2491610 0.3660918 0.3126474 0.3666350 0.3218062 0.3622998 0.2746833 0.3775841 0.3357577 0.3526361 0.3612198 0.3531697 0.3585268 0.3126474 0.3091156 0.3547728 0.3542381 0.3489113 0.2936716 0.3521028 0.2996123 0.3510375 0.3473207 0.3797933 0.3666350 0.3483807 0.3574523 0.3775841 0.3091156 0.3259130 0.3146730 0.2931787 0.2751642 0.2660790 0.2018906 0.1923529 0.1803868 0.0720162 0.0488929 0.0471161 0.0000000 0.2454527 0.1765808 
taxon_49   0.3321157 0.4091203 0.4045331 0.3061015 0.4313009 0.4289350 0.3948776 0.3061015 0.4096957 0.3666350 0.4230526 0.3720896 0.4079709 0.3295250 0.4143146 0.3886954 0.4114245 0.4172160 0.4102715 0.4051050 0.3660918 0.3639226 0.3914992 0.4091203 0.4028202 0.3537037 0.4039617 0.3505054 0.3999739 0.3982712 0.4366517 0.4125792 0.3988383 0.4091203 0.4236388 0.3531697 0.3737337 0.3660918 0.3510375 0.3269432 0.3202720 0.2566330 0.2514880 0.3035990 0.2618136 0.2761270 0.2843608 0.2454527 0.0000000 0.1698618 
taxon_50   0.2675062 0.3441494 0.3420427 0.2390070 0.3633812 0.3693574 0.3253984 0.2380907 0.3441494 0.2966361 0.3531697 0.3076070 0.3415169 0.2670302 0.3596029 0.3326349 0.3489113 0.3510375 0.3478505 0.3430953 0.3040988 0.3006070 0.3362795 0.3388936 0.3420427 0.2867999 0.3394175 0.2877777 0.3341947 0.3388936 0.3748318 0.3585268 0.3415169 0.3404665 0.3612198 0.2941649 0.3086124 0.3040988 0.2838740 0.2618136 0.2561638 0.1850651 0.1786929 0.2367183 0.1945099 0.2071446 0.2191023 0.1765808 0.1698618 0.0000000 
