30
taxon_1    0.0000000 1.5263293 1.0854890 1.6860723 1.5868716 1.0361292 1.5386753 1.1815189 1.9301395 2.0310377 1.2566833 1.8228138 1.2212108 1.1586745 1.9043637 1.1643207 1.7916521 1.1932075 1.1991208 1.9514175 1.1971445 1.2717917 1.9094478 1.2439711 1.1662123 1.7492679 1.1365054 1.7575553 1.8697036 1.8273731 
taxon_2    1.5263293 0.0000000 1.1493577 0.8659109 0.9349861 1.3167153 0.8787099 1.8004241 1.2131026 1.2110891 1.9407030 1.1873405 1.8553267 1.8048489 1.1310639 2.0492572 1.1530705 1.8412197 1.8893131 1.1365054 1.9145677 1.9788929 1.2460749 1.8697036 1.8794445 1.1220815 1.8273731 1.1873405 1.1853949 1.1419866 
taxon_3    1.0854890 1.1493577 0.0000000 1.1238698 1.1605519 0.7991733 1.0686724 1.2110891 1.8600886 1.8505948 1.1776629 1.6600153 1.1568019 1.1079304 1.7534002 1.2566833 1.7744100 1.1586745 1.1738266 1.7744100 1.2110891 1.1624339 1.7829815 1.1681086 1.2524219 1.7091506 1.1512118 1.8843626 1.8794445 1.7744100 
taxon_4    1.6860723 0.8659109 1.1238698 0.0000000 0.8287746 1.1605519 0.7596008 1.7916521 1.1815189 1.2110891 1.9568327 1.1549339 1.8365757 1.8942965 1.1310639 2.0016221 1.1132061 2.0250615 2.0554292 1.1912467 1.8093000 1.8505948 1.1568019 2.0016221 1.7829815 1.1568019 1.9249129 1.1873405 1.1549339 1.1853949 
taxon_5    1.5868716 0.9349861 1.1605519 0.8287746 0.0000000 0.1653603 0.1068642 1.8843626 1.1568019 1.2151214 2.0132503 1.1292590 1.8458924 1.7534002 1.1991208 2.0074136 1.0489777 1.9197226 1.8843626 1.1873405 1.8794445 1.8893131 1.1493577 1.7249415 1.8697036 1.1238698 1.8794445 1.2070784 1.1892910 1.1605519 
taxon_6    1.0361292 1.3167153 0.7991733 1.1605519 0.1653603 0.0000000 0.1917500 1.2070784 1.7786835 1.9514175 1.2011023 1.6936864 1.1346873 1.1167438 1.9094478 1.2460749 1.6070522 1.1757423 1.1912467 1.8794445 1.1681086 1.1719157 1.7786835 1.1512118 1.1853949 1.7534002 1.1605519 1.9407030 1.8942965 1.8600886 
taxon_7    1.5386753 0.8787099 1.0686724 0.7596008 0.1068642 0.1917500 0.0000000 1.8093000 1.1605519 1.2171457 2.0191326 1.1202983 1.7451583 1.7170049 1.1853949 1.9622873 1.0457440 1.8893131 1.9145677 1.1681086 1.7916521 1.8048489 1.1512118 1.8228138 1.8365757 1.1114425 1.8697036 1.1951734 1.1815189 1.1493577 
taxon_8    1.1815189 1.8004241 1.2110891 1.7916521 1.8843626 1.2070784 1.8093000 0.0000000 1.9354027 1.9677808 1.1681086 1.7916521 1.1738266 1.1256619 1.7249415 1.1549339 1.6822940 1.1493577 1.1719157 1.8004241 1.2151214 1.1624339 1.7916521 1.1681086 1.1167438 1.7829815 1.2696146 2.0492572 1.7786835 1.7617336 
taxon_9    1.9301395 1.2131026 1.8600886 1.1815189 1.1568019 1.7786835 1.1605519 1.9354027 0.0000000 0.9808897 1.3402282 0.8299833 1.4396945 1.4506837 1.0473595 1.9407030 1.0604033 1.6600153 1.8137776 1.1951734 1.9788929 1.9354027 1.1873405 1.9043637 2.0370618 1.0736780 2.0250615 1.1853949 1.1310639 1.1365054 
taxon_10   2.0310377 1.2110891 1.8505948 1.2110891 1.2151214 1.9514175 1.2171457 1.9677808 0.9808897 0.0000000 0.8085192 0.7933907 1.4235067 1.5901977 1.0034139 1.6975227 1.0854890 1.8458924 1.8600886 1.1274582 1.7960253 1.6936864 1.1167438 1.7249415 1.7786835 1.0095364 1.8412197 1.1202983 1.0837904 1.0313674 
taxon_11   1.2566833 1.9407030 1.1776629 1.9568327 2.0132503 1.2011023 2.0191326 1.1681086 1.3402282 0.8085192 0.0000000 0.9779369 0.9103490 0.9575861 1.3769403 1.1738266 1.6975227 1.1132061 1.1605519 1.8794445 1.1586745 1.1096846 1.6822940 1.1438226 1.1815189 1.4992722 1.2131026 1.7013787 1.5672199 1.6070522 
taxon_12   1.8228138 1.1873405 1.6600153 1.1549339 1.1292590 1.6936864 1.1202983 1.7916521 0.8299833 0.7933907 0.9779369 0.0000000 0.8697277 0.9280609 0.8336212 1.8843626 0.9476149 1.6898697 1.6936864 1.1643207 1.7575553 1.6104686 1.0620499 1.6898697 1.7410711 0.8851922 1.6636829 1.0282095 0.9913169 0.9335960 
taxon_13   1.2212108 1.8553267 1.1568019 1.8365757 1.8458924 1.1346873 1.7451583 1.1738266 1.4396945 1.4235067 0.9103490 0.8697277 0.0000000 0.8684533 1.5172014 1.2252980 1.6455223 1.1438226 1.1419866 1.7960253 1.1932075 1.1310639 1.7492679 1.1873405 1.1700098 1.5901977 1.1512118 1.8093000 1.7052545 1.6673685 
taxon_14   1.1586745 1.8048489 1.1079304 1.8942965 1.7534002 1.1167438 1.7170049 1.1256619 1.4506837 1.5901977 0.9575861 0.9280609 0.8684533 0.0000000 1.5607820 1.2151214 1.6277904 1.1202983 1.1568019 1.9249129 1.1971445 1.1757423 1.7960253 1.1549339 1.2397812 1.6139017 1.1568019 1.6785346 1.6563653 1.7052545 
taxon_15   1.9043637 1.1310639 1.7534002 1.1310639 1.1991208 1.9094478 1.1853949 1.7249415 1.0473595 1.0034139 1.3769403 0.8336212 1.5172014 1.5607820 0.0000000 1.6563653 0.7283241 1.4288639 1.4933899 0.9838541 1.6822940 1.4562393 0.9419759 1.6785346 1.5769815 0.6635940 1.5935381 0.8520799 0.8595925 0.7574014 
taxon_16   1.1643207 2.0492572 1.2566833 2.0016221 2.0074136 1.2460749 1.9622873 1.1549339 1.9407030 1.6975227 1.1738266 1.8843626 1.2252980 1.2151214 1.6563653 0.0000000 1.2030891 1.1220815 1.1202983 1.7829815 1.1643207 1.0736780 1.6785346 1.1932075 1.1346873 1.3694527 1.1256619 1.6036509 1.5386753 1.3921428 
taxon_17   1.7916521 1.1530705 1.7744100 1.1132061 1.0489777 1.6070522 1.0457440 1.6822940 1.0604033 1.0854890 1.6975227 0.9476149 1.6455223 1.6277904 0.7283241 1.2030891 0.0000000 1.3283796 1.3595841 0.9171119 1.5141833 1.3498437 0.9198342 1.5575836 1.4933899 0.5828315 1.5835604 0.8348377 0.8203678 0.6635940 
taxon_18   1.1932075 1.8412197 1.1586745 2.0250615 1.9197226 1.1757423 1.8893131 1.1493577 1.6600153 1.8458924 1.1132061 1.6898697 1.1438226 1.1202983 1.4288639 1.1220815 1.3283796 0.0000000 1.0425255 1.6002649 1.1328730 0.9883229 1.4618364 1.1026919 1.0957634 1.1292590 1.0703373 1.4181874 1.3236921 1.2439711 
taxon_19   1.1991208 1.8893131 1.1738266 2.0554292 1.8843626 1.1912467 1.9145677 1.1719157 1.8137776 1.8600886 1.1605519 1.6936864 1.1419866 1.1568019 1.4933899 1.1202983 1.3595841 1.0425255 0.0000000 0.9090037 0.9973410 0.9266835 1.2696146 1.0653539 1.0034139 1.1700098 1.1328730 1.4369721 1.3870406 1.2460749 
taxon_20   1.9514175 1.1365054 1.7744100 1.1912467 1.1873405 1.8794445 1.1681086 1.8004241 1.1951734 1.1274582 1.8794445 1.1643207 1.7960253 1.9249129 0.9838541 1.7829815 0.9171119 1.6002649 0.9090037 0.0000000 1.4760145 1.3213593 0.8471130 1.4618364 1.4846519 0.8108740 1.6173499 0.9823705 0.9076608 0.8838913 
taxon_21   1.1971445 1.9145677 1.2110891 1.8093000 1.8794445 1.1681086 1.7916521 1.2151214 1.9788929 1.7960253 1.1586745 1.7575553 1.1932075 1.1971445 1.6822940 1.1643207 1.5141833 1.1328730 0.9973410 1.4760145 0.0000000 0.8120542 1.0441330 1.1026919 0.9405727 1.3744361 1.2090811 1.5835604 1.5172014 1.4424267 
taxon_22   1.2717917 1.9788929 1.1624339 1.8505948 1.8893131 1.1719157 1.8048489 1.1624339 1.9354027 1.6936864 1.1096846 1.6104686 1.1310639 1.1757423 1.4562393 1.0736780 1.3498437 0.9883229 0.9266835 1.3213593 0.8120542 0.0000000 0.2822208 0.9823705 0.9294409 1.1795884 1.0571211 1.3645022 1.3402282 1.2609690 
taxon_23   1.9094478 1.2460749 1.7829815 1.1568019 1.1493577 1.7786835 1.1512118 1.7916521 1.1873405 1.1167438 1.6822940 1.0620499 1.7492679 1.7960253 0.9419759 1.6785346 0.9198342 1.4618364 1.2696146 0.8471130 1.0441330 0.2822208 0.0000000 1.3694527 1.2171457 0.7910901 1.6139017 0.9211991 0.8930457 0.8533268 
taxon_24   1.2439711 1.8697036 1.1681086 2.0016221 1.7249415 1.1512118 1.8228138 1.1681086 1.9043637 1.7249415 1.1438226 1.6898697 1.1873405 1.1549339 1.6785346 1.1932075 1.5575836 1.1026919 1.0653539 1.4618364 1.1026919 0.9823705 1.3694527 0.0000000 0.9676929 1.4288639 1.0957634 1.6104686 1.6002649 1.6208141 
taxon_25   1.1662123 1.8794445 1.2524219 1.7829815 1.8697036 1.1853949 1.8365757 1.1167438 2.0370618 1.7786835 1.1815189 1.7410711 1.1700098 1.2397812 1.5769815 1.1346873 1.4933899 1.0957634 1.0034139 1.4846519 0.9405727 0.9294409 1.2171457 0.9676929 0.0000000 1.3330966 1.1079304 1.5324769 1.4261805 1.4155419 
taxon_26   1.7492679 1.1220815 1.7091506 1.1568019 1.1238698 1.7534002 1.1114425 1.7829815 1.0736780 1.0095364 1.4992722 0.8851922 1.5901977 1.6139017 0.6635940 1.3694527 0.5828315 1.1292590 1.1700098 0.8108740 1.3744361 1.1795884 0.7910901 1.4288639 1.3330966 0.0000000 1.1401551 0.4981769 0.4327241 0.3247810 
taxon_27   1.1365054 1.8273731 1.1512118 1.9249129 1.8794445 1.1605519 1.8697036 1.2696146 2.0250615 1.8412197 1.2131026 1.6636829 1.1512118 1.1568019 1.5935381 1.1256619 1.5835604 1.0703373 1.1328730 1.6173499 1.2090811 1.0571211 1.6139017 1.0957634 1.1079304 1.1401551 0.0000000 0.7475832 1.2030891 1.1365054 
taxon_28   1.7575553 1.1873405 1.8843626 1.1873405 1.2070784 1.9407030 1.1951734 2.0492572 1.1853949 1.1202983 1.7013787 1.0282095 1.8093000 1.6785346 0.8520799 1.6036509 0.8348377 1.4181874 1.4369721 0.9823705 1.5835604 1.3645022 0.9211991 1.6104686 1.5324769 0.4981769 0.7475832 0.0000000 0.5915831 0.5122986 
taxon_29   1.8697036 1.1853949 1.8794445 1.1549339 1.1892910 1.8942965 1.1815189 1.7786835 1.1310639 1.0837904 1.5672199 0.9913169 1.7052545 1.6563653 0.8595925 1.5386753 0.8203678 1.3236921 1.3870406 0.9076608 1.5172014 1.3402282 0.8930457 1.6002649 1.4261805 0.4327241 1.2030891 0.5915831 0.0000000 0.3168055 
taxon_30   1.8273731 1.1419866 1.7744100 1.1853949 1.1605519 1.8600886 1.1493577 1.7617336 1.1365054 1.0313674 1.6070522 0.9335960 1.6673685 1.7052545 0.7574014 1.3921428 0.6635940 1.2439711 1.2460749 0.8838913 1.4424267 1.2609690 0.8533268 1.6208141 1.4155419 0.3247810 1.1365054 0.5122986 0.3168055 0.0000000 
