RF=0.553191
WRF=0.029597
