RF=0.574468
WRF=0.029599
