RF=0.425532
WRF=0.039015
