30
taxon_1    0.0000000 0.7690214 9.0000000 9.0000000 0.7849894 9.0000000 0.8320022 9.0000000 0.8003352 9.0000000 9.0000000 0.8421787 0.8473193 9.0000000 0.8340265 9.0000000 9.0000000 9.0000000 0.8150128 9.0000000 0.7993668 9.0000000 0.8160016 0.8289760 9.0000000 0.8380915 9.0000000 9.0000000 0.8320022 0.8120542 
taxon_2    0.7690214 0.0000000 0.8886725 1.5012433 0.6981304 9.0000000 0.7398561 9.0000000 0.7443391 3.8653009 9.0000000 0.8340265 0.8120542 9.0000000 0.8150128 9.0000000 9.0000000 9.0000000 0.8259619 9.0000000 0.8140253 9.0000000 0.8150128 0.8350407 9.0000000 0.8259619 9.0000000 9.0000000 0.8160016 0.7690214 
taxon_3    9.0000000 0.8886725 0.0000000 0.2926859 9.0000000 0.7425427 9.0000000 0.7497543 9.0000000 0.5380792 0.6256482 9.0000000 9.0000000 0.8140253 9.0000000 0.8071490 0.7916646 0.8279699 9.0000000 0.8239592 9.0000000 0.8140253 9.0000000 9.0000000 0.8042212 9.0000000 0.7774327 0.8032478 9.0000000 9.0000000 
taxon_4    9.0000000 1.5012433 0.2926859 0.0000000 9.0000000 0.7143703 9.0000000 0.7407505 9.0000000 0.4866080 0.6225838 9.0000000 9.0000000 0.8279699 9.0000000 0.8130391 0.8209652 0.8249599 9.0000000 0.8350407 9.0000000 0.8100883 9.0000000 9.0000000 0.7774327 9.0000000 0.7774327 0.8189758 9.0000000 9.0000000 
taxon_5    0.7849894 0.6981304 9.0000000 9.0000000 0.0000000 9.0000000 0.6172512 9.0000000 0.6248809 1.9550233 9.0000000 0.8259619 0.8483516 9.0000000 0.8229599 9.0000000 9.0000000 9.0000000 0.8724965 9.0000000 0.8091072 9.0000000 0.8239592 0.8330137 9.0000000 0.8042212 9.0000000 9.0000000 0.8514572 0.8239592 
taxon_6    9.0000000 9.0000000 0.7425427 0.7143703 9.0000000 0.0000000 0.6380333 0.6225838 9.0000000 0.6007340 0.7625438 9.0000000 9.0000000 0.8442307 9.0000000 0.8051959 0.8110706 0.8013048 9.0000000 0.8360563 9.0000000 0.8013048 9.0000000 9.0000000 0.8140253 9.0000000 0.8421787 0.8299833 9.0000000 9.0000000 
taxon_7    0.8320022 0.7398561 9.0000000 9.0000000 0.6172512 0.6380333 0.0000000 3.5806848 0.5933448 2.7058579 9.0000000 0.8350407 0.8391112 9.0000000 0.8071490 9.0000000 9.0000000 9.0000000 0.8289760 9.0000000 0.7840406 9.0000000 0.8370732 0.8140253 9.0000000 0.8350407 9.0000000 9.0000000 0.8130391 0.8199698 
taxon_8    9.0000000 9.0000000 0.7497543 0.7407505 9.0000000 0.6225838 3.5806848 0.0000000 1.3279879 0.6341402 0.7570359 9.0000000 9.0000000 0.8289760 9.0000000 0.8160016 0.8051959 0.8320022 9.0000000 0.7926231 9.0000000 0.8269652 9.0000000 9.0000000 0.8309921 9.0000000 0.8042212 0.7955058 9.0000000 9.0000000 
taxon_9    0.8003352 0.7443391 9.0000000 9.0000000 0.6248809 9.0000000 0.5933448 1.3279879 0.0000000 3.7095724 9.0000000 0.8061718 0.8160016 9.0000000 0.8032478 9.0000000 9.0000000 9.0000000 0.8022757 9.0000000 0.8061718 9.0000000 0.8380915 0.8767761 9.0000000 0.8545757 9.0000000 9.0000000 0.8350407 0.7926231 
taxon_10   9.0000000 3.8653009 0.5380792 0.4866080 1.9550233 0.6007340 2.7058579 0.6341402 3.7095724 0.0000000 0.6089471 9.0000000 9.0000000 0.8259619 9.0000000 0.7868906 0.8013048 0.8032478 9.0000000 0.8003352 9.0000000 0.7935828 9.0000000 9.0000000 0.7878429 9.0000000 0.7461398 0.8442307 9.0000000 9.0000000 
taxon_11   9.0000000 9.0000000 0.6256482 0.6225838 9.0000000 0.7625438 9.0000000 0.7570359 9.0000000 0.6089471 0.0000000 9.0000000 9.0000000 0.8140253 9.0000000 0.7821467 0.7774327 0.7964692 9.0000000 0.7542970 9.0000000 0.7830931 9.0000000 9.0000000 0.7643889 9.0000000 0.6157345 0.8452588 9.0000000 9.0000000 
taxon_12   0.8421787 0.8340265 9.0000000 9.0000000 0.8259619 9.0000000 0.8350407 9.0000000 0.8061718 9.0000000 9.0000000 0.0000000 0.8091072 9.0000000 0.8239592 9.0000000 9.0000000 9.0000000 0.8051959 9.0000000 0.8289760 9.0000000 0.8320022 0.7793147 9.0000000 0.8160016 9.0000000 9.0000000 0.7727481 0.7524766 
taxon_13   0.8473193 0.8120542 9.0000000 9.0000000 0.8483516 9.0000000 0.8391112 9.0000000 0.8160016 9.0000000 9.0000000 0.8091072 0.0000000 9.0000000 0.4859705 9.0000000 9.0000000 9.0000000 0.8279699 9.0000000 0.8452588 9.0000000 0.8120542 0.7935828 9.0000000 0.8229599 9.0000000 9.0000000 0.8330137 0.7802575 
taxon_14   9.0000000 9.0000000 0.8140253 0.8279699 9.0000000 0.8442307 9.0000000 0.8289760 9.0000000 0.8259619 0.8140253 9.0000000 9.0000000 0.0000000 1.6156238 0.8219619 0.8110706 0.8401323 9.0000000 0.8061718 9.0000000 0.7897513 9.0000000 9.0000000 0.7955058 9.0000000 0.7755553 0.8130391 9.0000000 9.0000000 
taxon_15   0.8340265 0.8150128 9.0000000 9.0000000 0.8229599 9.0000000 0.8071490 9.0000000 0.8032478 9.0000000 9.0000000 0.8239592 0.4859705 1.6156238 0.0000000 9.0000000 9.0000000 9.0000000 0.8003352 9.0000000 0.8100883 9.0000000 0.8239592 0.8130391 9.0000000 0.8100883 9.0000000 9.0000000 0.8320022 0.7868906 
taxon_16   9.0000000 9.0000000 0.8071490 0.8130391 9.0000000 0.8051959 9.0000000 0.8160016 9.0000000 0.7868906 0.7821467 9.0000000 9.0000000 0.8219619 9.0000000 0.0000000 0.7040727 0.8279699 9.0000000 0.7479448 9.0000000 0.7983997 9.0000000 9.0000000 0.7916646 9.0000000 0.7425427 0.8209652 9.0000000 9.0000000 
taxon_17   9.0000000 9.0000000 0.7916646 0.8209652 9.0000000 0.8110706 9.0000000 0.8051959 9.0000000 0.8013048 0.7774327 9.0000000 9.0000000 0.8110706 9.0000000 0.7040727 0.0000000 0.7755553 9.0000000 0.7461398 9.0000000 0.8452588 9.0000000 9.0000000 0.8179831 9.0000000 0.7292050 0.8091072 9.0000000 9.0000000 
taxon_18   9.0000000 9.0000000 0.8279699 0.8249599 9.0000000 0.8013048 9.0000000 0.8320022 9.0000000 0.8032478 0.7964692 9.0000000 9.0000000 0.8401323 9.0000000 0.8279699 0.7755553 0.0000000 9.0000000 0.7746184 9.0000000 0.8061718 9.0000000 9.0000000 0.8309921 9.0000000 0.7425427 0.8524953 9.0000000 9.0000000 
taxon_19   0.8150128 0.8259619 9.0000000 9.0000000 0.8724965 9.0000000 0.8289760 9.0000000 0.8022757 9.0000000 9.0000000 0.8051959 0.8279699 9.0000000 0.8003352 9.0000000 9.0000000 9.0000000 0.0000000 1.6360134 0.8299833 9.0000000 0.8003352 0.7849894 9.0000000 0.8179831 9.0000000 9.0000000 0.8289760 0.7840406 
taxon_20   9.0000000 9.0000000 0.8239592 0.8350407 9.0000000 0.8360563 9.0000000 0.7926231 9.0000000 0.8003352 0.7542970 9.0000000 9.0000000 0.8061718 9.0000000 0.7479448 0.7461398 0.7746184 1.6360134 0.0000000 9.0000000 0.7812015 9.0000000 9.0000000 0.8081275 9.0000000 0.7074896 0.8022757 9.0000000 9.0000000 
taxon_21   0.7993668 0.8140253 9.0000000 9.0000000 0.8091072 9.0000000 0.7840406 9.0000000 0.8061718 9.0000000 9.0000000 0.8289760 0.8452588 9.0000000 0.8100883 9.0000000 9.0000000 9.0000000 0.8299833 9.0000000 0.0000000 2.1921712 0.7887965 0.7945437 9.0000000 0.7955058 9.0000000 9.0000000 0.8309921 0.8100883 
taxon_22   9.0000000 9.0000000 0.8140253 0.8100883 9.0000000 0.8013048 9.0000000 0.8269652 9.0000000 0.7935828 0.7830931 9.0000000 9.0000000 0.7897513 9.0000000 0.7983997 0.8452588 0.8061718 9.0000000 0.7812015 2.1921712 0.0000000 9.0000000 9.0000000 0.7821467 9.0000000 0.6989764 0.8442307 9.0000000 9.0000000 
taxon_23   0.8160016 0.8150128 9.0000000 9.0000000 0.8239592 9.0000000 0.8370732 9.0000000 0.8380915 9.0000000 9.0000000 0.8320022 0.8120542 9.0000000 0.8239592 9.0000000 9.0000000 9.0000000 0.8003352 9.0000000 0.7887965 9.0000000 0.0000000 0.6554025 9.0000000 0.7161004 9.0000000 9.0000000 0.8483516 0.8061718 
taxon_24   0.8289760 0.8350407 9.0000000 9.0000000 0.8330137 9.0000000 0.8140253 9.0000000 0.8767761 9.0000000 9.0000000 0.7793147 0.7935828 9.0000000 0.8130391 9.0000000 9.0000000 9.0000000 0.7849894 9.0000000 0.7945437 9.0000000 0.6554025 0.0000000 9.0000000 0.5795028 9.0000000 9.0000000 0.8150128 0.7718147 
taxon_25   9.0000000 9.0000000 0.8042212 0.7774327 9.0000000 0.8140253 9.0000000 0.8309921 9.0000000 0.7878429 0.7643889 9.0000000 9.0000000 0.7955058 9.0000000 0.7916646 0.8179831 0.8309921 9.0000000 0.8081275 9.0000000 0.7821467 9.0000000 9.0000000 0.0000000 2.9014034 0.7727481 0.8179831 9.0000000 9.0000000 
taxon_26   0.8380915 0.8259619 9.0000000 9.0000000 0.8042212 9.0000000 0.8350407 9.0000000 0.8545757 9.0000000 9.0000000 0.8160016 0.8229599 9.0000000 0.8100883 9.0000000 9.0000000 9.0000000 0.8179831 9.0000000 0.7955058 9.0000000 0.7161004 0.5795028 2.9014034 0.0000000 9.0000000 9.0000000 0.7993668 0.7671649 
taxon_27   9.0000000 9.0000000 0.7774327 0.7774327 9.0000000 0.8421787 9.0000000 0.8042212 9.0000000 0.7461398 0.6157345 9.0000000 9.0000000 0.7755553 9.0000000 0.7425427 0.7292050 0.7425427 9.0000000 0.7074896 9.0000000 0.6989764 9.0000000 9.0000000 0.7727481 9.0000000 0.0000000 0.8239592 9.0000000 9.0000000 
taxon_28   9.0000000 9.0000000 0.8032478 0.8189758 9.0000000 0.8299833 9.0000000 0.7955058 9.0000000 0.8442307 0.8452588 9.0000000 9.0000000 0.8130391 9.0000000 0.8209652 0.8091072 0.8524953 9.0000000 0.8022757 9.0000000 0.8442307 9.0000000 9.0000000 0.8179831 9.0000000 0.8239592 0.0000000 9.0000000 9.0000000 
taxon_29   0.8320022 0.8160016 9.0000000 9.0000000 0.8514572 9.0000000 0.8130391 9.0000000 0.8350407 9.0000000 9.0000000 0.7727481 0.8330137 9.0000000 0.8320022 9.0000000 9.0000000 9.0000000 0.8289760 9.0000000 0.8309921 9.0000000 0.8483516 0.8150128 9.0000000 0.7993668 9.0000000 9.0000000 0.0000000 0.6913963 
taxon_30   0.8120542 0.7690214 9.0000000 9.0000000 0.8239592 9.0000000 0.8199698 9.0000000 0.7926231 9.0000000 9.0000000 0.7524766 0.7802575 9.0000000 0.7868906 9.0000000 9.0000000 9.0000000 0.7840406 9.0000000 0.8100883 9.0000000 0.8061718 0.7718147 9.0000000 0.7671649 9.0000000 9.0000000 0.6913963 0.0000000 
