50
taxon_1    0.0000000 0.0621740 0.0628986 0.0834781 0.0786501 0.0928508 0.0868388 0.0875877 0.0727504 0.0894631 0.0913433 0.0887124 0.0868388 0.0868388 0.0853433 0.0857169 0.0883373 0.0864646 0.0849698 0.0849698 0.0913433 0.0875877 0.0834781 0.0857169 0.0853433 0.0917199 0.0909669 0.0857169 0.0834781 0.0936057 0.0853433 0.0872131 0.0958750 0.0913433 0.0849698 0.0857169 0.0834781 0.0812459 0.0872131 0.0823611 0.0805033 0.0868388 0.0816175 0.0771708 0.0879624 0.0879624 0.1837858 0.1837858 0.1761588 0.1711169 
taxon_2    0.0621740 0.0000000 0.0333987 0.0898388 0.0857169 0.1031067 0.0951178 0.0962539 0.0819892 0.1004343 0.1008155 0.0981512 0.0958750 0.0966330 0.0928508 0.0951178 0.0981512 0.0943614 0.0958750 0.0939835 0.1000533 0.0951178 0.0917199 0.0958750 0.0958750 0.1004343 0.1011969 0.0966330 0.0936057 0.1038721 0.0943614 0.0962539 0.1046381 0.0992919 0.0939835 0.0932282 0.0917199 0.0898388 0.0954963 0.0917199 0.0894631 0.0973917 0.0913433 0.0868388 0.0966330 0.0958750 0.1914909 0.1863454 0.1774246 0.1719548 
taxon_3    0.0628986 0.0333987 0.0000000 0.0909669 0.0857169 0.1011969 0.0932282 0.0932282 0.0801323 0.0985312 0.0992919 0.0962539 0.0939835 0.0951178 0.0913433 0.0928508 0.0947395 0.0932282 0.0939835 0.0928508 0.0977714 0.0954963 0.0905907 0.0936057 0.0936057 0.0985312 0.0992919 0.0943614 0.0920967 0.1015785 0.0928508 0.0951178 0.1038721 0.0985312 0.0936057 0.0909669 0.0898388 0.0875877 0.0947395 0.0902146 0.0883373 0.0954963 0.0898388 0.0860906 0.0947395 0.0943614 0.1872005 0.1833600 0.1770024 0.1719548 
taxon_4    0.0834781 0.0898388 0.0909669 0.0000000 0.0320060 0.0603654 0.0538906 0.0553246 0.0400506 0.0574808 0.0592824 0.0560427 0.0528168 0.0560427 0.0528168 0.0531746 0.0560427 0.0535325 0.0535325 0.0524593 0.0589217 0.0546073 0.0513876 0.0531746 0.0528168 0.0589217 0.0589217 0.0549658 0.0513876 0.0621740 0.0521019 0.0535325 0.0636240 0.0600043 0.0524593 0.0528168 0.0496049 0.0481817 0.0538906 0.0510307 0.0632612 0.0723832 0.0658042 0.0742210 0.0831056 0.0834781 0.1940780 0.1919213 0.1837858 0.1808105 
taxon_5    0.0786501 0.0857169 0.0857169 0.0320060 0.0000000 0.0560427 0.0485372 0.0503174 0.0354926 0.0521019 0.0542488 0.0499611 0.0481817 0.0513876 0.0481817 0.0474711 0.0503174 0.0481817 0.0488929 0.0478263 0.0538906 0.0499611 0.0460520 0.0485372 0.0478263 0.0549658 0.0531746 0.0503174 0.0464066 0.0574808 0.0478263 0.0488929 0.0585613 0.0549658 0.0474711 0.0471161 0.0453435 0.0435750 0.0488929 0.0449895 0.0607268 0.0679908 0.0614500 0.0690865 0.0801323 0.0801323 0.1876285 0.1884851 0.1812348 0.1782696 
taxon_6    0.0928508 0.1031067 0.1011969 0.0603654 0.0560427 0.0000000 0.0299218 0.0460520 0.0309632 0.0546073 0.0564019 0.0535325 0.0513876 0.0531746 0.0492488 0.0496049 0.0531746 0.0492488 0.0503174 0.0488929 0.0556836 0.0506740 0.0478263 0.0499611 0.0488929 0.0560427 0.0549658 0.0521019 0.0492488 0.0592824 0.0513876 0.0517447 0.0610883 0.0567614 0.0485372 0.0496049 0.0471161 0.0453435 0.0499611 0.0478263 0.0745891 0.0816175 0.0749573 0.0842236 0.0928508 0.0951178 0.2027637 0.2005829 0.1949421 0.1897718 
taxon_7    0.0868388 0.0951178 0.0932282 0.0538906 0.0485372 0.0299218 0.0000000 0.0396990 0.0237036 0.0474711 0.0492488 0.0464066 0.0442819 0.0464066 0.0432218 0.0432218 0.0460520 0.0432218 0.0432218 0.0421633 0.0492488 0.0449895 0.0407541 0.0435750 0.0428688 0.0499611 0.0474711 0.0453435 0.0414584 0.0524593 0.0442819 0.0446356 0.0542488 0.0499611 0.0425160 0.0425160 0.0400506 0.0382936 0.0425160 0.0404023 0.0672612 0.0745891 0.0683558 0.0771708 0.0868388 0.0872131 0.1923519 0.1910608 0.1859182 0.1799626 
taxon_8    0.0875877 0.0962539 0.0932282 0.0553246 0.0503174 0.0460520 0.0396990 0.0000000 0.0243920 0.0492488 0.0503174 0.0478263 0.0449895 0.0478263 0.0446356 0.0446356 0.0474711 0.0446356 0.0446356 0.0439284 0.0510307 0.0464066 0.0432218 0.0442819 0.0449895 0.0513876 0.0481817 0.0464066 0.0418107 0.0528168 0.0449895 0.0453435 0.0531746 0.0510307 0.0442819 0.0446356 0.0418107 0.0400506 0.0432218 0.0418107 0.0694521 0.0749573 0.0687211 0.0779101 0.0883373 0.0879624 0.1988427 0.1945099 0.1893427 0.1850645 
taxon_9    0.0727504 0.0819892 0.0801323 0.0400506 0.0354926 0.0309632 0.0237036 0.0243920 0.0000000 0.0337473 0.0347940 0.0320060 0.0295750 0.0320060 0.0288818 0.0285355 0.0316582 0.0295750 0.0299218 0.0285355 0.0354926 0.0309632 0.0274975 0.0295750 0.0292283 0.0354926 0.0337473 0.0316582 0.0281893 0.0386445 0.0302687 0.0309632 0.0400506 0.0365417 0.0288818 0.0288818 0.0264609 0.0243920 0.0295750 0.0271518 0.0535325 0.0596432 0.0531746 0.0621740 0.0716493 0.0723832 0.1803864 0.1778470 0.1719548 0.1677743 
taxon_10   0.0894631 0.1004343 0.0985312 0.0574808 0.0521019 0.0546073 0.0474711 0.0492488 0.0337473 0.0000000 0.0467612 0.0446356 0.0432218 0.0442819 0.0418107 0.0411062 0.0442819 0.0404023 0.0414584 0.0411062 0.0474711 0.0428688 0.0428688 0.0442819 0.0432218 0.0535325 0.0517447 0.0492488 0.0456977 0.0549658 0.0478263 0.0485372 0.0567614 0.0538906 0.0467612 0.0467612 0.0442819 0.0418107 0.0474711 0.0449895 0.0698178 0.0786501 0.0716493 0.0801323 0.0909669 0.0898388 0.1984083 0.1984083 0.1932150 0.1884851 
taxon_11   0.0913433 0.1008155 0.0992919 0.0592824 0.0542488 0.0564019 0.0492488 0.0503174 0.0347940 0.0467612 0.0000000 0.0313106 0.0295750 0.0306159 0.0299218 0.0299218 0.0327020 0.0333987 0.0337473 0.0320060 0.0393477 0.0351432 0.0446356 0.0456977 0.0456977 0.0524593 0.0531746 0.0503174 0.0467612 0.0571210 0.0496049 0.0496049 0.0592824 0.0553246 0.0481817 0.0464066 0.0456977 0.0428688 0.0485372 0.0464066 0.0731177 0.0790204 0.0723832 0.0819892 0.0913433 0.0917199 0.2014544 0.1958072 0.1923519 0.1867728 
taxon_12   0.0887124 0.0981512 0.0962539 0.0560427 0.0499611 0.0535325 0.0464066 0.0478263 0.0320060 0.0446356 0.0313106 0.0000000 0.0243920 0.0261157 0.0261157 0.0271518 0.0295750 0.0306159 0.0309632 0.0299218 0.0365417 0.0320060 0.0407541 0.0428688 0.0432218 0.0510307 0.0503174 0.0474711 0.0446356 0.0524593 0.0460520 0.0467612 0.0556836 0.0524593 0.0449895 0.0446356 0.0428688 0.0411062 0.0453435 0.0425160 0.0694521 0.0738530 0.0676259 0.0775404 0.0883373 0.0883373 0.1992774 0.1949421 0.1893427 0.1846380 
taxon_13   0.0868388 0.0958750 0.0939835 0.0528168 0.0481817 0.0513876 0.0442819 0.0449895 0.0295750 0.0432218 0.0295750 0.0243920 0.0000000 0.0230159 0.0261157 0.0254257 0.0285355 0.0292283 0.0295750 0.0285355 0.0351432 0.0309632 0.0400506 0.0404023 0.0407541 0.0510307 0.0492488 0.0456977 0.0428688 0.0528168 0.0446356 0.0460520 0.0549658 0.0517447 0.0439284 0.0435750 0.0414584 0.0396990 0.0449895 0.0425160 0.0665323 0.0738530 0.0668967 0.0768014 0.0875877 0.0872131 0.1962401 0.1893427 0.1854912 0.1803864 
taxon_14   0.0868388 0.0966330 0.0951178 0.0560427 0.0513876 0.0531746 0.0464066 0.0478263 0.0320060 0.0442819 0.0306159 0.0261157 0.0230159 0.0000000 0.0274975 0.0271518 0.0292283 0.0306159 0.0309632 0.0299218 0.0358422 0.0316582 0.0411062 0.0421633 0.0421633 0.0524593 0.0510307 0.0471161 0.0435750 0.0535325 0.0456977 0.0471161 0.0553246 0.0513876 0.0442819 0.0446356 0.0425160 0.0411062 0.0464066 0.0439284 0.0694521 0.0760633 0.0690865 0.0786501 0.0879624 0.0875877 0.1988427 0.1932150 0.1893427 0.1837858 
taxon_15   0.0853433 0.0928508 0.0913433 0.0528168 0.0481817 0.0492488 0.0432218 0.0446356 0.0288818 0.0418107 0.0299218 0.0261157 0.0261157 0.0274975 0.0000000 0.0243920 0.0274975 0.0281893 0.0285355 0.0264609 0.0333987 0.0299218 0.0393477 0.0411062 0.0407541 0.0478263 0.0478263 0.0442819 0.0414584 0.0510307 0.0435750 0.0442819 0.0535325 0.0499611 0.0421633 0.0414584 0.0393477 0.0379429 0.0428688 0.0404023 0.0668967 0.0723832 0.0661682 0.0753258 0.0845966 0.0845966 0.1914909 0.1906309 0.1837858 0.1799626 
taxon_16   0.0857169 0.0951178 0.0928508 0.0531746 0.0474711 0.0496049 0.0432218 0.0446356 0.0285355 0.0411062 0.0299218 0.0271518 0.0254257 0.0271518 0.0243920 0.0000000 0.0223287 0.0274975 0.0278433 0.0257706 0.0320060 0.0288818 0.0382936 0.0404023 0.0393477 0.0485372 0.0478263 0.0435750 0.0414584 0.0510307 0.0435750 0.0442819 0.0535325 0.0488929 0.0421633 0.0418107 0.0396990 0.0372420 0.0428688 0.0407541 0.0672612 0.0727504 0.0668967 0.0753258 0.0849698 0.0849698 0.1953745 0.1932150 0.1867728 0.1820842 
taxon_17   0.0883373 0.0981512 0.0947395 0.0560427 0.0503174 0.0531746 0.0460520 0.0474711 0.0316582 0.0442819 0.0327020 0.0295750 0.0285355 0.0292283 0.0274975 0.0223287 0.0000000 0.0292283 0.0306159 0.0299218 0.0358422 0.0320060 0.0400506 0.0428688 0.0418107 0.0517447 0.0506740 0.0471161 0.0442819 0.0538906 0.0464066 0.0467612 0.0556836 0.0513876 0.0449895 0.0446356 0.0425160 0.0400506 0.0460520 0.0428688 0.0694521 0.0742210 0.0683558 0.0786501 0.0864646 0.0864646 0.1971066 0.1953745 0.1897718 0.1842118 
taxon_18   0.0864646 0.0943614 0.0932282 0.0535325 0.0481817 0.0492488 0.0432218 0.0446356 0.0295750 0.0404023 0.0333987 0.0306159 0.0292283 0.0306159 0.0281893 0.0274975 0.0292283 0.0000000 0.0271518 0.0261157 0.0327020 0.0285355 0.0379429 0.0407541 0.0400506 0.0492488 0.0474711 0.0442819 0.0418107 0.0510307 0.0428688 0.0442819 0.0535325 0.0492488 0.0421633 0.0407541 0.0379429 0.0372420 0.0432218 0.0407541 0.0672612 0.0745891 0.0679908 0.0760633 0.0857169 0.0860906 0.1936464 0.1910608 0.1842118 0.1803864 
taxon_19   0.0849698 0.0958750 0.0939835 0.0535325 0.0488929 0.0503174 0.0432218 0.0446356 0.0299218 0.0414584 0.0337473 0.0309632 0.0295750 0.0309632 0.0285355 0.0278433 0.0306159 0.0271518 0.0000000 0.0240477 0.0299218 0.0264609 0.0393477 0.0404023 0.0407541 0.0488929 0.0456977 0.0446356 0.0421633 0.0517447 0.0439284 0.0446356 0.0538906 0.0506740 0.0428688 0.0428688 0.0404023 0.0382936 0.0435750 0.0414584 0.0672612 0.0734853 0.0668967 0.0768014 0.0868388 0.0860906 0.1966732 0.1932150 0.1884851 0.1837858 
taxon_20   0.0849698 0.0939835 0.0928508 0.0524593 0.0478263 0.0488929 0.0421633 0.0439284 0.0285355 0.0411062 0.0320060 0.0299218 0.0285355 0.0299218 0.0264609 0.0257706 0.0299218 0.0261157 0.0240477 0.0000000 0.0295750 0.0254257 0.0379429 0.0400506 0.0396990 0.0485372 0.0460520 0.0428688 0.0404023 0.0503174 0.0425160 0.0432218 0.0528168 0.0488929 0.0411062 0.0411062 0.0386445 0.0372420 0.0421633 0.0400506 0.0665323 0.0731177 0.0668967 0.0745891 0.0849698 0.0845966 0.1919213 0.1889138 0.1850645 0.1799626 
taxon_21   0.0913433 0.1000533 0.0977714 0.0589217 0.0538906 0.0556836 0.0492488 0.0510307 0.0354926 0.0474711 0.0393477 0.0365417 0.0351432 0.0358422 0.0333987 0.0320060 0.0358422 0.0327020 0.0299218 0.0295750 0.0000000 0.0274975 0.0435750 0.0467612 0.0460520 0.0538906 0.0528168 0.0506740 0.0474711 0.0560427 0.0496049 0.0506740 0.0589217 0.0553246 0.0481817 0.0474711 0.0460520 0.0432218 0.0481817 0.0464066 0.0731177 0.0786501 0.0716493 0.0816175 0.0913433 0.0909669 0.1979742 0.1971066 0.1919213 0.1872005 
taxon_22   0.0875877 0.0951178 0.0954963 0.0546073 0.0499611 0.0506740 0.0449895 0.0464066 0.0309632 0.0428688 0.0351432 0.0320060 0.0309632 0.0316582 0.0299218 0.0288818 0.0320060 0.0285355 0.0264609 0.0254257 0.0274975 0.0000000 0.0400506 0.0425160 0.0421633 0.0513876 0.0485372 0.0460520 0.0435750 0.0531746 0.0449895 0.0464066 0.0553246 0.0517447 0.0439284 0.0442819 0.0411062 0.0396990 0.0442819 0.0418107 0.0676259 0.0749573 0.0679908 0.0768014 0.0872131 0.0872131 0.1949421 0.1932150 0.1872005 0.1829345 
taxon_23   0.0834781 0.0917199 0.0905907 0.0513876 0.0460520 0.0478263 0.0407541 0.0432218 0.0274975 0.0428688 0.0446356 0.0407541 0.0400506 0.0411062 0.0393477 0.0382936 0.0400506 0.0379429 0.0393477 0.0379429 0.0435750 0.0400506 0.0000000 0.0368918 0.0358422 0.0464066 0.0456977 0.0425160 0.0389955 0.0492488 0.0404023 0.0414584 0.0513876 0.0467612 0.0400506 0.0396990 0.0379429 0.0361919 0.0414584 0.0389955 0.0643500 0.0709162 0.0654404 0.0742210 0.0838507 0.0842236 0.1932150 0.1889138 0.1833600 0.1782696 
taxon_24   0.0857169 0.0958750 0.0936057 0.0531746 0.0485372 0.0499611 0.0435750 0.0442819 0.0295750 0.0442819 0.0456977 0.0428688 0.0404023 0.0421633 0.0411062 0.0404023 0.0428688 0.0407541 0.0404023 0.0400506 0.0467612 0.0425160 0.0368918 0.0000000 0.0274975 0.0496049 0.0478263 0.0449895 0.0414584 0.0521019 0.0435750 0.0442819 0.0521019 0.0496049 0.0425160 0.0411062 0.0400506 0.0375924 0.0435750 0.0404023 0.0676259 0.0745891 0.0672612 0.0771708 0.0853433 0.0860906 0.1953745 0.1910608 0.1846380 0.1803864 
taxon_25   0.0853433 0.0958750 0.0936057 0.0528168 0.0478263 0.0488929 0.0428688 0.0449895 0.0292283 0.0432218 0.0456977 0.0432218 0.0407541 0.0421633 0.0407541 0.0393477 0.0418107 0.0400506 0.0407541 0.0396990 0.0460520 0.0421633 0.0358422 0.0274975 0.0000000 0.0488929 0.0474711 0.0446356 0.0414584 0.0521019 0.0435750 0.0439284 0.0535325 0.0496049 0.0404023 0.0411062 0.0389955 0.0368918 0.0425160 0.0396990 0.0672612 0.0727504 0.0665323 0.0771708 0.0853433 0.0857169 0.1927828 0.1932150 0.1859182 0.1829345 
taxon_26   0.0917199 0.1004343 0.0985312 0.0589217 0.0549658 0.0560427 0.0499611 0.0513876 0.0354926 0.0535325 0.0524593 0.0510307 0.0510307 0.0524593 0.0478263 0.0485372 0.0517447 0.0492488 0.0488929 0.0485372 0.0538906 0.0513876 0.0464066 0.0496049 0.0488929 0.0000000 0.0531746 0.0506740 0.0474711 0.0578408 0.0492488 0.0499611 0.0589217 0.0549658 0.0478263 0.0481817 0.0456977 0.0439284 0.0492488 0.0467612 0.0723832 0.0797615 0.0731177 0.0805033 0.0913433 0.0902146 0.1958072 0.1953745 0.1897718 0.1842118 
taxon_27   0.0909669 0.1011969 0.0992919 0.0589217 0.0531746 0.0549658 0.0474711 0.0481817 0.0337473 0.0517447 0.0531746 0.0503174 0.0492488 0.0510307 0.0478263 0.0478263 0.0506740 0.0474711 0.0456977 0.0460520 0.0528168 0.0485372 0.0456977 0.0478263 0.0474711 0.0531746 0.0000000 0.0428688 0.0407541 0.0496049 0.0432218 0.0439284 0.0513876 0.0492488 0.0456977 0.0467612 0.0442819 0.0418107 0.0460520 0.0456977 0.0712827 0.0782800 0.0716493 0.0812459 0.0902146 0.0887124 0.1971066 0.1966732 0.1902012 0.1854912 
taxon_28   0.0857169 0.0966330 0.0943614 0.0549658 0.0503174 0.0521019 0.0453435 0.0464066 0.0316582 0.0492488 0.0503174 0.0474711 0.0456977 0.0471161 0.0442819 0.0435750 0.0471161 0.0442819 0.0446356 0.0428688 0.0506740 0.0460520 0.0425160 0.0449895 0.0446356 0.0506740 0.0428688 0.0000000 0.0233596 0.0368918 0.0288818 0.0295750 0.0382936 0.0340960 0.0428688 0.0432218 0.0411062 0.0386445 0.0439284 0.0421633 0.0683558 0.0742210 0.0676259 0.0768014 0.0860906 0.0864646 0.1949421 0.1927828 0.1854912 0.1825092 
taxon_29   0.0834781 0.0936057 0.0920967 0.0513876 0.0464066 0.0492488 0.0414584 0.0418107 0.0281893 0.0456977 0.0467612 0.0446356 0.0428688 0.0435750 0.0414584 0.0414584 0.0442819 0.0418107 0.0421633 0.0404023 0.0474711 0.0435750 0.0389955 0.0414584 0.0414584 0.0474711 0.0407541 0.0233596 0.0000000 0.0333987 0.0254257 0.0261157 0.0340960 0.0313106 0.0393477 0.0400506 0.0372420 0.0361919 0.0411062 0.0389955 0.0654404 0.0709162 0.0647133 0.0749573 0.0845966 0.0845966 0.1923519 0.1889138 0.1833600 0.1791156 
taxon_30   0.0936057 0.1038721 0.1015785 0.0621740 0.0574808 0.0592824 0.0524593 0.0528168 0.0386445 0.0549658 0.0571210 0.0524593 0.0528168 0.0535325 0.0510307 0.0510307 0.0538906 0.0510307 0.0517447 0.0503174 0.0560427 0.0531746 0.0492488 0.0521019 0.0521019 0.0578408 0.0496049 0.0368918 0.0333987 0.0000000 0.0316582 0.0330503 0.0421633 0.0382936 0.0506740 0.0510307 0.0481817 0.0460520 0.0513876 0.0496049 0.0749573 0.0812459 0.0753258 0.0853433 0.0947395 0.0951178 0.2053892 0.2032007 0.1971066 0.1919213 
taxon_31   0.0853433 0.0943614 0.0928508 0.0521019 0.0478263 0.0513876 0.0442819 0.0449895 0.0302687 0.0478263 0.0496049 0.0460520 0.0446356 0.0456977 0.0435750 0.0435750 0.0464066 0.0428688 0.0439284 0.0425160 0.0496049 0.0449895 0.0404023 0.0435750 0.0435750 0.0492488 0.0432218 0.0288818 0.0254257 0.0316582 0.0000000 0.0114197 0.0299218 0.0247364 0.0421633 0.0428688 0.0404023 0.0386445 0.0435750 0.0414584 0.0668967 0.0727504 0.0658042 0.0764323 0.0872131 0.0875877 0.1958072 0.1936464 0.1876285 0.1829345 
taxon_32   0.0872131 0.0962539 0.0951178 0.0535325 0.0488929 0.0517447 0.0446356 0.0453435 0.0309632 0.0485372 0.0496049 0.0467612 0.0460520 0.0471161 0.0442819 0.0442819 0.0467612 0.0442819 0.0446356 0.0432218 0.0506740 0.0464066 0.0414584 0.0442819 0.0439284 0.0499611 0.0439284 0.0295750 0.0261157 0.0330503 0.0114197 0.0000000 0.0313106 0.0274975 0.0425160 0.0435750 0.0411062 0.0393477 0.0442819 0.0421633 0.0683558 0.0734853 0.0679908 0.0775404 0.0879624 0.0883373 0.1971066 0.1953745 0.1902012 0.1850645 
taxon_33   0.0958750 0.1046381 0.1038721 0.0636240 0.0585613 0.0610883 0.0542488 0.0531746 0.0400506 0.0567614 0.0592824 0.0556836 0.0549658 0.0553246 0.0535325 0.0535325 0.0556836 0.0535325 0.0538906 0.0528168 0.0589217 0.0553246 0.0513876 0.0521019 0.0535325 0.0589217 0.0513876 0.0382936 0.0340960 0.0421633 0.0299218 0.0313106 0.0000000 0.0243920 0.0499611 0.0510307 0.0492488 0.0478263 0.0524593 0.0503174 0.0771708 0.0831056 0.0764323 0.0864646 0.0970123 0.0962539 0.2062664 0.2032007 0.1988427 0.1932150 
taxon_34   0.0913433 0.0992919 0.0985312 0.0600043 0.0549658 0.0567614 0.0499611 0.0510307 0.0365417 0.0538906 0.0553246 0.0524593 0.0517447 0.0513876 0.0499611 0.0488929 0.0513876 0.0492488 0.0506740 0.0488929 0.0553246 0.0517447 0.0467612 0.0496049 0.0496049 0.0549658 0.0492488 0.0340960 0.0313106 0.0382936 0.0247364 0.0274975 0.0243920 0.0000000 0.0467612 0.0485372 0.0460520 0.0446356 0.0496049 0.0474711 0.0742210 0.0797615 0.0720162 0.0819892 0.0913433 0.0909669 0.2014544 0.1988427 0.1927828 0.1880567 
taxon_35   0.0849698 0.0939835 0.0936057 0.0524593 0.0474711 0.0485372 0.0425160 0.0442819 0.0288818 0.0467612 0.0481817 0.0449895 0.0439284 0.0442819 0.0421633 0.0421633 0.0449895 0.0421633 0.0428688 0.0411062 0.0481817 0.0439284 0.0400506 0.0425160 0.0404023 0.0478263 0.0456977 0.0428688 0.0393477 0.0506740 0.0421633 0.0425160 0.0499611 0.0467612 0.0000000 0.0337473 0.0316582 0.0337473 0.0393477 0.0351432 0.0650767 0.0723832 0.0661682 0.0753258 0.0842236 0.0857169 0.1953745 0.1914909 0.1846380 0.1803864 
taxon_36   0.0857169 0.0932282 0.0909669 0.0528168 0.0471161 0.0496049 0.0425160 0.0446356 0.0288818 0.0467612 0.0464066 0.0446356 0.0435750 0.0446356 0.0414584 0.0418107 0.0446356 0.0407541 0.0428688 0.0411062 0.0474711 0.0442819 0.0396990 0.0411062 0.0411062 0.0481817 0.0467612 0.0432218 0.0400506 0.0510307 0.0428688 0.0435750 0.0510307 0.0485372 0.0337473 0.0000000 0.0233596 0.0340960 0.0389955 0.0354926 0.0643500 0.0716493 0.0658042 0.0760633 0.0853433 0.0857169 0.1945099 0.1932150 0.1872005 0.1820842 
taxon_37   0.0834781 0.0917199 0.0898388 0.0496049 0.0453435 0.0471161 0.0400506 0.0418107 0.0264609 0.0442819 0.0456977 0.0428688 0.0414584 0.0425160 0.0393477 0.0396990 0.0425160 0.0379429 0.0404023 0.0386445 0.0460520 0.0411062 0.0379429 0.0400506 0.0389955 0.0456977 0.0442819 0.0411062 0.0372420 0.0481817 0.0404023 0.0411062 0.0492488 0.0460520 0.0316582 0.0233596 0.0000000 0.0309632 0.0372420 0.0337473 0.0636240 0.0705499 0.0639869 0.0720162 0.0823611 0.0831056 0.1910608 0.1910608 0.1850645 0.1799626 
taxon_38   0.0812459 0.0898388 0.0875877 0.0481817 0.0435750 0.0453435 0.0382936 0.0400506 0.0243920 0.0418107 0.0428688 0.0411062 0.0396990 0.0411062 0.0379429 0.0372420 0.0400506 0.0372420 0.0382936 0.0372420 0.0432218 0.0396990 0.0361919 0.0375924 0.0368918 0.0439284 0.0418107 0.0386445 0.0361919 0.0460520 0.0386445 0.0393477 0.0478263 0.0446356 0.0337473 0.0340960 0.0309632 0.0000000 0.0344449 0.0313106 0.0607268 0.0672612 0.0607268 0.0720162 0.0801323 0.0808745 0.1906309 0.1863454 0.1803864 0.1761588 
taxon_39   0.0872131 0.0954963 0.0947395 0.0538906 0.0488929 0.0499611 0.0425160 0.0432218 0.0295750 0.0474711 0.0485372 0.0453435 0.0449895 0.0464066 0.0428688 0.0428688 0.0460520 0.0432218 0.0435750 0.0421633 0.0481817 0.0442819 0.0414584 0.0435750 0.0425160 0.0492488 0.0460520 0.0439284 0.0411062 0.0513876 0.0435750 0.0442819 0.0524593 0.0496049 0.0393477 0.0389955 0.0372420 0.0344449 0.0000000 0.0254257 0.0668967 0.0727504 0.0665323 0.0768014 0.0845966 0.0853433 0.1927828 0.1910608 0.1850645 0.1803864 
taxon_40   0.0823611 0.0917199 0.0902146 0.0510307 0.0449895 0.0478263 0.0404023 0.0418107 0.0271518 0.0449895 0.0464066 0.0425160 0.0425160 0.0439284 0.0404023 0.0407541 0.0428688 0.0407541 0.0414584 0.0400506 0.0464066 0.0418107 0.0389955 0.0404023 0.0396990 0.0467612 0.0456977 0.0421633 0.0389955 0.0496049 0.0414584 0.0421633 0.0503174 0.0474711 0.0351432 0.0354926 0.0337473 0.0313106 0.0254257 0.0000000 0.0643500 0.0712827 0.0650767 0.0727504 0.0816175 0.0831056 0.1927828 0.1863454 0.1808105 0.1753161 
taxon_41   0.0805033 0.0894631 0.0883373 0.0632612 0.0607268 0.0745891 0.0672612 0.0694521 0.0535325 0.0698178 0.0731177 0.0694521 0.0665323 0.0694521 0.0668967 0.0672612 0.0694521 0.0672612 0.0672612 0.0665323 0.0731177 0.0676259 0.0643500 0.0676259 0.0672612 0.0723832 0.0712827 0.0683558 0.0654404 0.0749573 0.0668967 0.0683558 0.0771708 0.0742210 0.0650767 0.0643500 0.0636240 0.0607268 0.0668967 0.0643500 0.0000000 0.0610883 0.0549658 0.0716493 0.0823611 0.0823611 0.1880567 0.1893427 0.1808105 0.1778470 
taxon_42   0.0868388 0.0973917 0.0954963 0.0723832 0.0679908 0.0816175 0.0745891 0.0749573 0.0596432 0.0786501 0.0790204 0.0738530 0.0738530 0.0760633 0.0723832 0.0727504 0.0742210 0.0745891 0.0734853 0.0731177 0.0786501 0.0749573 0.0709162 0.0745891 0.0727504 0.0797615 0.0782800 0.0742210 0.0709162 0.0812459 0.0727504 0.0734853 0.0831056 0.0797615 0.0723832 0.0716493 0.0705499 0.0672612 0.0727504 0.0712827 0.0610883 0.0000000 0.0178778 0.0782800 0.0883373 0.0879624 0.2001474 0.2001474 0.1927828 0.1884851 
taxon_43   0.0816175 0.0913433 0.0898388 0.0658042 0.0614500 0.0749573 0.0683558 0.0687211 0.0531746 0.0716493 0.0723832 0.0676259 0.0668967 0.0690865 0.0661682 0.0668967 0.0683558 0.0679908 0.0668967 0.0668967 0.0716493 0.0679908 0.0654404 0.0672612 0.0665323 0.0731177 0.0716493 0.0676259 0.0647133 0.0753258 0.0658042 0.0679908 0.0764323 0.0720162 0.0661682 0.0658042 0.0639869 0.0607268 0.0665323 0.0650767 0.0549658 0.0178778 0.0000000 0.0720162 0.0816175 0.0816175 0.1936464 0.1932150 0.1863454 0.1816594 
taxon_44   0.0771708 0.0868388 0.0860906 0.0742210 0.0690865 0.0842236 0.0771708 0.0779101 0.0621740 0.0801323 0.0819892 0.0775404 0.0768014 0.0786501 0.0753258 0.0753258 0.0786501 0.0760633 0.0768014 0.0745891 0.0816175 0.0768014 0.0742210 0.0771708 0.0771708 0.0805033 0.0812459 0.0768014 0.0749573 0.0853433 0.0764323 0.0775404 0.0864646 0.0819892 0.0753258 0.0760633 0.0720162 0.0720162 0.0768014 0.0727504 0.0716493 0.0782800 0.0720162 0.0000000 0.0734853 0.0716493 0.1859182 0.1820842 0.1761588 0.1698616 
taxon_45   0.0879624 0.0966330 0.0947395 0.0831056 0.0801323 0.0928508 0.0868388 0.0883373 0.0716493 0.0909669 0.0913433 0.0883373 0.0875877 0.0879624 0.0845966 0.0849698 0.0864646 0.0857169 0.0868388 0.0849698 0.0913433 0.0872131 0.0838507 0.0853433 0.0853433 0.0913433 0.0902146 0.0860906 0.0845966 0.0947395 0.0872131 0.0879624 0.0970123 0.0913433 0.0842236 0.0853433 0.0823611 0.0801323 0.0845966 0.0816175 0.0823611 0.0883373 0.0816175 0.0734853 0.0000000 0.0292283 0.2001474 0.1949421 0.1867728 0.1825092 
taxon_46   0.0879624 0.0958750 0.0943614 0.0834781 0.0801323 0.0951178 0.0872131 0.0879624 0.0723832 0.0898388 0.0917199 0.0883373 0.0872131 0.0875877 0.0845966 0.0849698 0.0864646 0.0860906 0.0860906 0.0845966 0.0909669 0.0872131 0.0842236 0.0860906 0.0857169 0.0902146 0.0887124 0.0864646 0.0845966 0.0951178 0.0875877 0.0883373 0.0962539 0.0909669 0.0857169 0.0857169 0.0831056 0.0808745 0.0853433 0.0831056 0.0823611 0.0879624 0.0816175 0.0716493 0.0292283 0.0000000 0.1971066 0.1936464 0.1854912 0.1803864 
taxon_47   0.1837858 0.1914909 0.1872005 0.1940780 0.1876285 0.2027637 0.1923519 0.1988427 0.1803864 0.1984083 0.2014544 0.1992774 0.1962401 0.1988427 0.1914909 0.1953745 0.1971066 0.1936464 0.1966732 0.1919213 0.1979742 0.1949421 0.1932150 0.1953745 0.1927828 0.1958072 0.1971066 0.1949421 0.1923519 0.2053892 0.1958072 0.1971066 0.2062664 0.2014544 0.1953745 0.1945099 0.1910608 0.1906309 0.1927828 0.1927828 0.1880567 0.2001474 0.1936464 0.1859182 0.2001474 0.1971066 0.0000000 0.1359416 0.1299718 0.1252300 
taxon_48   0.1837858 0.1863454 0.1833600 0.1919213 0.1884851 0.2005829 0.1910608 0.1945099 0.1778470 0.1984083 0.1958072 0.1949421 0.1893427 0.1932150 0.1906309 0.1932150 0.1953745 0.1910608 0.1932150 0.1889138 0.1971066 0.1932150 0.1889138 0.1910608 0.1932150 0.1953745 0.1966732 0.1927828 0.1889138 0.2032007 0.1936464 0.1953745 0.2032007 0.1988427 0.1914909 0.1932150 0.1910608 0.1863454 0.1910608 0.1863454 0.1893427 0.2001474 0.1932150 0.1820842 0.1949421 0.1936464 0.1359416 0.0000000 0.0478263 0.0432218 
taxon_49   0.1761588 0.1774246 0.1770024 0.1837858 0.1812348 0.1949421 0.1859182 0.1893427 0.1719548 0.1932150 0.1923519 0.1893427 0.1854912 0.1893427 0.1837858 0.1867728 0.1897718 0.1842118 0.1884851 0.1850645 0.1919213 0.1872005 0.1833600 0.1846380 0.1859182 0.1897718 0.1902012 0.1854912 0.1833600 0.1971066 0.1876285 0.1902012 0.1988427 0.1927828 0.1846380 0.1872005 0.1850645 0.1803864 0.1850645 0.1808105 0.1808105 0.1927828 0.1863454 0.1761588 0.1867728 0.1854912 0.1299718 0.0478263 0.0000000 0.0320060 
taxon_50   0.1711169 0.1719548 0.1719548 0.1808105 0.1782696 0.1897718 0.1799626 0.1850645 0.1677743 0.1884851 0.1867728 0.1846380 0.1803864 0.1837858 0.1799626 0.1820842 0.1842118 0.1803864 0.1837858 0.1799626 0.1872005 0.1829345 0.1782696 0.1803864 0.1829345 0.1842118 0.1854912 0.1825092 0.1791156 0.1919213 0.1829345 0.1850645 0.1932150 0.1880567 0.1803864 0.1820842 0.1799626 0.1761588 0.1803864 0.1753161 0.1778470 0.1884851 0.1816594 0.1698616 0.1825092 0.1803864 0.1252300 0.0432218 0.0320060 0.0000000 
