30
taxon_1    0.0000000 3.3171365 2.3202845 3.4054737 2.5214825 2.3313958 3.7579765 4.4451945 9.0000000 3.3600053 9.0000000 9.0000000 3.5056223 2.9094249 2.6816631 9.0000000 9.0000000 3.3600053 2.6997362 3.2765861 3.2381161 3.6212353 2.4931773 2.8401449 9.0000000 3.4538776 2.9340173 2.9340173 2.4017599 2.0935739 
taxon_2    3.3171365 0.0000000 0.8783872 9.0000000 3.3600053 9.0000000 3.4054737 3.1013749 3.5056223 4.2778369 5.4849153 9.0000000 4.0254827 9.0000000 9.0000000 4.6609561 4.2778369 9.0000000 3.4538776 9.0000000 3.4054737 9.0000000 3.3171365 3.1332946 9.0000000 9.0000000 9.0000000 2.8856134 9.0000000 3.5056223 
taxon_3    2.3202845 0.8783872 0.0000000 4.9650549 4.9650549 9.0000000 5.4849153 3.8369969 3.4538776 3.2765861 3.2765861 3.8369969 3.5612033 3.8369969 4.4451945 3.1666335 2.7182557 3.2765861 9.0000000 9.0000000 9.0000000 5.4849153 3.2765861 9.0000000 9.0000000 9.0000000 3.8369969 2.7182557 2.6997362 2.6640152 
taxon_4    3.4054737 9.0000000 4.9650549 0.0000000 1.4499923 2.2078294 2.7972761 2.0935739 2.3093354 1.6554562 2.1890784 2.0310377 1.7786835 9.0000000 9.0000000 9.0000000 9.0000000 3.8369969 3.0413429 9.0000000 3.6212353 3.1332946 9.0000000 9.0000000 9.0000000 3.4538776 9.0000000 9.0000000 2.9594434 9.0000000 
taxon_5    2.5214825 3.3600053 4.9650549 1.4499923 0.0000000 1.2534850 1.6832371 1.3289676 1.4465440 1.0238890 1.5615838 1.3348732 1.1540016 2.6997362 9.0000000 9.0000000 3.5056223 3.4538776 3.5612033 9.0000000 3.0413429 2.8625346 3.9253341 2.9594434 3.5612033 4.6609561 9.0000000 9.0000000 3.2015235 3.2015235 
taxon_6    2.3313958 9.0000000 9.0000000 2.2078294 1.2534850 0.0000000 1.8228138 1.8004241 1.9733169 1.3902262 2.6134342 1.8757770 1.4781646 3.3171365 3.4054737 3.6864938 9.0000000 3.5612033 3.3171365 4.2778369 2.2985439 3.3171365 3.0130376 2.7567257 2.8184042 2.6640152 9.0000000 9.0000000 3.7579765 2.9857619 
taxon_7    3.7579765 3.4054737 5.4849153 2.7972761 1.6832371 1.8228138 0.0000000 1.7472103 2.1269127 1.5301656 2.0695076 1.7894750 1.6738620 2.9094249 9.0000000 3.7579765 3.1666335 4.1410957 9.0000000 3.6864938 3.7579765 4.4451945 3.9253341 9.0000000 4.4451945 3.0707584 3.5612033 3.4538776 9.0000000 9.0000000 
taxon_8    4.4451945 3.1013749 3.8369969 2.0935739 1.3289676 1.8004241 1.7472103 0.0000000 1.3713176 0.8224607 1.4329073 1.2403036 0.9405729 2.7767269 3.5612033 9.0000000 9.0000000 3.9253341 4.4451945 9.0000000 9.0000000 3.8369969 3.3171365 3.1013749 3.2015235 3.1332946 9.0000000 9.0000000 3.1332946 3.7579765 
taxon_9    9.0000000 3.5056223 3.4538776 2.3093354 1.4465440 1.9733169 2.1269127 1.3713176 0.0000000 0.5759030 1.2455484 1.0766135 0.7746184 9.0000000 9.0000000 9.0000000 9.0000000 9.0000000 9.0000000 9.0000000 3.5056223 5.4849153 9.0000000 2.7182557 2.7767269 3.1666335 3.8369969 9.0000000 9.0000000 9.0000000 
taxon_10   3.3600053 4.2778369 3.2765861 1.6554562 1.0238890 1.3902262 1.5301656 0.8224607 0.5759030 0.0000000 0.7376246 0.5218631 0.2312538 5.4849153 4.6609561 4.4451945 4.2778369 3.9253341 9.0000000 9.0000000 2.6134342 3.0707584 9.0000000 2.6816631 9.0000000 3.5056223 3.6864938 9.0000000 3.0130376 3.3171365 
taxon_11   9.0000000 5.4849153 3.2765861 2.1890784 1.5615838 2.6134342 2.0695076 1.4329073 1.2455484 0.7376246 0.0000000 0.3715424 0.7746184 3.2765861 9.0000000 4.2778369 3.4054737 3.1013749 9.0000000 4.4451945 3.0413429 3.2381161 2.6640152 9.0000000 4.0254827 2.6299184 2.7372441 3.7579765 2.6134342 2.8184042 
taxon_12   9.0000000 9.0000000 3.8369969 2.0310377 1.3348732 1.8757770 1.7894750 1.2403036 1.0766135 0.5218631 0.3715424 0.0000000 0.5694652 4.0254827 9.0000000 3.3171365 2.9857619 9.0000000 9.0000000 9.0000000 3.0413429 3.2381161 2.5973046 3.8369969 3.4538776 3.0707584 2.7182557 3.5056223 2.6134342 3.0707584 
taxon_13   3.5056223 4.0254827 3.5612033 1.7786835 1.1540016 1.4781646 1.6738620 0.9405729 0.7746184 0.2312538 0.7746184 0.5694652 0.0000000 3.6212353 3.9253341 2.9594434 5.4849153 4.4451945 3.4538776 9.0000000 2.9857619 2.9594434 3.7579765 3.2015235 3.0413429 3.0130376 3.5612033 4.6609561 3.0413429 4.0254827 
taxon_14   2.9094249 9.0000000 3.8369969 9.0000000 2.6997362 3.3171365 2.9094249 2.7767269 9.0000000 5.4849153 3.2765861 4.0254827 3.6212353 0.0000000 0.8437172 9.0000000 2.7372441 2.8625346 3.9253341 3.8369969 9.0000000 9.0000000 9.0000000 3.1013749 2.9094249 9.0000000 9.0000000 3.0130376 3.5056223 9.0000000 
taxon_15   2.6816631 9.0000000 4.4451945 9.0000000 9.0000000 3.4054737 9.0000000 3.5612033 9.0000000 4.6609561 9.0000000 9.0000000 3.9253341 0.8437172 0.0000000 3.0413429 2.6299184 3.4538776 2.7567257 9.0000000 4.6609561 3.2015235 9.0000000 2.9857619 3.2015235 4.0254827 4.9650549 3.4538776 4.0254827 9.0000000 
taxon_16   9.0000000 4.6609561 3.1666335 9.0000000 9.0000000 3.6864938 3.7579765 9.0000000 9.0000000 4.4451945 4.2778369 3.3171365 2.9594434 9.0000000 3.0413429 0.0000000 0.8375822 3.3171365 2.4526268 3.3600053 2.7567257 4.9650549 9.0000000 9.0000000 9.0000000 9.0000000 4.9650549 2.5360461 4.4451945 9.0000000 
taxon_17   9.0000000 4.2778369 2.7182557 9.0000000 3.5056223 9.0000000 3.1666335 9.0000000 9.0000000 4.2778369 3.4054737 2.9857619 5.4849153 2.7372441 2.6299184 0.8375822 0.0000000 2.8401449 2.5214825 3.8369969 4.1410957 4.2778369 3.3600053 9.0000000 9.0000000 9.0000000 9.0000000 2.5508980 3.1013749 3.8369969 
taxon_18   3.3600053 9.0000000 3.2765861 3.8369969 3.4538776 3.5612033 4.1410957 3.9253341 9.0000000 3.9253341 3.1013749 9.0000000 4.4451945 2.8625346 3.4538776 3.3171365 2.8401449 0.0000000 2.0161857 2.9857619 3.4538776 9.0000000 2.6467731 9.0000000 9.0000000 3.7579765 3.3171365 9.0000000 4.0254827 4.4451945 
taxon_19   2.6997362 3.4538776 9.0000000 3.0413429 3.5612033 3.3171365 9.0000000 4.4451945 9.0000000 9.0000000 9.0000000 9.0000000 3.4538776 3.9253341 2.7567257 2.4526268 2.5214825 2.0161857 0.0000000 3.6212353 9.0000000 9.0000000 3.4054737 9.0000000 9.0000000 9.0000000 3.2015235 3.4054737 4.9650549 4.2778369 
taxon_20   3.2765861 9.0000000 9.0000000 9.0000000 9.0000000 4.2778369 3.6864938 9.0000000 9.0000000 9.0000000 4.4451945 9.0000000 9.0000000 3.8369969 9.0000000 3.3600053 3.8369969 2.9857619 3.6212353 0.0000000 2.6134342 2.0385754 2.7567257 9.0000000 4.9650549 3.8369969 9.0000000 9.0000000 5.4849153 9.0000000 
taxon_21   3.2381161 3.4054737 9.0000000 3.6212353 3.0413429 2.2985439 3.7579765 9.0000000 3.5056223 2.6134342 3.0413429 3.0413429 2.9857619 9.0000000 4.6609561 2.7567257 4.1410957 3.4538776 9.0000000 2.6134342 0.0000000 1.1946815 3.4538776 9.0000000 9.0000000 9.0000000 9.0000000 9.0000000 3.8369969 3.5612033 
taxon_22   3.6212353 9.0000000 5.4849153 3.1332946 2.8625346 3.3171365 4.4451945 3.8369969 5.4849153 3.0707584 3.2381161 3.2381161 2.9594434 9.0000000 3.2015235 4.9650549 4.2778369 9.0000000 9.0000000 2.0385754 1.1946815 0.0000000 3.1332946 4.2778369 4.9650549 2.7972761 4.6609561 9.0000000 2.9094249 3.2765861 
taxon_23   2.4931773 3.3171365 3.2765861 9.0000000 3.9253341 3.0130376 3.9253341 3.3171365 9.0000000 9.0000000 2.6640152 2.5973046 3.7579765 9.0000000 9.0000000 9.0000000 3.3600053 2.6467731 3.4054737 2.7567257 3.4538776 3.1332946 0.0000000 1.7523650 1.6070523 1.2916751 1.4499923 1.3029535 1.1132061 0.7403032 
taxon_24   2.8401449 3.1332946 9.0000000 9.0000000 2.9594434 2.7567257 9.0000000 3.1013749 2.7182557 2.6816631 9.0000000 3.8369969 3.2015235 3.1013749 2.9857619 9.0000000 9.0000000 9.0000000 9.0000000 9.0000000 9.0000000 4.2778369 1.7523650 0.0000000 0.5889469 0.7974339 2.3541248 2.3202845 2.5815145 2.0935739 
taxon_25   9.0000000 9.0000000 9.0000000 9.0000000 3.5612033 2.8184042 4.4451945 3.2015235 2.7767269 9.0000000 4.0254827 3.4538776 3.0413429 2.9094249 3.2015235 9.0000000 9.0000000 9.0000000 9.0000000 4.9650549 9.0000000 4.9650549 1.6070523 0.5889469 0.0000000 0.6674801 2.0935739 2.2078294 2.9857619 1.8400560 
taxon_26   3.4538776 9.0000000 9.0000000 3.4538776 4.6609561 2.6640152 3.0707584 3.1332946 3.1666335 3.5056223 2.6299184 3.0707584 3.0130376 9.0000000 4.0254827 9.0000000 9.0000000 3.7579765 9.0000000 3.8369969 9.0000000 2.7972761 1.2916751 0.7974339 0.6674801 0.0000000 2.0016221 1.9197226 1.7786835 1.5074366 
taxon_27   2.9340173 9.0000000 3.8369969 9.0000000 9.0000000 9.0000000 3.5612033 9.0000000 3.8369969 3.6864938 2.7372441 2.7182557 3.5612033 9.0000000 4.9650549 4.9650549 9.0000000 3.3171365 3.2015235 9.0000000 9.0000000 4.6609561 1.4499923 2.3541248 2.0935739 2.0016221 0.0000000 0.8091072 2.0385754 1.7120868 
taxon_28   2.9340173 2.8856134 2.7182557 9.0000000 9.0000000 9.0000000 3.4538776 9.0000000 9.0000000 9.0000000 3.7579765 3.5056223 4.6609561 3.0130376 3.4538776 2.5360461 2.5508980 9.0000000 3.4054737 9.0000000 9.0000000 9.0000000 1.3029535 2.3202845 2.2078294 1.9197226 0.8091072 0.0000000 2.0461897 1.5943759 
taxon_29   2.4017599 9.0000000 2.6997362 2.9594434 3.2015235 3.7579765 9.0000000 3.1332946 9.0000000 3.0130376 2.6134342 2.6134342 3.0413429 3.5056223 4.0254827 4.4451945 3.1013749 4.0254827 4.9650549 5.4849153 3.8369969 2.9094249 1.1132061 2.5815145 2.9857619 1.7786835 2.0385754 2.0461897 0.0000000 0.6066992 
taxon_30   2.0935739 3.5056223 2.6640152 9.0000000 3.2015235 2.9857619 9.0000000 3.7579765 9.0000000 3.3171365 2.8184042 3.0707584 4.0254827 9.0000000 9.0000000 9.0000000 3.8369969 4.4451945 4.2778369 9.0000000 3.5612033 3.2765861 0.7403032 2.0935739 1.8400560 1.5074366 1.7120868 1.5943759 0.6066992 0.0000000 
