30
taxon_1    0.0000000 0.9324114 3.9922572 2.5472483 1.6808250 1.7281593 3.0744259 9.0000000 3.3151067 6.0226461 2.6238454 9.0000000 2.1847998 9.0000000 2.3333094 9.0000000 2.2603352 2.9651421 2.3333094 2.3555333 2.3333094 3.8983850 2.1583264 4.5638620 3.1356844 9.0000000 2.7091644 2.4911474 3.6091383 2.2311108 
taxon_2    0.9324114 0.0000000 3.3567841 2.1938360 1.1783668 1.3668526 2.8925040 9.0000000 3.3151067 9.0000000 2.2311108 9.0000000 2.3224397 9.0000000 2.1583264 2.8697751 2.4516646 2.8925040 2.3668971 2.3901548 2.6238454 9.0000000 2.9401388 9.0000000 9.0000000 9.0000000 2.9401388 2.1244224 3.8149659 2.5047841 
taxon_3    3.9922572 3.3567841 0.0000000 1.4737141 1.3172236 2.5186734 9.0000000 3.3567841 3.4009145 3.1682983 9.0000000 9.0000000 9.0000000 9.0000000 9.0000000 2.8925040 5.1993310 2.5186734 9.0000000 9.0000000 3.5514175 3.2023950 9.0000000 3.4478047 4.2248678 3.3567841 9.0000000 9.0000000 3.2023950 9.0000000 
taxon_4    2.5472483 2.1938360 1.4737141 0.0000000 0.7826765 1.4702418 2.6913065 2.5472483 2.3784358 9.0000000 9.0000000 3.9922572 9.0000000 2.1583264 9.0000000 2.6078873 3.2023950 2.4389525 9.0000000 9.0000000 4.3753767 3.1356844 9.0000000 2.3784358 2.7654407 2.4645960 4.5638620 9.0000000 2.6401503 9.0000000 
taxon_5    1.6808250 1.1783668 1.3172236 0.7826765 0.0000000 0.8432291 2.6738638 2.6568177 2.3668971 3.1682983 9.0000000 3.0744259 5.1993310 2.4141568 2.7274580 2.0919849 2.7462089 2.1938360 3.0177952 9.0000000 3.8983850 3.2023950 9.0000000 2.7274580 3.2023950 2.6078873 2.9651421 2.4777542 2.7091644 3.1044299 
taxon_6    1.7281593 1.3668526 2.5186734 1.4702418 0.8432291 0.0000000 1.6671883 2.4264522 2.4777542 3.7399033 2.2804707 2.4264522 2.2504667 2.0094015 1.2760045 2.5186734 1.9350163 1.9746731 1.7184505 2.2907448 2.0762775 3.0177952 1.9953166 2.1161805 2.4645960 2.4516646 2.1080283 1.3519119 2.2703354 1.6717064 
taxon_7    3.0744259 2.8925040 9.0000000 2.6913065 2.6738638 1.6671883 0.0000000 1.3851835 1.1575321 2.5472483 2.0165444 2.2311108 1.6406368 1.8792054 1.8107168 3.6091383 2.9159433 2.6078873 2.1758711 2.0685455 2.0685455 9.0000000 2.6738638 9.0000000 9.0000000 9.0000000 2.8054501 2.1080283 2.8477147 2.0840901 
taxon_8    9.0000000 9.0000000 3.3567841 2.5472483 2.6568177 2.4264522 1.3851835 0.0000000 1.6626972 2.3117252 9.0000000 2.2907448 3.6091383 2.2216170 3.8983850 2.6913065 9.0000000 2.7654407 9.0000000 2.7462089 3.9922572 2.4020598 3.3151067 2.7851787 2.4777542 3.4009145 3.2756239 2.8925040 2.7091644 3.4009145 
taxon_9    3.3151067 3.3151067 3.4009145 2.3784358 2.3668971 2.4777542 1.1575321 1.6626972 0.0000000 2.6401503 4.2248678 2.6401503 2.2907448 2.1080283 2.8262848 2.7851787 6.0226461 2.2311108 2.9651421 6.0226461 9.0000000 2.6568177 9.0000000 2.3555333 2.1244224 2.3333094 9.0000000 3.2381161 2.4020598 9.0000000 
taxon_10   6.0226461 9.0000000 3.1682983 9.0000000 3.1682983 3.7399033 2.5472483 2.3117252 2.6401503 0.0000000 1.2445862 1.8792054 2.3117252 1.7041188 9.0000000 2.5328248 9.0000000 2.9651421 9.0000000 4.2248678 9.0000000 2.9401388 9.0000000 2.5472483 2.1758711 3.1044299 3.4978233 3.2381161 2.9159433 3.4478047 
taxon_11   2.6238454 2.2311108 9.0000000 9.0000000 9.0000000 2.2804707 2.0165444 9.0000000 4.2248678 1.2445862 0.0000000 2.5328248 1.8614881 1.9159475 2.0840901 9.0000000 2.7462089 9.0000000 2.6401503 2.6913065 2.6738638 3.2381161 2.7654407 3.1044299 9.0000000 9.0000000 2.5047841 2.1758711 6.0226461 2.0383906 
taxon_12   9.0000000 9.0000000 9.0000000 3.9922572 3.0744259 2.4264522 2.2311108 2.2907448 2.6401503 1.8792054 2.5328248 0.0000000 2.0165444 1.5353429 2.8697751 2.8697751 9.0000000 2.6401503 4.3753767 9.0000000 9.0000000 2.8477147 9.0000000 2.3555333 2.2311108 2.5922618 9.0000000 2.7462089 2.9651421 2.9651421 
taxon_13   2.1847998 2.3224397 9.0000000 9.0000000 5.1993310 2.2504667 1.6406368 3.6091383 2.2907448 2.3117252 1.8614881 2.0165444 0.0000000 1.0221239 2.3224397 9.0000000 2.7654407 9.0000000 2.9910067 2.6078873 2.7462089 9.0000000 2.5328248 3.6716745 3.8983850 3.1356844 2.4264522 2.4516646 9.0000000 2.5922618 
taxon_14   9.0000000 9.0000000 9.0000000 2.1583264 2.4141568 2.0094015 1.8792054 2.2216170 2.1080283 1.7041188 1.9159475 1.5353429 1.0221239 0.0000000 2.4516646 2.1583264 2.7091644 2.4141568 3.4478047 3.8983850 9.0000000 2.9401388 3.5514175 2.3555333 2.2804707 2.9651421 6.0226461 2.4389525 2.5922618 2.5769551 
taxon_15   2.3333094 2.1583264 9.0000000 9.0000000 2.7274580 1.2760045 1.8107168 3.8983850 2.8262848 9.0000000 2.0840901 2.8697751 2.3224397 2.4516646 0.0000000 1.0164277 1.1644129 0.8066007 0.7344026 1.7734751 1.6900559 2.4264522 1.3401700 1.5544766 1.9545826 2.0840901 1.8107168 0.9273552 1.4772024 1.0733923 
taxon_16   9.0000000 2.8697751 2.8925040 2.6078873 2.0919849 2.5186734 3.6091383 2.6913065 2.7851787 2.5328248 9.0000000 2.8697751 9.0000000 2.1583264 1.0164277 0.0000000 2.0919849 1.2813712 1.4396946 3.6091383 2.5769551 2.1847998 2.1847998 2.1080283 2.0383906 2.3901548 9.0000000 2.0237560 1.8973515 2.0023260 
taxon_17   2.2603352 2.4516646 5.1993310 3.2023950 2.7462089 1.9350163 2.9159433 9.0000000 6.0226461 9.0000000 2.7462089 9.0000000 2.7654407 2.7091644 1.1644129 2.0919849 0.0000000 0.9512480 0.8928852 2.4911474 2.1938360 9.0000000 2.0919849 2.3784358 2.6913065 4.2248678 2.5922618 1.8441796 2.6568177 1.9034991 
taxon_18   2.9651421 2.8925040 2.5186734 2.4389525 2.1938360 1.9746731 2.6078873 2.7654407 2.2311108 2.9651421 9.0000000 2.6401503 9.0000000 2.4141568 0.8066007 1.2813712 0.9512480 0.0000000 0.1694948 3.1044299 2.4389525 2.4645960 2.3784358 1.8217060 2.0999637 2.5047841 2.7462089 1.6994018 1.8732530 1.9883721 
taxon_19   2.3333094 2.3668971 9.0000000 9.0000000 3.0177952 1.7184505 2.1758711 9.0000000 2.9651421 9.0000000 2.6401503 4.3753767 2.9910067 3.4478047 0.7344026 1.4396946 0.8928852 0.1694948 0.0000000 2.3443390 2.0237560 3.3151067 1.9034991 2.2311108 2.4911474 3.4478047 2.2907448 1.4565115 2.1847998 1.6363015 
taxon_20   2.3555333 2.3901548 9.0000000 9.0000000 9.0000000 2.2907448 2.0685455 2.7462089 6.0226461 4.2248678 2.6913065 9.0000000 2.6078873 3.8983850 1.7734751 3.6091383 2.4911474 3.1044299 2.3443390 0.0000000 0.4231953 1.3790233 0.7703136 3.4978233 3.2756239 3.5514175 2.3333094 1.9286060 3.4978233 2.1327558 
taxon_21   2.3333094 2.6238454 3.5514175 4.3753767 3.8983850 2.0762775 2.0685455 3.9922572 9.0000000 9.0000000 2.6738638 9.0000000 2.7462089 9.0000000 1.6900559 2.5769551 2.1938360 2.4389525 2.0237560 0.4231953 0.0000000 1.2549134 0.7730434 2.4911474 3.2756239 4.8162156 2.5769551 1.8912539 3.2381161 2.0383906 
taxon_22   3.8983850 9.0000000 3.2023950 3.1356844 3.2023950 3.0177952 9.0000000 2.4020598 2.6568177 2.9401388 3.2381161 2.8477147 9.0000000 2.9401388 2.4264522 2.1847998 9.0000000 2.4645960 3.3151067 1.3790233 1.2549134 0.0000000 0.6567473 1.9814913 2.1327558 2.6738638 3.2381161 2.6078873 2.3668971 2.5047841 
taxon_23   2.1583264 2.9401388 9.0000000 9.0000000 9.0000000 1.9953166 2.6738638 3.3151067 9.0000000 9.0000000 2.7654407 9.0000000 2.5328248 3.5514175 1.3401700 2.1847998 2.0919849 2.3784358 1.9034991 0.7703136 0.7730434 0.6567473 0.0000000 2.2216170 2.9651421 3.4478047 2.1758711 1.4463762 2.6401503 1.7839282 
taxon_24   4.5638620 9.0000000 3.4478047 2.3784358 2.7274580 2.1161805 9.0000000 2.7851787 2.3555333 2.5472483 3.1044299 2.3555333 3.6716745 2.3555333 1.5544766 2.1080283 2.3784358 1.8217060 2.2311108 3.4978233 2.4911474 1.9814913 2.2216170 0.0000000 0.8723143 0.9156883 3.1044299 1.9096974 2.3555333 2.0840901 
taxon_25   3.1356844 9.0000000 4.2248678 2.7654407 3.2023950 2.4645960 9.0000000 2.4777542 2.1244224 2.1758711 9.0000000 2.2311108 3.8983850 2.2804707 1.9545826 2.0383906 2.6913065 2.0999637 2.4911474 3.2756239 3.2756239 2.1327558 2.9651421 0.8723143 0.0000000 0.9074645 3.1682983 2.3668971 2.5769551 2.7462089 
taxon_26   9.0000000 9.0000000 3.3567841 2.4645960 2.6078873 2.4516646 9.0000000 3.4009145 2.3333094 3.1044299 9.0000000 2.5922618 3.1356844 2.9651421 2.0840901 2.3901548 4.2248678 2.5047841 3.4478047 3.5514175 4.8162156 2.6738638 3.4478047 0.9156883 0.9074645 0.0000000 9.0000000 3.2023950 2.4389525 2.8697751 
taxon_27   2.7091644 2.9401388 9.0000000 4.5638620 2.9651421 2.1080283 2.8054501 3.2756239 9.0000000 3.4978233 2.5047841 9.0000000 2.4264522 6.0226461 1.8107168 9.0000000 2.5922618 2.7462089 2.2907448 2.3333094 2.5769551 3.2381161 2.1758711 3.1044299 3.1682983 9.0000000 0.0000000 1.1529798 2.3901548 1.8732530 
taxon_28   2.4911474 2.1244224 9.0000000 9.0000000 2.4777542 1.3519119 2.1080283 2.8925040 3.2381161 3.2381161 2.1758711 2.7462089 2.4516646 2.4389525 0.9273552 2.0237560 1.8441796 1.6994018 1.4565115 1.9286060 1.8912539 2.6078873 1.4463762 1.9096974 2.3668971 3.2023950 1.1529798 0.0000000 1.4071516 1.0652731 
taxon_29   3.6091383 3.8149659 3.2023950 2.6401503 2.7091644 2.2703354 2.8477147 2.7091644 2.4020598 2.9159433 6.0226461 2.9651421 9.0000000 2.5922618 1.4772024 1.8973515 2.6568177 1.8732530 2.1847998 3.4978233 3.2381161 2.3668971 2.6401503 2.3555333 2.5769551 2.4389525 2.3901548 1.4071516 0.0000000 1.0164277 
taxon_30   2.2311108 2.5047841 9.0000000 9.0000000 3.1044299 1.6717064 2.0840901 3.4009145 9.0000000 3.4478047 2.0383906 2.9651421 2.5922618 2.5769551 1.0733923 2.0023260 1.9034991 1.9883721 1.6363015 2.1327558 2.0383906 2.5047841 1.7839282 2.0840901 2.7462089 2.8697751 1.8732530 1.0652731 1.0164277 0.0000000 
