RF=0.276596
WRF=0.051280
