30
taxon_1    0.0000000 0.1921376 2.5071964 2.4141569 2.1017707 3.3171365 2.0310377 3.1332946 3.4538776 2.3202845 3.7579765 2.6640152 1.9664044 2.2173837 2.4017599 2.1529268 2.5508980 2.4526268 2.9857619 3.2381161 2.3657530 3.0413429 3.0413429 3.0707584 1.8757770 3.4538776 2.4659015 2.5660501 2.1441548 1.9005727 
taxon_2    0.1921376 0.0000000 2.3895645 2.4017599 1.9664044 3.2381161 1.9132848 2.8625346 2.5214825 2.0016221 9.0000000 3.1332946 1.9262162 2.1354842 2.4017599 2.2173837 2.4931773 2.4395830 3.1332946 9.0000000 2.6299184 2.9094249 2.9594434 2.7972761 1.8004241 3.1332946 2.5815145 2.4794154 2.3202845 1.8942965 
taxon_3    2.5071964 2.3895645 0.0000000 2.3093354 1.7949296 2.6467731 3.0707584 9.0000000 3.5612033 2.8401449 9.0000000 3.5056223 2.8401449 2.8401449 2.9094249 2.5660501 3.2765861 4.1410957 9.0000000 9.0000000 4.6609561 9.0000000 9.0000000 9.0000000 2.5214825 9.0000000 3.5612033 3.6212353 3.2015235 2.7567257 
taxon_4    2.4141569 2.4017599 2.3093354 0.0000000 1.3966365 4.1410957 2.6816631 4.2778369 2.8625346 2.7767269 3.2765861 2.9857619 3.3171365 3.3171365 2.8401449 3.3171365 4.4451945 3.2015235 3.6864938 9.0000000 9.0000000 9.0000000 3.8369969 3.5056223 2.7372441 3.6864938 3.3171365 3.7579765 3.1013749 2.4141569 
taxon_5    2.1017707 1.9664044 1.7949296 1.3966365 0.0000000 4.1410957 1.9733169 9.0000000 2.2368653 2.1441548 9.0000000 3.4054737 2.1890784 2.3313958 3.1013749 2.2879054 2.6816631 2.6816631 2.8856134 3.2015235 3.3171365 9.0000000 9.0000000 2.5660501 1.9802937 3.4054737 3.0413429 3.6864938 2.3313958 1.9527676 
taxon_6    3.3171365 3.2381161 2.6467731 4.1410957 4.1410957 0.0000000 1.1776629 3.0130376 9.0000000 2.7972761 4.2778369 9.0000000 2.3093354 3.2015235 2.6640152 2.9594434 4.4451945 2.9594434 9.0000000 2.8625346 2.7182557 3.2381161 3.4054737 2.9340173 2.0016221 3.3600053 3.1332946 2.7182557 2.9857619 2.4017599 
taxon_7    2.0310377 1.9132848 3.0707584 2.6816631 1.9733169 1.1776629 0.0000000 2.0235749 2.5815145 1.5074366 2.8184042 2.5071964 1.3870414 1.7319556 2.2078294 1.8400560 2.0161857 1.8400560 2.2774157 2.1983953 1.8458926 2.6640152 2.3426742 2.2270612 1.1265595 2.6640152 2.3895645 2.4141569 1.6879690 1.2455484 
taxon_8    3.1332946 2.8625346 9.0000000 4.2778369 9.0000000 3.0130376 2.0235749 0.0000000 2.0461897 1.7072008 2.7372441 2.1618027 1.9460411 2.4931773 3.6212353 3.0413429 3.6212353 2.9340173 2.4526268 2.8856134 2.5071964 2.9340173 2.7767269 2.8184042 1.7733454 9.0000000 3.1666335 3.2015235 2.0235749 2.2270612 
taxon_9    3.4538776 2.5214825 3.5612033 2.8625346 2.2368653 9.0000000 2.5815145 2.0461897 0.0000000 1.0914654 3.9253341 2.4017599 2.3657530 2.8184042 2.9857619 2.6997362 2.7372441 2.6299184 9.0000000 9.0000000 5.4849153 3.3600053 2.9094249 2.5214825 2.0774442 2.6997362 3.1013749 9.0000000 2.7567257 2.8184042 
taxon_10   2.3202845 2.0016221 2.8401449 2.7767269 2.1441548 2.7972761 1.5074366 1.7072008 1.0914654 0.0000000 2.7972761 1.7840598 1.3713176 1.5656053 2.2985439 1.7420909 2.1017707 1.8636800 2.4931773 2.2173837 1.8517750 2.3426742 2.2879054 2.0538821 1.0787172 2.9094249 2.4526268 2.4395830 1.5985776 1.7219554 
taxon_11   3.7579765 9.0000000 9.0000000 3.2765861 9.0000000 4.2778369 2.8184042 2.7372441 3.9253341 2.7972761 0.0000000 0.9370764 1.7949296 3.6212353 3.1666335 9.0000000 3.7579765 3.0130376 3.4538776 4.6609561 2.8856134 5.4849153 3.7579765 3.4538776 1.9664044 9.0000000 2.9857619 3.5612033 2.7567257 3.2015235 
taxon_12   2.6640152 3.1332946 3.5056223 2.9857619 3.4054737 9.0000000 2.5071964 2.1618027 2.4017599 1.7840598 0.9370764 0.0000000 1.1378720 2.2078294 2.4659015 2.1441548 1.9595550 2.1890784 3.2381161 2.3426742 1.9197226 3.5612033 3.3171365 2.3541248 1.2641995 3.2765861 2.3895645 2.9857619 1.5901977 2.2467992 
taxon_13   1.9664044 1.9262162 2.8401449 3.3171365 2.1890784 2.3093354 1.3870414 1.9460411 2.3657530 1.3713176 1.7949296 1.1378720 0.0000000 1.3589716 1.9460411 1.3713176 1.4674756 1.5149367 2.3093354 1.7949296 1.5149367 2.1618027 2.0854657 1.6738620 0.6972853 2.3313958 1.8115354 1.9873360 1.2696146 1.4963253 
taxon_14   2.2173837 2.1354842 2.8401449 3.3171365 2.3313958 3.2015235 1.7319556 2.4931773 2.8184042 1.5656053 3.6212353 2.2078294 1.3589716 0.0000000 0.8514572 0.4059636 0.8254607 0.7256880 2.1100580 1.9595550 1.5656053 2.3541248 2.2670707 1.8458926 0.8164965 2.2985439 2.1269127 2.2368653 1.3807123 1.5536050 
taxon_15   2.4017599 2.4017599 2.9094249 2.8401449 3.1013749 2.6640152 2.2078294 3.6212353 2.9857619 2.2985439 3.1666335 2.4659015 1.9460411 0.8514572 0.0000000 0.9565121 1.4162028 1.3468256 2.4141569 2.6467731 2.2670707 3.2765861 2.8625346 2.2368653 1.4195140 2.6299184 2.7182557 2.3541248 1.8577039 2.2774157 
taxon_16   2.1529268 2.2173837 2.5660501 3.3171365 2.2879054 2.9594434 1.8400560 3.0413429 2.6997362 1.7420909 9.0000000 2.1441548 1.3713176 0.4059636 0.9565121 0.0000000 0.9458484 0.8719632 2.2270612 1.9802937 1.7170049 2.5214825 2.4141569 1.9197226 0.9370764 2.2985439 2.2568665 2.5214825 1.4781646 1.7269388 
taxon_17   2.5508980 2.4931773 3.2765861 4.4451945 2.6816631 4.4451945 2.0161857 3.6212353 2.7372441 2.1017707 3.7579765 1.9595550 1.4674756 0.8254607 1.4162028 0.9458484 0.0000000 0.7945437 3.2015235 2.2879054 1.8285173 3.0413429 2.7567257 2.0538821 1.0377234 3.1013749 2.1100580 2.1100580 1.6242944 2.2078294 
taxon_18   2.4526268 2.4395830 4.1410957 3.2015235 2.6816631 2.9594434 1.8400560 2.9340173 2.6299184 1.8636800 3.0130376 2.1890784 1.5149367 0.7256880 1.3468256 0.8719632 0.7945437 0.0000000 2.6467731 2.0385754 1.7072008 2.3775642 2.3093354 1.9327665 1.0219334 2.5360461 2.2173837 2.1890784 1.6464199 1.9802937 
taxon_19   2.9857619 3.1332946 9.0000000 3.6864938 2.8856134 9.0000000 2.2774157 2.4526268 9.0000000 2.4931773 3.4538776 3.2381161 2.3093354 2.1100580 2.4141569 2.2270612 3.2015235 2.6467731 0.0000000 2.4659015 2.1618027 3.1666335 2.4794154 2.5508980 1.5037145 2.4931773 2.2985439 3.4054737 2.2774157 2.2670707 
taxon_20   3.2381161 9.0000000 9.0000000 9.0000000 3.2015235 2.8625346 2.1983953 2.8856134 9.0000000 2.2173837 4.6609561 2.3426742 1.7949296 1.9595550 2.6467731 1.9802937 2.2879054 2.0385754 2.4659015 0.0000000 0.4016803 2.3541248 2.2467992 2.0088685 1.1824861 2.8625346 2.8625346 2.9857619 2.0088685 2.6467731 
taxon_21   2.3657530 2.6299184 4.6609561 9.0000000 3.3171365 2.7182557 1.8458926 2.5071964 5.4849153 1.8517750 2.8856134 1.9197226 1.5149367 1.5656053 2.2670707 1.7170049 1.8285173 1.7072008 2.1618027 0.4016803 0.0000000 1.9595550 1.8880724 1.6509244 0.7676286 2.4659015 2.1798759 2.6134342 1.5037145 1.9069018 
taxon_22   3.0413429 2.9094249 9.0000000 9.0000000 9.0000000 3.2381161 2.6640152 2.9340173 3.3600053 2.3426742 5.4849153 3.5612033 2.1618027 2.3541248 3.2765861 2.5214825 3.0413429 2.3775642 3.1666335 2.3541248 1.9595550 0.0000000 0.1084804 1.1066175 1.4674756 9.0000000 4.2778369 2.9594434 2.4395830 3.0707584 
taxon_23   3.0413429 2.9594434 9.0000000 3.8369969 9.0000000 3.4054737 2.3426742 2.7767269 2.9094249 2.2879054 3.7579765 3.3171365 2.0854657 2.2670707 2.8625346 2.4141569 2.7567257 2.3093354 2.4794154 2.2467992 1.8880724 0.1084804 0.0000000 1.0641132 1.4362933 9.0000000 3.4054737 3.6864938 2.5815145 3.0707584 
taxon_24   3.0707584 2.7972761 9.0000000 3.5056223 2.5660501 2.9340173 2.2270612 2.8184042 2.5214825 2.0538821 3.4538776 2.3541248 1.6738620 1.8458926 2.2368653 1.9197226 2.0538821 1.9327665 2.5508980 2.0088685 1.6509244 1.1066175 1.0641132 0.0000000 1.0397208 2.4017599 2.4526268 2.6816631 1.8228138 2.0616541 
taxon_25   1.8757770 1.8004241 2.5214825 2.7372441 1.9802937 2.0016221 1.1265595 1.7733454 2.0774442 1.0787172 1.9664044 1.2641995 0.6972853 0.8164965 1.4195140 0.9370764 1.0377234 1.0219334 1.5037145 1.1824861 0.7676286 1.4674756 1.4362933 1.0397208 0.0000000 1.6927309 1.4710217 1.6286676 0.8032478 1.1873405 
taxon_26   3.4538776 3.1332946 9.0000000 3.6864938 3.4054737 3.3600053 2.6640152 9.0000000 2.6997362 2.9094249 9.0000000 3.2765861 2.3313958 2.2985439 2.6299184 2.2985439 3.1013749 2.5360461 2.4931773 2.8625346 2.4659015 9.0000000 9.0000000 2.4017599 1.6927309 0.0000000 2.4659015 2.4931773 2.1529268 2.7182557 
taxon_27   2.4659015 2.5815145 3.5612033 3.3171365 3.0413429 3.1332946 2.3895645 3.1666335 3.1013749 2.4526268 2.9857619 2.3895645 1.8115354 2.1269127 2.7182557 2.2568665 2.1100580 2.2173837 2.2985439 2.8625346 2.1798759 4.2778369 3.4054737 2.4526268 1.4710217 2.4659015 0.0000000 2.2368653 1.5378976 2.5660501 
taxon_28   2.5660501 2.4794154 3.6212353 3.7579765 3.6864938 2.7182557 2.4141569 3.2015235 9.0000000 2.4395830 3.5612033 2.9857619 1.9873360 2.2368653 2.3541248 2.5214825 2.1100580 2.1890784 3.4054737 2.9857619 2.6134342 2.9594434 3.6864938 2.6816631 1.6286676 2.4931773 2.2368653 0.0000000 1.0936113 2.5815145 
taxon_29   2.1441548 2.3202845 3.2015235 3.1013749 2.3313958 2.9857619 1.6879690 2.0235749 2.7567257 1.5985776 2.7567257 1.5901977 1.2696146 1.3807123 1.8577039 1.4781646 1.6242944 1.6464199 2.2774157 2.0088685 1.5037145 2.4395830 2.5815145 1.8228138 0.8032478 2.1529268 1.5378976 1.0936113 0.0000000 1.7733454 
taxon_30   1.9005727 1.8942965 2.7567257 2.4141569 1.9527676 2.4017599 1.2455484 2.2270612 2.8184042 1.7219554 3.2015235 2.2467992 1.4963253 1.5536050 2.2774157 1.7269388 2.2078294 1.9802937 2.2670707 2.6467731 1.9069018 3.0707584 3.0707584 2.0616541 1.1873405 2.7182557 2.5660501 2.5815145 1.7733454 0.0000000 
