RF=0.212766
WRF=0.053935
