RF=0.127660
WRF=0.081720
