30
taxon_1    0.0000000 1.9197226 1.4781646 2.6299184 2.8625346 3.1332946 3.0707584 2.5660501 2.9857619 2.9094249 2.6997362 3.0413429 3.6864938 2.5071964 9.0000000 2.8625346 2.4267622 9.0000000 9.0000000 9.0000000 3.6212353 2.9594434 4.4451945 2.4017599 2.7972761 3.2765861 3.0413429 2.9340173 3.2381161 3.1666335 
taxon_2    1.9197226 0.0000000 1.0297869 3.2015235 2.4526268 3.5612033 2.8625346 2.3541248 2.9094249 2.5815145 2.2078294 2.3093354 2.5508980 3.6212353 2.6134342 2.7972761 2.6467731 2.8625346 2.5973046 3.1666335 2.5214825 2.2670707 2.9857619 2.1100580 2.5360461 2.7767269 2.9594434 2.4526268 3.4054737 3.2381161 
taxon_3    1.4781646 1.0297869 0.0000000 1.6975233 1.8285173 2.6816631 1.7894750 1.6070523 2.4526268 2.5815145 2.0854657 1.6554562 1.8517750 1.8517750 1.9944450 2.1100580 1.7840598 2.4526268 2.4931773 2.7182557 2.0538821 1.5457102 2.5660501 1.2696146 1.6927309 3.3171365 2.0161857 1.9733169 2.4395830 2.4794154 
taxon_4    2.6299184 3.2015235 1.6975233 0.0000000 0.9727974 1.9197226 1.1752629 0.8299833 2.3775642 2.5973046 2.3895645 2.8184042 2.3895645 3.5056223 2.9857619 2.8184042 2.6997362 9.0000000 2.7372441 2.7767269 4.1410957 2.8401449 3.9253341 2.6467731 4.1410957 3.2015235 9.0000000 9.0000000 2.5071964 3.1332946 
taxon_5    2.8625346 2.4526268 1.8285173 0.9727974 0.0000000 1.2247858 0.5813104 0.2944117 2.0774442 2.7567257 2.2173837 2.2670707 2.7372441 3.0707584 2.5660501 2.6134342 2.2078294 3.5056223 3.0707584 2.9094249 3.2381161 2.6640152 9.0000000 2.0088685 2.6997362 3.6864938 2.5508980 2.7972761 2.3426742 3.1013749 
taxon_6    3.1332946 3.5612033 2.6816631 1.9197226 1.2247858 0.0000000 0.6123340 0.9547243 2.6467731 3.4538776 2.5360461 2.4931773 4.9650549 3.2765861 2.4526268 2.6467731 2.2774157 9.0000000 3.0707584 4.4451945 4.6609561 2.9094249 4.4451945 3.2765861 3.1666335 9.0000000 2.6640152 3.3171365 2.6997362 3.5056223 
taxon_7    3.0707584 2.8625346 1.7894750 1.1752629 0.5813104 0.6123340 0.0000000 0.3806234 2.4017599 2.5508980 2.3426742 2.3202845 4.4451945 2.9340173 2.7182557 2.5815145 2.4931773 9.0000000 2.4395830 2.7972761 9.0000000 2.4017599 9.0000000 2.1441548 2.7972761 9.0000000 2.8401449 2.6299184 2.7567257 3.1666335 
taxon_8    2.5660501 2.3541248 1.6070523 0.8299833 0.2944117 0.9547243 0.3806234 0.0000000 2.0235749 2.8184042 2.1269127 2.6997362 2.5360461 3.4054737 2.5660501 2.5508980 2.3093354 4.1410957 2.5660501 2.7567257 3.1666335 2.2985439 3.6864938 2.0385754 3.3171365 9.0000000 2.7182557 3.2765861 2.5815145 3.2765861 
taxon_9    2.9857619 2.9094249 2.4526268 2.3775642 2.0774442 2.6467731 2.4017599 2.0235749 0.0000000 2.6467731 2.4794154 2.5660501 3.2015235 9.0000000 4.0254827 9.0000000 3.2015235 4.9650549 3.1666335 3.5056223 3.3600053 2.8401449 9.0000000 2.6467731 3.3600053 9.0000000 2.9094249 4.2778369 9.0000000 3.8369969 
taxon_10   2.9094249 2.5815145 2.5815145 2.5973046 2.7567257 3.4538776 2.5508980 2.8184042 2.6467731 0.0000000 0.5494359 9.0000000 3.5056223 9.0000000 2.8401449 2.8625346 3.5056223 4.9650549 9.0000000 9.0000000 3.3600053 3.1666335 9.0000000 3.0707584 3.2015235 5.4849153 2.7567257 2.5973046 3.3600053 3.5056223 
taxon_11   2.6997362 2.2078294 2.0854657 2.3895645 2.2173837 2.5360461 2.3426742 2.1269127 2.4794154 0.5494359 0.0000000 3.5056223 3.0707584 3.3171365 2.6997362 2.9594434 2.5360461 9.0000000 9.0000000 9.0000000 3.5612033 9.0000000 9.0000000 2.6816631 3.3171365 9.0000000 3.1666335 2.8856134 9.0000000 9.0000000 
taxon_12   3.0413429 2.3093354 1.6554562 2.8184042 2.2670707 2.4931773 2.3202845 2.6997362 2.5660501 9.0000000 3.5056223 0.0000000 1.5301656 1.4890082 1.7120868 1.6286676 1.3838702 1.7319556 1.9460411 1.8517750 1.4890082 1.8171534 2.5660501 1.5860425 2.0461897 2.7567257 2.8184042 2.4659015 2.6997362 2.9857619 
taxon_13   3.6864938 2.5508980 1.8517750 2.3895645 2.7372441 4.9650549 4.4451945 2.5360461 3.2015235 3.5056223 3.0707584 1.5301656 0.0000000 1.3144041 1.5301656 1.4890082 1.2561493 2.2173837 2.3895645 2.1618027 1.7120868 2.1890784 3.1013749 1.8942965 2.5815145 4.0254827 3.6864938 9.0000000 9.0000000 3.4538776 
taxon_14   2.5071964 3.6212353 1.8517750 3.5056223 3.0707584 3.2765861 2.9340173 3.4054737 9.0000000 9.0000000 3.3171365 1.4890082 1.3144041 0.0000000 1.2376949 1.1971445 0.9583042 2.0235749 2.3093354 2.0088685 1.6286676 2.5508980 2.4794154 1.8942965 2.7182557 3.1332946 2.7567257 3.5612033 2.9094249 3.1666335 
taxon_15   9.0000000 2.6134342 1.9944450 2.9857619 2.5660501 2.4526268 2.7182557 2.5660501 4.0254827 2.8401449 2.6997362 1.7120868 1.5301656 1.2376949 0.0000000 0.3748318 0.9988546 2.1441548 2.2568665 2.4267622 1.9005727 2.5660501 4.2778369 2.1707848 4.1410957 4.1410957 9.0000000 9.0000000 2.8401449 2.3541248 
taxon_16   2.8625346 2.7972761 2.1100580 2.8184042 2.6134342 2.6467731 2.5815145 2.5508980 9.0000000 2.8625346 2.9594434 1.6286676 1.4890082 1.1971445 0.3748318 0.0000000 0.9969631 1.9802937 2.4141569 2.3426742 2.0016221 2.4526268 2.8856134 2.0235749 3.1666335 3.4054737 3.8369969 3.4054737 2.5508980 2.6134342 
taxon_17   2.4267622 2.6467731 1.7840598 2.6997362 2.2078294 2.2774157 2.4931773 2.3093354 3.2015235 3.5056223 2.5360461 1.3838702 1.2561493 0.9583042 0.9988546 0.9969631 0.0000000 2.4017599 2.5214825 2.4017599 1.6509244 2.1441548 2.6997362 1.7627818 2.1618027 2.8856134 2.2879054 2.8625346 2.6640152 2.7972761 
taxon_18   9.0000000 2.8625346 2.4526268 9.0000000 3.5056223 9.0000000 9.0000000 4.1410957 4.9650549 4.9650549 9.0000000 1.7319556 2.2173837 2.0235749 2.1441548 1.9802937 2.4017599 0.0000000 2.7767269 3.0130376 2.0935739 2.4526268 2.8184042 2.4017599 3.3600053 9.0000000 3.1013749 2.3775642 3.2381161 2.6467731 
taxon_19   9.0000000 2.5973046 2.4931773 2.7372441 3.0707584 3.0707584 2.4395830 2.5660501 3.1666335 9.0000000 9.0000000 1.9460411 2.3895645 2.3093354 2.2568665 2.4141569 2.5214825 2.7767269 0.0000000 0.3991221 1.6464199 2.7767269 9.0000000 2.2368653 3.3600053 9.0000000 3.1013749 3.1332946 4.2778369 2.6640152 
taxon_20   9.0000000 3.1666335 2.7182557 2.7767269 2.9094249 4.4451945 2.7972761 2.7567257 3.5056223 9.0000000 9.0000000 1.8517750 2.1618027 2.0088685 2.4267622 2.3426742 2.4017599 3.0130376 0.3991221 0.0000000 1.5860425 3.7579765 9.0000000 2.1798759 3.1666335 9.0000000 3.6212353 5.4849153 3.1666335 3.0413429 
taxon_21   3.6212353 2.5214825 2.0538821 4.1410957 3.2381161 4.6609561 9.0000000 3.1666335 3.3600053 3.3600053 3.5612033 1.4890082 1.7120868 1.6286676 1.9005727 2.0016221 1.6509244 2.0935739 1.6464199 1.5860425 0.0000000 2.1890784 2.6299184 1.9733169 3.2765861 9.0000000 3.6212353 3.1332946 2.8184042 4.1410957 
taxon_22   2.9594434 2.2670707 1.5457102 2.8401449 2.6640152 2.9094249 2.4017599 2.2985439 2.8401449 3.1666335 9.0000000 1.8171534 2.1890784 2.5508980 2.5660501 2.4526268 2.1441548 2.4526268 2.7767269 3.7579765 2.1890784 0.0000000 2.1798759 1.1563344 1.7120868 2.3657530 2.0616541 1.9944450 2.3657530 1.9944450 
taxon_23   4.4451945 2.9857619 2.5660501 3.9253341 9.0000000 4.4451945 9.0000000 3.6864938 9.0000000 9.0000000 9.0000000 2.5660501 3.1013749 2.4794154 4.2778369 2.8856134 2.6997362 2.8184042 9.0000000 9.0000000 2.6299184 2.1798759 0.0000000 1.1776629 1.7894750 2.6467731 2.3541248 2.0774442 2.6640152 2.7767269 
taxon_24   2.4017599 2.1100580 1.2696146 2.6467731 2.0088685 3.2765861 2.1441548 2.0385754 2.6467731 3.0707584 2.6816631 1.5860425 1.8942965 1.8942965 2.1707848 2.0235749 1.7627818 2.4017599 2.2368653 2.1798759 1.9733169 1.1563344 1.1776629 0.0000000 0.8514572 1.4295365 1.2972931 1.1922265 1.3807123 1.2588231 
taxon_25   2.7972761 2.5360461 1.6927309 4.1410957 2.6997362 3.1666335 2.7972761 3.3171365 3.3600053 3.2015235 3.3171365 2.0461897 2.5815145 2.7182557 4.1410957 3.1666335 2.1618027 3.3600053 3.3600053 3.1666335 3.2765861 1.7120868 1.7894750 0.8514572 0.0000000 0.6614170 0.5168664 0.4102715 1.9595550 1.8458926 
taxon_26   3.2765861 2.7767269 3.3171365 3.2015235 3.6864938 9.0000000 9.0000000 9.0000000 9.0000000 5.4849153 9.0000000 2.7567257 4.0254827 3.1332946 4.1410957 3.4054737 2.8856134 9.0000000 9.0000000 9.0000000 9.0000000 2.3657530 2.6467731 1.4295365 0.6614170 0.0000000 1.0599923 0.9783054 2.3657530 2.6134342 
taxon_27   3.0413429 2.9594434 2.0161857 9.0000000 2.5508980 2.6640152 2.8401449 2.7182557 2.9094249 2.7567257 3.1666335 2.8184042 3.6864938 2.7567257 9.0000000 3.8369969 2.2879054 3.1013749 3.1013749 3.6212353 3.6212353 2.0616541 2.3541248 1.2972931 0.5168664 1.0599923 0.0000000 0.3982712 2.2774157 2.0461897 
taxon_28   2.9340173 2.4526268 1.9733169 9.0000000 2.7972761 3.3171365 2.6299184 3.2765861 4.2778369 2.5973046 2.8856134 2.4659015 9.0000000 3.5612033 9.0000000 3.4054737 2.8625346 2.3775642 3.1332946 5.4849153 3.1332946 1.9944450 2.0774442 1.1922265 0.4102715 0.9783054 0.3982712 0.0000000 2.1100580 2.1269127 
taxon_29   3.2381161 3.4054737 2.4395830 2.5071964 2.3426742 2.6997362 2.7567257 2.5815145 9.0000000 3.3600053 9.0000000 2.6997362 9.0000000 2.9094249 2.8401449 2.5508980 2.6640152 3.2381161 4.2778369 3.1666335 2.8184042 2.3657530 2.6640152 1.3807123 1.9595550 2.3657530 2.2774157 2.1100580 0.0000000 1.9327665 
taxon_30   3.1666335 3.2381161 2.4794154 3.1332946 3.1013749 3.5056223 3.1666335 3.2765861 3.8369969 3.5056223 9.0000000 2.9857619 3.4538776 3.1666335 2.3541248 2.6134342 2.7972761 2.6467731 2.6640152 3.0413429 4.1410957 1.9944450 2.7767269 1.2588231 1.8458926 2.6134342 2.0461897 2.1269127 1.9327665 0.0000000 
