30
taxon_1    0.0000000 0.8150128 9.0000000 0.8061718 9.0000000 9.0000000 0.8120542 9.0000000 0.8091072 9.0000000 0.7793147 9.0000000 0.8401323 0.8289759 0.8003352 9.0000000 9.0000000 9.0000000 9.0000000 9.0000000 0.8160016 9.0000000 0.8061718 0.8350407 9.0000000 9.0000000 0.8032478 0.8279699 0.8370732 9.0000000 
taxon_2    0.8150128 0.0000000 9.0000000 0.7708824 9.0000000 9.0000000 0.7774327 9.0000000 0.7840406 9.0000000 0.7488490 9.0000000 0.8370732 0.8229599 0.8081275 9.0000000 9.0000000 9.0000000 9.0000000 9.0000000 0.8179831 9.0000000 0.8189758 0.8360562 9.0000000 9.0000000 0.7964692 0.8350407 0.8160016 9.0000000 
taxon_3    9.0000000 9.0000000 0.0000000 9.0000000 0.8391112 0.7945437 9.0000000 0.7774327 9.0000000 0.7425427 9.0000000 0.8432040 9.0000000 9.0000000 9.0000000 0.7533862 0.8259619 0.8110706 0.8189758 0.8051959 9.0000000 0.8061718 9.0000000 9.0000000 0.7916646 0.7964692 9.0000000 9.0000000 9.0000000 0.7812015 
taxon_4    0.8061718 0.7708824 9.0000000 0.0000000 9.0000000 9.0000000 0.7812015 9.0000000 0.7588674 9.0000000 0.7579511 9.0000000 0.8432040 0.7793147 0.8051959 9.0000000 9.0000000 9.0000000 9.0000000 9.0000000 0.8051959 9.0000000 0.7859394 0.8120542 9.0000000 9.0000000 0.8340265 0.8452588 0.8535348 9.0000000 
taxon_5    9.0000000 9.0000000 0.8391112 9.0000000 0.0000000 0.6112037 9.0000000 0.7524766 9.0000000 0.7840406 9.0000000 0.8411548 9.0000000 9.0000000 9.0000000 0.7727481 0.8130391 0.8279699 0.8269652 0.8259619 9.0000000 0.7774327 9.0000000 9.0000000 0.8219619 0.8179831 9.0000000 9.0000000 9.0000000 0.7926231 
taxon_6    9.0000000 9.0000000 0.7945437 9.0000000 0.6112037 0.0000000 9.0000000 0.7195727 9.0000000 0.7292050 9.0000000 0.8013048 9.0000000 9.0000000 9.0000000 0.6781069 0.7916646 0.7878429 0.7727481 0.7878429 9.0000000 0.7993668 9.0000000 9.0000000 0.8140253 0.8100883 9.0000000 9.0000000 9.0000000 0.7671649 
taxon_7    0.8120542 0.7774327 9.0000000 0.7812015 9.0000000 9.0000000 0.0000000 2.2914348 0.7126442 9.0000000 0.6998234 9.0000000 0.8051959 0.8022757 0.7764934 9.0000000 9.0000000 9.0000000 9.0000000 9.0000000 0.8110706 9.0000000 0.8199698 0.7974339 9.0000000 9.0000000 0.7897513 0.8160016 0.8279699 9.0000000 
taxon_8    9.0000000 9.0000000 0.7774327 9.0000000 0.7524766 0.7195727 2.2914348 0.0000000 9.0000000 0.6715495 9.0000000 0.7993668 9.0000000 9.0000000 9.0000000 0.6748211 0.7746184 0.7840406 0.7812015 0.7793147 9.0000000 0.8003352 9.0000000 9.0000000 0.8189758 0.7868905 9.0000000 9.0000000 9.0000000 0.7625438 
taxon_9    0.8091072 0.7840406 9.0000000 0.7588674 9.0000000 9.0000000 0.7126442 9.0000000 0.0000000 9.0000000 0.7040727 9.0000000 0.8022757 0.8120542 0.7926231 9.0000000 9.0000000 9.0000000 9.0000000 9.0000000 0.8330136 9.0000000 0.8179831 0.8179831 9.0000000 9.0000000 0.8100883 0.7983997 0.7955058 9.0000000 
taxon_10   9.0000000 9.0000000 0.7425427 9.0000000 0.7840406 0.7292050 9.0000000 0.6715495 9.0000000 0.0000000 1.2411751 0.8061718 9.0000000 9.0000000 9.0000000 0.6699191 0.7690214 0.7616230 0.7840406 0.7561218 9.0000000 0.8239592 9.0000000 9.0000000 0.7653131 0.7830931 9.0000000 9.0000000 9.0000000 0.7416461 
taxon_11   0.7793147 0.7488490 9.0000000 0.7579511 9.0000000 9.0000000 0.6998234 9.0000000 0.7040727 1.2411751 0.0000000 9.0000000 0.8061718 0.8160016 0.7570359 9.0000000 9.0000000 9.0000000 9.0000000 9.0000000 0.8071490 9.0000000 0.8269652 0.8091072 9.0000000 9.0000000 0.7916646 0.7926231 0.8370732 9.0000000 
taxon_12   9.0000000 9.0000000 0.8432040 9.0000000 0.8411548 0.8013048 9.0000000 0.7993668 9.0000000 0.8061718 9.0000000 0.0000000 2.9340172 9.0000000 9.0000000 0.7634658 0.7945437 0.7849894 0.7868905 0.7812015 9.0000000 0.8411548 9.0000000 9.0000000 0.7764934 0.7868905 9.0000000 9.0000000 9.0000000 0.7690214 
taxon_13   0.8401323 0.8370732 9.0000000 0.8432040 9.0000000 9.0000000 0.8051959 9.0000000 0.8022757 9.0000000 0.8061718 2.9340172 0.0000000 0.7671649 0.7662384 9.0000000 9.0000000 9.0000000 9.0000000 9.0000000 0.8051959 9.0000000 0.8259619 0.7964692 9.0000000 9.0000000 0.7643889 0.7840406 0.8340265 9.0000000 
taxon_14   0.8289759 0.8229599 9.0000000 0.7793147 9.0000000 9.0000000 0.8022757 9.0000000 0.8120542 9.0000000 0.8160016 9.0000000 0.7671649 0.0000000 0.7256880 2.0774442 9.0000000 9.0000000 9.0000000 9.0000000 0.7945437 9.0000000 0.8130391 0.7916646 9.0000000 9.0000000 0.7542970 0.7878429 0.7849894 9.0000000 
taxon_15   0.8003352 0.8081275 9.0000000 0.8051959 9.0000000 9.0000000 0.7764934 9.0000000 0.7926231 9.0000000 0.7570359 9.0000000 0.7662384 0.7256880 0.0000000 1.8537461 9.0000000 9.0000000 9.0000000 9.0000000 0.7935828 9.0000000 0.7802575 0.7907074 9.0000000 9.0000000 0.7718147 0.8120542 0.7993668 9.0000000 
taxon_16   9.0000000 9.0000000 0.7533862 9.0000000 0.7727481 0.6781069 9.0000000 0.6748211 9.0000000 0.6699191 9.0000000 0.7634658 9.0000000 2.0774442 1.8537461 0.0000000 0.5737510 0.5802258 0.5955548 0.5394473 9.0000000 0.7718147 9.0000000 9.0000000 0.7407505 0.6989764 9.0000000 9.0000000 9.0000000 0.4866085 
taxon_17   9.0000000 9.0000000 0.8259619 9.0000000 0.8130391 0.7916646 9.0000000 0.7746184 9.0000000 0.7690214 9.0000000 0.7945437 9.0000000 9.0000000 9.0000000 0.5737510 0.0000000 0.2093446 0.3146730 0.2001474 9.0000000 0.8051959 9.0000000 9.0000000 0.7840406 0.7859394 9.0000000 9.0000000 9.0000000 0.6748211 
taxon_18   9.0000000 9.0000000 0.8110706 9.0000000 0.8279699 0.7878429 9.0000000 0.7840406 9.0000000 0.7616230 9.0000000 0.7849894 9.0000000 9.0000000 9.0000000 0.5802258 0.2093446 0.0000000 0.2966361 0.1744747 9.0000000 0.7916646 9.0000000 9.0000000 0.7955058 0.7964692 9.0000000 9.0000000 9.0000000 0.6789307 
taxon_19   9.0000000 9.0000000 0.8189758 9.0000000 0.8269652 0.7727481 9.0000000 0.7812015 9.0000000 0.7840406 9.0000000 0.7868905 9.0000000 9.0000000 9.0000000 0.5955548 0.3146730 0.2966361 0.0000000 0.1927838 9.0000000 0.8022757 9.0000000 9.0000000 0.8042212 0.8003352 9.0000000 9.0000000 9.0000000 0.6922348 
taxon_20   9.0000000 9.0000000 0.8051959 9.0000000 0.8259619 0.7878429 9.0000000 0.7793147 9.0000000 0.7561218 9.0000000 0.7812015 9.0000000 9.0000000 9.0000000 0.5394473 0.2001474 0.1744747 0.1927838 0.0000000 9.0000000 0.7955058 9.0000000 9.0000000 0.7974339 0.7926231 9.0000000 9.0000000 9.0000000 0.6498322 
taxon_21   0.8160016 0.8179831 9.0000000 0.8051959 9.0000000 9.0000000 0.8110706 9.0000000 0.8330136 9.0000000 0.8071490 9.0000000 0.8051959 0.7945437 0.7935828 9.0000000 9.0000000 9.0000000 9.0000000 9.0000000 0.0000000 0.5145459 0.5560531 0.7764934 9.0000000 9.0000000 0.7607034 0.7552088 0.8130391 9.0000000 
taxon_22   9.0000000 9.0000000 0.8061718 9.0000000 0.7774327 0.7993668 9.0000000 0.8003352 9.0000000 0.8239592 9.0000000 0.8411548 9.0000000 9.0000000 9.0000000 0.7718147 0.8051959 0.7916646 0.8022757 0.7955058 0.5145459 0.0000000 2.3202845 9.0000000 0.8013048 0.7625438 9.0000000 9.0000000 9.0000000 0.6538068 
taxon_23   0.8061718 0.8189758 9.0000000 0.7859394 9.0000000 9.0000000 0.8199698 9.0000000 0.8179831 9.0000000 0.8269652 9.0000000 0.8259619 0.8130391 0.7802575 9.0000000 9.0000000 9.0000000 9.0000000 9.0000000 0.5560531 2.3202845 0.0000000 0.7974339 9.0000000 9.0000000 0.6855532 0.7040727 0.7643889 2.3129674 
taxon_24   0.8350407 0.8360562 9.0000000 0.8120542 9.0000000 9.0000000 0.7974339 9.0000000 0.8179831 9.0000000 0.8091072 9.0000000 0.7964692 0.7916646 0.7907074 9.0000000 9.0000000 9.0000000 9.0000000 9.0000000 0.7764934 9.0000000 0.7974339 0.0000000 9.0000000 9.0000000 0.7461398 0.7533862 0.7926231 9.0000000 
taxon_25   9.0000000 9.0000000 0.7916646 9.0000000 0.8219619 0.8140253 9.0000000 0.8189758 9.0000000 0.7653131 9.0000000 0.7764934 9.0000000 9.0000000 9.0000000 0.7407505 0.7840406 0.7955058 0.8042212 0.7974339 9.0000000 0.8013048 9.0000000 9.0000000 0.0000000 0.2204428 3.6212353 3.7579765 9.0000000 0.6202947 
taxon_26   9.0000000 9.0000000 0.7964692 9.0000000 0.8179831 0.8100883 9.0000000 0.7868905 9.0000000 0.7830931 9.0000000 0.7868905 9.0000000 9.0000000 9.0000000 0.6989764 0.7859394 0.7964692 0.8003352 0.7926231 9.0000000 0.7625438 9.0000000 9.0000000 0.2204428 0.0000000 1.9069018 1.9111511 9.0000000 0.5191940 
taxon_27   0.8032478 0.7964692 9.0000000 0.8340265 9.0000000 9.0000000 0.7897513 9.0000000 0.8100883 9.0000000 0.7916646 9.0000000 0.7643889 0.7542970 0.7718147 9.0000000 9.0000000 9.0000000 9.0000000 9.0000000 0.7607034 9.0000000 0.6855532 0.7461398 3.6212353 1.9069018 0.0000000 0.4523275 0.7443391 1.8860091 
taxon_28   0.8279699 0.8350407 9.0000000 0.8452588 9.0000000 9.0000000 0.8160016 9.0000000 0.7983997 9.0000000 0.7926231 9.0000000 0.7840406 0.7878429 0.8120542 9.0000000 9.0000000 9.0000000 9.0000000 9.0000000 0.7552088 9.0000000 0.7040727 0.7533862 3.7579765 1.9111511 0.4523275 0.0000000 0.7407505 2.0064453 
taxon_29   0.8370732 0.8160016 9.0000000 0.8535348 9.0000000 9.0000000 0.8279699 9.0000000 0.7955058 9.0000000 0.8370732 9.0000000 0.8340265 0.7849894 0.7993668 9.0000000 9.0000000 9.0000000 9.0000000 9.0000000 0.8130391 9.0000000 0.7643889 0.7926231 9.0000000 9.0000000 0.7443391 0.7407505 0.0000000 9.0000000 
taxon_30   9.0000000 9.0000000 0.7812015 9.0000000 0.7926231 0.7671649 9.0000000 0.7625438 9.0000000 0.7416461 9.0000000 0.7690214 9.0000000 9.0000000 9.0000000 0.4866085 0.6748211 0.6789307 0.6922348 0.6498322 9.0000000 0.6538068 2.3129674 9.0000000 0.6202947 0.5191940 1.8860091 2.0064453 9.0000000 0.0000000 
