RF=0.404255
WRF=0.053153
