30
taxon_1    0.0000000 2.5472484 1.8499048 1.4430280 2.2311108 2.2216170 1.8107168 1.9480036 1.1328293 2.8262852 3.8983851 2.8925047 2.1758711 4.2248737 2.5047842 9.0000000 2.7654411 1.4297826 2.4645960 9.0000000 2.1847998 2.1327558 3.5514175 3.8983851 2.5328249 2.7851791 9.0000000 2.4645960 9.0000000 2.5922619 
taxon_2    2.5472484 0.0000000 2.6401505 1.6234441 2.2311108 6.0232951 2.9401397 1.9953166 1.6900559 2.5472484 2.2703354 2.3333094 9.0000000 3.0177952 9.0000000 3.8983851 2.7851791 2.4264522 9.0000000 2.6238455 9.0000000 4.5638625 2.9910067 2.9910067 9.0000000 9.0000000 2.9401397 9.0000000 2.7654411 9.0000000 
taxon_3    1.8499048 2.6401505 0.0000000 0.7126442 2.1938360 1.9159475 1.8217060 1.8973515 1.0898991 9.0000000 2.9651421 3.4478047 2.3011617 4.0995831 2.4020598 3.6716745 3.2756239 1.6537951 2.9401397 9.0000000 2.4389525 2.1758711 3.0455762 3.3151067 3.2023950 2.8054506 9.0000000 2.4020598 6.0232951 2.2311108 
taxon_4    1.4430280 1.6234441 0.7126442 0.0000000 1.1153613 1.8912539 1.4071516 1.1025221 0.5358840 2.2311108 2.0094015 1.9746731 3.0455762 2.0310377 2.7851791 2.2703354 2.0685455 1.2549134 9.0000000 2.4911475 3.4478047 2.5186735 2.0165444 2.1080283 9.0000000 9.0000000 2.2907448 3.3567841 2.6568179 2.4516647 
taxon_5    2.2311108 2.2311108 2.1938360 1.1153613 0.0000000 2.3901548 1.8912539 1.5467645 1.2193738 2.4020598 2.2122419 2.9401397 4.0995831 2.6913067 9.0000000 3.7399033 2.4777543 1.9222500 9.0000000 2.7091647 5.1993359 9.0000000 2.3117252 2.3333094 3.4478047 9.0000000 2.1758711 4.3753767 9.0000000 9.0000000 
taxon_6    2.2216170 6.0232951 1.9159475 1.8912539 2.3901548 0.0000000 1.5781006 1.4363760 1.5544766 9.0000000 9.0000000 9.0000000 2.6078875 9.0000000 2.8925047 3.6716745 9.0000000 2.0608923 2.9401397 9.0000000 2.4389525 3.2756239 9.0000000 9.0000000 2.5186735 3.0177952 9.0000000 2.7462092 9.0000000 3.1356844 
taxon_7    1.8107168 2.9401397 1.8217060 1.4071516 1.8912539 1.5781006 0.0000000 0.8553383 1.2575176 3.2756239 4.3753767 4.0995831 2.6568179 9.0000000 2.9910067 9.0000000 9.0000000 1.8272616 2.3784358 9.0000000 2.6238455 2.1411828 2.9910067 4.2248737 2.7851791 4.5638625 6.0232951 2.5922619 9.0000000 2.7654411 
taxon_8    1.9480036 1.9953166 1.8973515 1.1025221 1.5467645 1.4363760 0.8553383 0.0000000 1.2318741 2.2603353 2.2504667 2.2907448 9.0000000 3.0744259 3.6716745 2.8054506 2.3224397 2.0023260 3.4009145 2.3784358 3.7399033 3.0177952 2.3784358 2.5472484 3.8149659 9.0000000 2.9401397 3.4978233 3.0744259 9.0000000 
taxon_9    1.1328293 1.6900559 1.0898991 0.5358840 1.2193738 1.5544766 1.2575176 1.2318741 0.0000000 2.3668971 2.5047842 2.3117252 2.4264522 2.8262852 2.1161805 2.9910067 2.2703354 0.9307222 2.2907448 4.8162167 2.2907448 2.0310377 2.4911475 2.4389525 3.2756239 3.4978233 2.7654411 2.2311108 3.4478047 2.1497057 
taxon_10   2.8262852 2.5472484 9.0000000 2.2311108 2.4020598 9.0000000 3.2756239 2.2603353 2.3668971 0.0000000 1.2168985 1.8499048 2.4141569 1.9034991 2.4389525 1.9545826 1.5020862 2.2122419 9.0000000 2.8262852 9.0000000 3.8983851 2.5186735 2.2504667 9.0000000 9.0000000 2.4645960 9.0000000 2.9910067 3.0455762 
taxon_11   3.8983851 2.2703354 2.9651421 2.0094015 2.2122419 9.0000000 4.3753767 2.2504667 2.5047842 1.2168985 0.0000000 1.8161913 2.4645960 1.7786835 1.8792054 1.8161913 1.3945197 1.8499048 9.0000000 2.6401505 9.0000000 9.0000000 2.4911475 2.3117252 2.8477153 3.2023950 2.3901548 9.0000000 4.0995831 9.0000000 
taxon_12   2.8925047 2.3333094 3.4478047 1.9746731 2.9401397 9.0000000 4.0995831 2.2907448 2.3117252 1.8499048 1.8161913 0.0000000 2.1497057 1.6854262 1.7330613 1.5741112 1.1783668 1.8272616 3.3151067 2.8054506 9.0000000 4.0995831 2.6078875 2.4020598 9.0000000 9.0000000 2.5047842 3.2023950 3.4978233 9.0000000 
taxon_13   2.1758711 9.0000000 2.3011617 3.0455762 4.0995831 2.6078875 2.6568179 9.0000000 2.4264522 2.4141569 2.4645960 2.1497057 0.0000000 0.6951871 1.5240927 1.9746731 1.3372630 2.1244224 2.2216170 9.0000000 2.7851791 2.6078875 3.9922575 9.0000000 2.9159441 3.0744259 9.0000000 2.4645960 9.0000000 2.2407263 
taxon_14   4.2248737 3.0177952 4.0995831 2.0310377 2.6913067 9.0000000 9.0000000 3.0744259 2.8262852 1.9034991 1.7786835 1.6854262 0.6951871 0.0000000 1.7734751 1.5166852 1.1783668 2.1497057 2.5047842 2.4141569 9.0000000 9.0000000 3.0177952 2.3011617 6.0232951 9.0000000 2.7274583 3.9922575 3.8149659 3.8149659 
taxon_15   2.5047842 9.0000000 2.4020598 2.7851791 9.0000000 2.8925047 2.9910067 3.6716745 2.1161805 2.4389525 1.8792054 1.7330613 1.5240927 1.7734751 0.0000000 0.7344034 0.6769232 1.7041188 2.2122419 3.1044299 2.9401397 2.8262852 9.0000000 3.8149659 2.5922619 3.0177952 3.9922575 2.6738640 9.0000000 2.3011617 
taxon_16   9.0000000 3.8983851 3.6716745 2.2703354 3.7399033 3.6716745 9.0000000 2.8054506 2.9910067 1.9545826 1.8161913 1.5741112 1.9746731 1.5166852 0.7344034 0.0000000 0.6485957 2.3011617 2.9910067 2.9651421 9.0000000 9.0000000 2.6401505 2.8477153 9.0000000 9.0000000 2.8925047 9.0000000 3.2756239 3.7399033 
taxon_17   2.7654411 2.7851791 3.2756239 2.0685455 2.4777543 9.0000000 9.0000000 2.3224397 2.2703354 1.5020862 1.3945197 1.1783668 1.3372630 1.1783668 0.6769232 0.6485957 0.0000000 1.6493833 2.7091647 2.4389525 9.0000000 9.0000000 2.8925047 2.7274583 3.6091383 3.6716745 2.4020598 2.9651421 2.8697757 5.1993359 
taxon_18   1.4297826 2.4264522 1.6537951 1.2549134 1.9222500 2.0608923 1.8272616 2.0023260 0.9307222 2.2122419 1.8499048 1.8272616 2.1244224 2.1497057 1.7041188 2.3011617 1.6493833 0.0000000 2.2216170 3.7399033 2.2603353 1.7136427 2.5619547 2.3901548 2.2603353 2.4777543 2.5328249 1.9286060 4.8162167 1.8912539 
taxon_19   2.4645960 9.0000000 2.9401397 9.0000000 9.0000000 2.9401397 2.3784358 3.4009145 2.2907448 9.0000000 9.0000000 3.3151067 2.2216170 2.5047842 2.2122419 2.9910067 2.7091647 2.2216170 0.0000000 1.3548763 0.9777213 0.7215276 9.0000000 2.6078875 2.0310377 2.8477153 3.6716745 2.2603353 9.0000000 2.2804707 
taxon_20   9.0000000 2.6238455 9.0000000 2.4911475 2.7091647 9.0000000 9.0000000 2.3784358 4.8162167 2.8262852 2.6401505 2.8054506 9.0000000 2.4141569 3.1044299 2.9651421 2.4389525 3.7399033 1.3548763 0.0000000 1.3638406 1.5622689 2.8477153 2.8262852 3.5514175 9.0000000 2.2907448 3.2023950 2.8925047 3.4478047 
taxon_21   2.1847998 9.0000000 2.4389525 3.4478047 5.1993359 2.4389525 2.6238455 3.7399033 2.2907448 9.0000000 9.0000000 9.0000000 2.7851791 9.0000000 2.9401397 9.0000000 9.0000000 2.2603353 0.9777213 1.3638406 0.0000000 1.0898991 9.0000000 3.6716745 2.2122419 2.4645960 3.9922575 2.6738640 9.0000000 2.7091647 
taxon_22   2.1327558 4.5638625 2.1758711 2.5186735 9.0000000 3.2756239 2.1411828 3.0177952 2.0310377 3.8983851 9.0000000 4.0995831 2.6078875 9.0000000 2.8262852 9.0000000 9.0000000 1.7136427 0.7215276 1.5622689 1.0898991 0.0000000 3.0177952 2.2804707 2.3011617 2.8925047 3.1356844 2.0094015 6.0232951 2.2311108 
taxon_23   3.5514175 2.9910067 3.0455762 2.0165444 2.3117252 9.0000000 2.9910067 2.3784358 2.4911475 2.5186735 2.4911475 2.6078875 3.9922575 3.0177952 9.0000000 2.6401505 2.8925047 2.5619547 9.0000000 2.8477153 9.0000000 3.0177952 0.0000000 1.7998863 3.8149659 9.0000000 2.6738640 2.5472484 2.5186735 9.0000000 
taxon_24   3.8983851 2.9910067 3.3151067 2.1080283 2.3333094 9.0000000 4.2248737 2.5472484 2.4389525 2.2504667 2.3117252 2.4020598 9.0000000 2.3011617 3.8149659 2.8477153 2.7274583 2.3901548 2.6078875 2.8262852 3.6716745 2.2804707 1.7998863 0.0000000 2.4389525 1.9814913 1.6717064 1.2922213 2.9401397 2.8477153 
taxon_25   2.5328249 9.0000000 3.2023950 9.0000000 3.4478047 2.5186735 2.7851791 3.8149659 3.2756239 9.0000000 2.8477153 9.0000000 2.9159441 6.0232951 2.5922619 9.0000000 3.6091383 2.2603353 2.0310377 3.5514175 2.2122419 2.3011617 3.8149659 2.4389525 0.0000000 0.7608379 2.6738640 1.6762518 9.0000000 3.5514175 
taxon_26   2.7851791 9.0000000 2.8054506 9.0000000 9.0000000 3.0177952 4.5638625 9.0000000 3.4978233 9.0000000 3.2023950 9.0000000 3.0744259 9.0000000 3.0177952 9.0000000 3.6716745 2.4777543 2.8477153 9.0000000 2.4645960 2.8925047 9.0000000 1.9814913 0.7608379 0.0000000 2.3443391 1.5901977 4.3753767 3.2023950 
taxon_27   9.0000000 2.9401397 9.0000000 2.2907448 2.1758711 9.0000000 6.0232951 2.9401397 2.7654411 2.4645960 2.3901548 2.5047842 9.0000000 2.7274583 3.9922575 2.8925047 2.4020598 2.5328249 3.6716745 2.2907448 3.9922575 3.1356844 2.6738640 1.6717064 2.6738640 2.3443391 0.0000000 1.3729133 2.6401505 9.0000000 
taxon_28   2.4645960 9.0000000 2.4020598 3.3567841 4.3753767 2.7462092 2.5922619 3.4978233 2.2311108 9.0000000 9.0000000 3.2023950 2.4645960 3.9922575 2.6738640 9.0000000 2.9651421 1.9286060 2.2603353 3.2023950 2.6738640 2.0094015 2.5472484 1.2922213 1.6762518 1.5901977 1.3729133 0.0000000 9.0000000 2.4516647 
taxon_29   9.0000000 2.7654411 6.0232951 2.6568179 9.0000000 9.0000000 9.0000000 3.0744259 3.4478047 2.9910067 4.0995831 3.4978233 9.0000000 3.8149659 9.0000000 3.2756239 2.8697757 4.8162167 9.0000000 2.8925047 9.0000000 6.0232951 2.5186735 2.9401397 9.0000000 4.3753767 2.6401505 9.0000000 0.0000000 1.1713574 
taxon_30   2.5922619 9.0000000 2.2311108 2.4516647 9.0000000 3.1356844 2.7654411 9.0000000 2.1497057 3.0455762 9.0000000 9.0000000 2.2407263 3.8149659 2.3011617 3.7399033 5.1993359 1.8912539 2.2804707 3.4478047 2.7091647 2.2311108 9.0000000 2.8477153 3.5514175 3.2023950 9.0000000 2.4516647 1.1713574 0.0000000 
