RF=0.191489
WRF=0.050595
