50
taxon_1    0.0000000 0.1107952 0.1111817 0.1889145 0.1958072 0.1545510 0.1867735 0.1880574 0.1880574 0.1812353 0.1795394 0.1665248 0.2809595 0.2556949 0.2463780 0.2833875 0.2660790 0.2819297 0.2468412 0.2632327 0.2698909 0.2698909 0.2790227 0.2703688 0.2665544 0.2566330 0.2746833 0.2253785 0.2742027 0.2843608 0.2809595 0.2514880 0.2646545 0.2376329 0.2491610 0.2742027 0.2848480 0.2766088 0.2785393 0.2045130 0.2804748 0.2790227 0.2561638 0.2936716 0.2809595 0.2746833 0.2877777 0.2897372 0.2804748 0.2665544 
taxon_2    0.1107952 0.0000000 0.1004343 0.1859188 0.1859188 0.1492448 0.1837863 0.1812353 0.1812353 0.1757376 0.1740541 0.1623743 0.2756454 0.2524208 0.2431443 0.2722833 0.2608690 0.2799905 0.2426835 0.2538223 0.2651290 0.2637063 0.2751642 0.2622863 0.2660790 0.2528877 0.2737224 0.2249285 0.2746833 0.2833875 0.2770910 0.2468412 0.2660790 0.2367183 0.2445285 0.2713254 0.2838740 0.2727627 0.2718042 0.2032007 0.2780563 0.2737224 0.2491610 0.2902279 0.2775735 0.2727627 0.2863114 0.2867999 0.2766088 0.2670302 
taxon_3    0.1111817 0.1004343 0.0000000 0.1850651 0.1893435 0.1508735 0.1816598 0.1825097 0.1816598 0.1761591 0.1744747 0.1615469 0.2713254 0.2528877 0.2422229 0.2770910 0.2608690 0.2809595 0.2431443 0.2599256 0.2675062 0.2670302 0.2746833 0.2599256 0.2627594 0.2524208 0.2694134 0.2213378 0.2775735 0.2867999 0.2809595 0.2510220 0.2675062 0.2376329 0.2491610 0.2756454 0.2872886 0.2727627 0.2742027 0.2045130 0.2780563 0.2675062 0.2459152 0.2946585 0.2819297 0.2737224 0.2867999 0.2843608 0.2770910 0.2684592 
taxon_4    0.1889145 0.1859188 0.1850651 0.0000000 0.1335480 0.1084804 0.1367412 0.1363413 0.1367412 0.1299718 0.1355421 0.1213012 0.2795065 0.2608690 0.2505563 0.2809595 0.2694134 0.2887568 0.2500909 0.2675062 0.2766088 0.2742027 0.2751642 0.2698909 0.2660790 0.2561638 0.2746833 0.2280845 0.2766088 0.2912102 0.2809595 0.2519543 0.2722833 0.2394656 0.2533548 0.2775735 0.2931787 0.2799905 0.2775735 0.2089041 0.2829012 0.2694134 0.2500909 0.2877777 0.2790227 0.2785393 0.2926861 0.2867999 0.2766088 0.2756454 
taxon_5    0.1958072 0.1859188 0.1893435 0.1335480 0.0000000 0.1096369 0.1403498 0.1375416 0.1391450 0.1351429 0.1343450 0.1216931 0.2795065 0.2561638 0.2454527 0.2809595 0.2679825 0.2912102 0.2486964 0.2618136 0.2727627 0.2722833 0.2742027 0.2684592 0.2641803 0.2566330 0.2732424 0.2294411 0.2819297 0.2867999 0.2829012 0.2500909 0.2756454 0.2380907 0.2491610 0.2766088 0.2897372 0.2799905 0.2814444 0.2097854 0.2727627 0.2718042 0.2547580 0.2941649 0.2809595 0.2824153 0.2917019 0.2907189 0.2804748 0.2761270 
taxon_6    0.1545510 0.1492448 0.1508735 0.1084804 0.1096369 0.0000000 0.1011969 0.1004343 0.0985312 0.0936057 0.0951178 0.0831056 0.2394656 0.2195489 0.2093446 0.2371755 0.2253785 0.2468412 0.2067053 0.2240292 0.2344366 0.2335258 0.2380907 0.2317077 0.2253785 0.2137642 0.2367183 0.1876292 0.2358048 0.2454527 0.2408430 0.2124356 0.2308002 0.2001474 0.2115512 0.2362614 0.2510220 0.2394656 0.2408430 0.1690262 0.2408430 0.2358048 0.2159838 0.2542900 0.2426835 0.2417626 0.2500909 0.2496258 0.2385487 0.2326162 
taxon_7    0.1867735 0.1837863 0.1816598 0.1367412 0.1403498 0.1011969 0.0000000 0.0712827 0.0709162 0.0661682 0.0786501 0.0654404 0.2722833 0.2482322 0.2371755 0.2742027 0.2599256 0.2814444 0.2417626 0.2566330 0.2679825 0.2689361 0.2656039 0.2603971 0.2566330 0.2449904 0.2689361 0.2191023 0.2746833 0.2775735 0.2737224 0.2436054 0.2641803 0.2308002 0.2426835 0.2684592 0.2785393 0.2684592 0.2694134 0.2014544 0.2684592 0.2675062 0.2449904 0.2833875 0.2708470 0.2675062 0.2814444 0.2819297 0.2679825 0.2665544 
taxon_8    0.1880574 0.1812353 0.1825097 0.1363413 0.1375416 0.1004343 0.0712827 0.0000000 0.0161727 0.0375933 0.0790204 0.0661682 0.2679825 0.2459152 0.2348924 0.2708470 0.2571025 0.2780563 0.2390070 0.2524208 0.2637063 0.2627594 0.2603971 0.2561638 0.2533548 0.2413027 0.2641803 0.2164285 0.2703688 0.2732424 0.2656039 0.2394656 0.2603971 0.2303469 0.2394656 0.2665544 0.2824153 0.2722833 0.2718042 0.1992774 0.2651290 0.2618136 0.2449904 0.2742027 0.2660790 0.2637063 0.2814444 0.2761270 0.2637063 0.2651290 
taxon_9    0.1880574 0.1812353 0.1816598 0.1367412 0.1391450 0.0985312 0.0709162 0.0161727 0.0000000 0.0365416 0.0790204 0.0650767 0.2689361 0.2486964 0.2376329 0.2727627 0.2594543 0.2809595 0.2413027 0.2561638 0.2646545 0.2651290 0.2627594 0.2575723 0.2556949 0.2449904 0.2670302 0.2182100 0.2718042 0.2756454 0.2689361 0.2417626 0.2627594 0.2317077 0.2417626 0.2684592 0.2848480 0.2742027 0.2737224 0.2014544 0.2670302 0.2622863 0.2449904 0.2766088 0.2665544 0.2632327 0.2819297 0.2766088 0.2656039 0.2656039 
taxon_10   0.1812353 0.1757376 0.1761591 0.1299718 0.1351429 0.0936057 0.0661682 0.0375933 0.0365416 0.0000000 0.0745891 0.0607268 0.2632327 0.2422229 0.2321618 0.2665544 0.2538223 0.2756454 0.2362614 0.2514880 0.2608690 0.2594543 0.2608690 0.2556949 0.2505563 0.2390070 0.2618136 0.2128782 0.2665544 0.2751642 0.2656039 0.2380907 0.2566330 0.2258288 0.2326162 0.2594543 0.2737224 0.2646545 0.2637063 0.1953745 0.2613411 0.2580424 0.2394656 0.2703688 0.2603971 0.2552263 0.2742027 0.2684592 0.2580424 0.2594543 
taxon_11   0.1795394 0.1740541 0.1744747 0.1355421 0.1343450 0.0951178 0.0786501 0.0790204 0.0790204 0.0745891 0.0000000 0.0453435 0.2637063 0.2408430 0.2308002 0.2651290 0.2524208 0.2708470 0.2303469 0.2426835 0.2589834 0.2556949 0.2613411 0.2528877 0.2496258 0.2399244 0.2585127 0.2102265 0.2618136 0.2708470 0.2627594 0.2339811 0.2510220 0.2231310 0.2294411 0.2566330 0.2737224 0.2603971 0.2599256 0.1910617 0.2599256 0.2580424 0.2417626 0.2751642 0.2641803 0.2651290 0.2742027 0.2703688 0.2603971 0.2580424 
taxon_12   0.1665248 0.1623743 0.1615469 0.1213012 0.1216931 0.0831056 0.0654404 0.0661682 0.0650767 0.0607268 0.0453435 0.0000000 0.2500909 0.2285364 0.2195489 0.2538223 0.2408430 0.2589834 0.2195489 0.2344366 0.2445285 0.2445285 0.2519543 0.2426835 0.2385487 0.2276328 0.2491610 0.2005829 0.2496258 0.2603971 0.2528877 0.2235799 0.2422229 0.2097854 0.2199957 0.2463780 0.2627594 0.2496258 0.2486964 0.1808109 0.2514880 0.2468412 0.2289886 0.2632327 0.2496258 0.2496258 0.2651290 0.2561638 0.2505563 0.2459152 
taxon_13   0.2809595 0.2756454 0.2713254 0.2795065 0.2795065 0.2394656 0.2722833 0.2679825 0.2689361 0.2632327 0.2637063 0.2500909 0.0000000 0.1224777 0.1131172 0.1472139 0.1323540 0.1525057 0.1142809 0.1343450 0.1367412 0.1359416 0.1992774 0.1820846 0.1736339 0.1632025 0.1910617 0.1395464 0.1966732 0.1975403 0.1945099 0.1619605 0.1829350 0.1516891 0.1652772 0.1936464 0.2106678 0.1992774 0.1971066 0.1201266 0.2249285 0.2168735 0.1979742 0.2308002 0.2289886 0.2240292 0.2308002 0.2285364 0.2244787 0.2142076 
taxon_14   0.2556949 0.2524208 0.2528877 0.2608690 0.2561638 0.2195489 0.2482322 0.2459152 0.2486964 0.2422229 0.2408430 0.2285364 0.1224777 0.0000000 0.0127745 0.1291794 0.1142809 0.1343450 0.0962539 0.1166137 0.1236560 0.1201266 0.1761591 0.1648618 0.1561912 0.1492448 0.1686087 0.1224777 0.1761591 0.1765808 0.1727940 0.1443799 0.1656928 0.1367412 0.1464031 0.1736339 0.1884858 0.1765808 0.1736339 0.1034893 0.2115512 0.2036379 0.1829350 0.2199957 0.2084638 0.2119933 0.2204428 0.2186560 0.2133211 0.2027637 
taxon_15   0.2463780 0.2431443 0.2422229 0.2505563 0.2454527 0.2093446 0.2371755 0.2348924 0.2376329 0.2321618 0.2308002 0.2195489 0.1131172 0.0127745 0.0000000 0.1205179 0.1046381 0.1252300 0.0872131 0.1077103 0.1162244 0.1111817 0.1681915 0.1553706 0.1459981 0.1387438 0.1603076 0.1131172 0.1681915 0.1665248 0.1648618 0.1351429 0.1557808 0.1279924 0.1359416 0.1636170 0.1774249 0.1673577 0.1652772 0.0936057 0.2014544 0.1940780 0.1740541 0.2102265 0.1988427 0.2014544 0.2093446 0.2071446 0.2027637 0.1919223 
taxon_16   0.2833875 0.2722833 0.2770910 0.2809595 0.2809595 0.2371755 0.2742027 0.2708470 0.2727627 0.2665544 0.2651290 0.2538223 0.1472139 0.1291794 0.1205179 0.0000000 0.1252300 0.1553706 0.1173929 0.1339464 0.1423622 0.1427653 0.2014544 0.1859188 0.1816598 0.1732138 0.1966732 0.1468084 0.1971066 0.1966732 0.1940780 0.1648618 0.1829350 0.1561912 0.1706984 0.1940780 0.2115512 0.1992774 0.1971066 0.1248362 0.2326162 0.2222338 0.2071446 0.2459152 0.2317077 0.2289886 0.2417626 0.2399244 0.2339811 0.2285364 
taxon_17   0.2660790 0.2608690 0.2608690 0.2694134 0.2679825 0.2253785 0.2599256 0.2571025 0.2594543 0.2538223 0.2524208 0.2408430 0.1323540 0.1142809 0.1046381 0.1252300 0.0000000 0.1339464 0.0996725 0.1162244 0.1256240 0.1220853 0.1837863 0.1706984 0.1656928 0.1541415 0.1791160 0.1283879 0.1825097 0.1859188 0.1833605 0.1500587 0.1694439 0.1415566 0.1537322 0.1791160 0.1919223 0.1833605 0.1808109 0.1092512 0.2231310 0.2168735 0.1966732 0.2258288 0.2159838 0.2199957 0.2289886 0.2253785 0.2204428 0.2106678 
taxon_18   0.2819297 0.2799905 0.2809595 0.2887568 0.2912102 0.2468412 0.2814444 0.2780563 0.2809595 0.2756454 0.2708470 0.2589834 0.1525057 0.1343450 0.1252300 0.1553706 0.1339464 0.0000000 0.0650767 0.1123424 0.1177828 0.1166137 0.2128782 0.1971066 0.1867735 0.1765808 0.2032007 0.1520973 0.2071446 0.2075841 0.2058276 0.1748954 0.1893435 0.1665248 0.1690262 0.1984083 0.2168735 0.2049510 0.2005829 0.1311620 0.2390070 0.2317077 0.2102265 0.2486964 0.2403836 0.2344366 0.2463780 0.2394656 0.2385487 0.2280845 
taxon_19   0.2468412 0.2426835 0.2431443 0.2500909 0.2486964 0.2067053 0.2417626 0.2390070 0.2413027 0.2362614 0.2303469 0.2195489 0.1142809 0.0962539 0.0872131 0.1173929 0.0996725 0.0650767 0.0000000 0.0745891 0.0812459 0.0790204 0.1715359 0.1598949 0.1512812 0.1399480 0.1665248 0.1150577 0.1715359 0.1698618 0.1690262 0.1359416 0.1557808 0.1275971 0.1355421 0.1644467 0.1808109 0.1702800 0.1686087 0.0958750 0.2023270 0.1893435 0.1736339 0.2045130 0.1988427 0.1997123 0.2093446 0.2053892 0.2032007 0.1923529 
taxon_20   0.2632327 0.2538223 0.2599256 0.2675062 0.2618136 0.2240292 0.2566330 0.2524208 0.2561638 0.2514880 0.2426835 0.2344366 0.1343450 0.1166137 0.1077103 0.1339464 0.1162244 0.1123424 0.0745891 0.0000000 0.0849698 0.0838507 0.1863460 0.1706984 0.1652772 0.1541415 0.1778473 0.1295755 0.1854918 0.1837863 0.1812353 0.1488382 0.1711171 0.1431686 0.1504660 0.1799630 0.1949421 0.1820846 0.1812353 0.1107952 0.2173187 0.2036379 0.1884858 0.2303469 0.2173187 0.2155394 0.2267303 0.2231310 0.2164285 0.2119933 
taxon_21   0.2698909 0.2651290 0.2675062 0.2766088 0.2727627 0.2344366 0.2679825 0.2637063 0.2646545 0.2608690 0.2589834 0.2445285 0.1367412 0.1236560 0.1162244 0.1423622 0.1256240 0.1177828 0.0812459 0.0849698 0.0000000 0.0864646 0.1997123 0.1842123 0.1744747 0.1661087 0.1880574 0.1403498 0.1923529 0.1923529 0.1889145 0.1570127 0.1782700 0.1520973 0.1603076 0.1902021 0.2058276 0.1936464 0.1927838 0.1201266 0.2249285 0.2177642 0.1997123 0.2344366 0.2204428 0.2235799 0.2317077 0.2280845 0.2235799 0.2173187 
taxon_22   0.2698909 0.2637063 0.2670302 0.2742027 0.2722833 0.2335258 0.2689361 0.2627594 0.2651290 0.2594543 0.2556949 0.2445285 0.1359416 0.1201266 0.1111817 0.1427653 0.1220853 0.1166137 0.0790204 0.0838507 0.0864646 0.0000000 0.1936464 0.1808109 0.1681915 0.1611336 0.1842123 0.1379421 0.1914918 0.1902021 0.1919223 0.1578350 0.1778473 0.1504660 0.1578350 0.1876292 0.2014544 0.1897726 0.1906317 0.1173929 0.2235799 0.2150952 0.1966732 0.2394656 0.2244787 0.2253785 0.2317077 0.2280845 0.2249285 0.2142076 
taxon_23   0.2790227 0.2751642 0.2746833 0.2751642 0.2742027 0.2380907 0.2656039 0.2603971 0.2627594 0.2608690 0.2613411 0.2519543 0.1992774 0.1761591 0.1681915 0.2014544 0.1837863 0.2128782 0.1715359 0.1863460 0.1997123 0.1936464 0.0000000 0.0928508 0.1359416 0.1295755 0.1451886 0.0966330 0.1820846 0.1808109 0.1757376 0.1447841 0.1665248 0.1395464 0.1516891 0.1765808 0.1945099 0.1829350 0.1833605 0.1107952 0.2353484 0.2285364 0.2084638 0.2422229 0.2249285 0.2353484 0.2449904 0.2426835 0.2380907 0.2276328 
taxon_24   0.2703688 0.2622863 0.2599256 0.2698909 0.2684592 0.2317077 0.2603971 0.2561638 0.2575723 0.2556949 0.2528877 0.2426835 0.1820846 0.1648618 0.1553706 0.1859188 0.1706984 0.1971066 0.1598949 0.1706984 0.1842123 0.1808109 0.0928508 0.0000000 0.1232630 0.1146692 0.1335480 0.0864646 0.1677744 0.1719551 0.1677744 0.1371413 0.1561912 0.1295755 0.1391450 0.1661087 0.1816598 0.1723744 0.1694439 0.0989115 0.2231310 0.2155394 0.1945099 0.2244787 0.2124356 0.2191023 0.2326162 0.2271814 0.2231310 0.2150952 
taxon_25   0.2665544 0.2660790 0.2627594 0.2660790 0.2641803 0.2253785 0.2566330 0.2533548 0.2556949 0.2505563 0.2496258 0.2385487 0.1736339 0.1561912 0.1459981 0.1816598 0.1656928 0.1867735 0.1512812 0.1652772 0.1744747 0.1681915 0.1359416 0.1232630 0.0000000 0.0432218 0.1224777 0.0768015 0.1640317 0.1623743 0.1578350 0.1268072 0.1533231 0.1240492 0.1311620 0.1553706 0.1727940 0.1636170 0.1619605 0.0913433 0.2195489 0.2133211 0.1910617 0.2249285 0.2159838 0.2155394 0.2289886 0.2271814 0.2164285 0.2075841 
taxon_26   0.2566330 0.2528877 0.2524208 0.2561638 0.2566330 0.2137642 0.2449904 0.2413027 0.2449904 0.2390070 0.2399244 0.2276328 0.1632025 0.1492448 0.1387438 0.1732138 0.1541415 0.1765808 0.1399480 0.1541415 0.1661087 0.1611336 0.1295755 0.1146692 0.0432218 0.0000000 0.1146692 0.0687211 0.1549607 0.1553706 0.1512812 0.1205179 0.1403498 0.1150577 0.1240492 0.1500587 0.1669411 0.1553706 0.1553706 0.0827333 0.2128782 0.2014544 0.1808109 0.2124356 0.2053892 0.2053892 0.2191023 0.2173187 0.2049510 0.1975403 
taxon_27   0.2746833 0.2737224 0.2694134 0.2746833 0.2732424 0.2367183 0.2689361 0.2641803 0.2670302 0.2618136 0.2585127 0.2491610 0.1910617 0.1686087 0.1603076 0.1966732 0.1791160 0.2032007 0.1665248 0.1778473 0.1880574 0.1842123 0.1451886 0.1335480 0.1224777 0.1146692 0.0000000 0.0857169 0.1765808 0.1753164 0.1711171 0.1403498 0.1636170 0.1315591 0.1419593 0.1723744 0.1867735 0.1770027 0.1736339 0.1038721 0.2326162 0.2217857 0.2014544 0.2385487 0.2298939 0.2289886 0.2344366 0.2330709 0.2249285 0.2164285 
taxon_28   0.2253785 0.2249285 0.2213378 0.2280845 0.2294411 0.1876292 0.2191023 0.2164285 0.2182100 0.2128782 0.2102265 0.2005829 0.1395464 0.1224777 0.1131172 0.1468084 0.1283879 0.1520973 0.1150577 0.1295755 0.1403498 0.1379421 0.0966330 0.0864646 0.0768015 0.0687211 0.0857169 0.0000000 0.1264126 0.1275971 0.1236560 0.0928508 0.1146692 0.0845966 0.0973917 0.1260182 0.1407519 0.1303683 0.1303683 0.0549658 0.1859188 0.1744747 0.1537322 0.1872012 0.1778473 0.1816598 0.1914918 0.1880574 0.1808109 0.1727940 
taxon_29   0.2742027 0.2746833 0.2775735 0.2766088 0.2819297 0.2358048 0.2746833 0.2703688 0.2718042 0.2665544 0.2618136 0.2496258 0.1966732 0.1761591 0.1681915 0.1971066 0.1825097 0.2071446 0.1715359 0.1854918 0.1923529 0.1914918 0.1820846 0.1677744 0.1640317 0.1549607 0.1765808 0.1264126 0.0000000 0.1607205 0.1582466 0.1248362 0.1455932 0.1213012 0.1468084 0.1748954 0.1872012 0.1753164 0.1757376 0.1065568 0.2380907 0.2267303 0.2067053 0.2426835 0.2298939 0.2312538 0.2394656 0.2376329 0.2344366 0.2271814 
taxon_30   0.2843608 0.2833875 0.2867999 0.2912102 0.2867999 0.2454527 0.2775735 0.2732424 0.2756454 0.2751642 0.2708470 0.2603971 0.1975403 0.1765808 0.1665248 0.1966732 0.1859188 0.2075841 0.1698618 0.1837863 0.1923529 0.1902021 0.1808109 0.1719551 0.1623743 0.1553706 0.1753164 0.1275971 0.1607205 0.0000000 0.0668967 0.0379438 0.1201266 0.0981512 0.1472139 0.1765808 0.1893435 0.1803869 0.1812353 0.1092512 0.2376329 0.2276328 0.2049510 0.2436054 0.2276328 0.2371755 0.2440668 0.2399244 0.2358048 0.2222338 
taxon_31   0.2809595 0.2770910 0.2809595 0.2809595 0.2829012 0.2408430 0.2737224 0.2656039 0.2689361 0.2656039 0.2627594 0.2528877 0.1945099 0.1727940 0.1648618 0.1940780 0.1833605 0.2058276 0.1690262 0.1812353 0.1889145 0.1919223 0.1757376 0.1677744 0.1578350 0.1512812 0.1711171 0.1236560 0.1582466 0.0668967 0.0000000 0.0361918 0.1224777 0.0947395 0.1468084 0.1757376 0.1910617 0.1808109 0.1825097 0.1057887 0.2330709 0.2195489 0.1979742 0.2371755 0.2235799 0.2335258 0.2408430 0.2358048 0.2335258 0.2164285 
taxon_32   0.2514880 0.2468412 0.2510220 0.2519543 0.2500909 0.2124356 0.2436054 0.2394656 0.2417626 0.2380907 0.2339811 0.2235799 0.1619605 0.1443799 0.1351429 0.1648618 0.1500587 0.1748954 0.1359416 0.1488382 0.1570127 0.1578350 0.1447841 0.1371413 0.1268072 0.1205179 0.1403498 0.0928508 0.1248362 0.0379438 0.0361918 0.0000000 0.0902146 0.0639869 0.1150577 0.1439760 0.1574237 0.1480256 0.1476197 0.0742210 0.2049510 0.1919223 0.1723744 0.2111093 0.1962401 0.2023270 0.2097854 0.2071446 0.2036379 0.1884858 
taxon_33   0.2646545 0.2660790 0.2675062 0.2722833 0.2756454 0.2308002 0.2641803 0.2603971 0.2627594 0.2566330 0.2510220 0.2422229 0.1829350 0.1656928 0.1557808 0.1829350 0.1694439 0.1893435 0.1557808 0.1711171 0.1782700 0.1778473 0.1665248 0.1561912 0.1533231 0.1403498 0.1636170 0.1146692 0.1455932 0.1201266 0.1224777 0.0902146 0.0000000 0.0845966 0.1343450 0.1623743 0.1808109 0.1669411 0.1665248 0.0958750 0.2249285 0.2062664 0.1893435 0.2312538 0.2137642 0.2213378 0.2262794 0.2285364 0.2182100 0.2093446 
taxon_34   0.2376329 0.2367183 0.2376329 0.2394656 0.2380907 0.2001474 0.2308002 0.2303469 0.2317077 0.2258288 0.2231310 0.2097854 0.1516891 0.1367412 0.1279924 0.1561912 0.1415566 0.1665248 0.1275971 0.1431686 0.1520973 0.1504660 0.1395464 0.1295755 0.1240492 0.1150577 0.1315591 0.0845966 0.1213012 0.0981512 0.0947395 0.0639869 0.0845966 0.0000000 0.1104089 0.1403498 0.1520973 0.1423622 0.1431686 0.0676259 0.1966732 0.1833605 0.1661087 0.2001474 0.1919223 0.1945099 0.2032007 0.1997123 0.1971066 0.1833605 
taxon_35   0.2491610 0.2445285 0.2491610 0.2533548 0.2491610 0.2115512 0.2426835 0.2394656 0.2417626 0.2326162 0.2294411 0.2199957 0.1652772 0.1464031 0.1359416 0.1706984 0.1537322 0.1690262 0.1355421 0.1504660 0.1603076 0.1578350 0.1516891 0.1391450 0.1311620 0.1240492 0.1419593 0.0973917 0.1468084 0.1472139 0.1468084 0.1150577 0.1343450 0.1104089 0.0000000 0.0793908 0.0932282 0.0812459 0.0805033 0.0712827 0.2018906 0.1971066 0.1782700 0.2067053 0.1984083 0.2018906 0.2089041 0.2040753 0.1966732 0.1906317 
taxon_36   0.2742027 0.2713254 0.2756454 0.2775735 0.2766088 0.2362614 0.2684592 0.2665544 0.2684592 0.2594543 0.2566330 0.2463780 0.1936464 0.1736339 0.1636170 0.1940780 0.1791160 0.1984083 0.1644467 0.1799630 0.1902021 0.1876292 0.1765808 0.1661087 0.1553706 0.1500587 0.1723744 0.1260182 0.1748954 0.1765808 0.1757376 0.1439760 0.1623743 0.1403498 0.0793908 0.0000000 0.1034893 0.0936057 0.0932282 0.0996725 0.2267303 0.2195489 0.2053892 0.2317077 0.2217857 0.2321618 0.2399244 0.2344366 0.2289886 0.2191023 
taxon_37   0.2848480 0.2838740 0.2872886 0.2931787 0.2897372 0.2510220 0.2785393 0.2824153 0.2848480 0.2737224 0.2737224 0.2627594 0.2106678 0.1884858 0.1774249 0.2115512 0.1919223 0.2168735 0.1808109 0.1949421 0.2058276 0.2014544 0.1945099 0.1816598 0.1727940 0.1669411 0.1867735 0.1407519 0.1872012 0.1893435 0.1910617 0.1574237 0.1808109 0.1520973 0.0932282 0.1034893 0.0000000 0.0936057 0.0943614 0.1150577 0.2390070 0.2367183 0.2235799 0.2482322 0.2335258 0.2422229 0.2519543 0.2482322 0.2403836 0.2321618 
taxon_38   0.2766088 0.2727627 0.2727627 0.2799905 0.2799905 0.2394656 0.2684592 0.2722833 0.2742027 0.2646545 0.2603971 0.2496258 0.1992774 0.1765808 0.1673577 0.1992774 0.1833605 0.2049510 0.1702800 0.1820846 0.1936464 0.1897726 0.1829350 0.1723744 0.1636170 0.1553706 0.1770027 0.1303683 0.1753164 0.1803869 0.1808109 0.1480256 0.1669411 0.1423622 0.0812459 0.0936057 0.0936057 0.0000000 0.0340959 0.1027244 0.2280845 0.2249285 0.2102265 0.2417626 0.2267303 0.2330709 0.2380907 0.2339811 0.2308002 0.2199957 
taxon_39   0.2785393 0.2718042 0.2742027 0.2775735 0.2814444 0.2408430 0.2694134 0.2718042 0.2737224 0.2637063 0.2599256 0.2486964 0.1971066 0.1736339 0.1652772 0.1971066 0.1808109 0.2005829 0.1686087 0.1812353 0.1927838 0.1906317 0.1833605 0.1694439 0.1619605 0.1553706 0.1736339 0.1303683 0.1757376 0.1812353 0.1825097 0.1476197 0.1665248 0.1431686 0.0805033 0.0932282 0.0943614 0.0340959 0.0000000 0.1031068 0.2271814 0.2262794 0.2080238 0.2399244 0.2235799 0.2317077 0.2344366 0.2303469 0.2317077 0.2199957 
taxon_40   0.2045130 0.2032007 0.2045130 0.2089041 0.2097854 0.1690262 0.2014544 0.1992774 0.2014544 0.1953745 0.1910617 0.1808109 0.1201266 0.1034893 0.0936057 0.1248362 0.1092512 0.1311620 0.0958750 0.1107952 0.1201266 0.1173929 0.1107952 0.0989115 0.0913433 0.0827333 0.1038721 0.0549658 0.1065568 0.1092512 0.1057887 0.0742210 0.0958750 0.0676259 0.0712827 0.0996725 0.1150577 0.1027244 0.1031068 0.0000000 0.1632025 0.1553706 0.1355421 0.1677744 0.1603076 0.1632025 0.1681915 0.1656928 0.1615469 0.1508735 
taxon_41   0.2804748 0.2780563 0.2780563 0.2829012 0.2727627 0.2408430 0.2684592 0.2651290 0.2670302 0.2613411 0.2599256 0.2514880 0.2249285 0.2115512 0.2014544 0.2326162 0.2231310 0.2390070 0.2023270 0.2173187 0.2249285 0.2235799 0.2353484 0.2231310 0.2195489 0.2128782 0.2326162 0.1859188 0.2380907 0.2376329 0.2330709 0.2049510 0.2249285 0.1966732 0.2018906 0.2267303 0.2390070 0.2280845 0.2271814 0.1632025 0.0000000 0.2186560 0.2010185 0.2330709 0.2249285 0.2226823 0.2312538 0.2271814 0.2244787 0.2142076 
taxon_42   0.2790227 0.2737224 0.2675062 0.2694134 0.2718042 0.2358048 0.2675062 0.2618136 0.2622863 0.2580424 0.2580424 0.2468412 0.2168735 0.2036379 0.1940780 0.2222338 0.2168735 0.2317077 0.1893435 0.2036379 0.2177642 0.2150952 0.2285364 0.2155394 0.2133211 0.2014544 0.2217857 0.1744747 0.2267303 0.2276328 0.2195489 0.1919223 0.2062664 0.1833605 0.1971066 0.2195489 0.2367183 0.2249285 0.2262794 0.1553706 0.2186560 0.0000000 0.0827333 0.1859188 0.1795394 0.1803869 0.1897726 0.1854918 0.1808109 0.1686087 
taxon_43   0.2561638 0.2491610 0.2459152 0.2500909 0.2547580 0.2159838 0.2449904 0.2449904 0.2449904 0.2394656 0.2417626 0.2289886 0.1979742 0.1829350 0.1740541 0.2071446 0.1966732 0.2102265 0.1736339 0.1884858 0.1997123 0.1966732 0.2084638 0.1945099 0.1910617 0.1808109 0.2014544 0.1537322 0.2067053 0.2049510 0.1979742 0.1723744 0.1893435 0.1661087 0.1782700 0.2053892 0.2235799 0.2102265 0.2080238 0.1355421 0.2010185 0.0827333 0.0000000 0.1677744 0.1627883 0.1570127 0.1640317 0.1648618 0.1603076 0.1480256 
taxon_44   0.2936716 0.2902279 0.2946585 0.2877777 0.2941649 0.2542900 0.2833875 0.2742027 0.2766088 0.2703688 0.2751642 0.2632327 0.2308002 0.2199957 0.2102265 0.2459152 0.2258288 0.2486964 0.2045130 0.2303469 0.2344366 0.2394656 0.2422229 0.2244787 0.2249285 0.2124356 0.2385487 0.1872012 0.2426835 0.2436054 0.2371755 0.2111093 0.2312538 0.2001474 0.2067053 0.2317077 0.2482322 0.2417626 0.2399244 0.1677744 0.2330709 0.1859188 0.1677744 0.0000000 0.1415566 0.1876292 0.1936464 0.1923529 0.1816598 0.1736339 
taxon_45   0.2809595 0.2775735 0.2819297 0.2790227 0.2809595 0.2426835 0.2708470 0.2660790 0.2665544 0.2603971 0.2641803 0.2496258 0.2289886 0.2084638 0.1988427 0.2317077 0.2159838 0.2403836 0.1988427 0.2173187 0.2204428 0.2244787 0.2249285 0.2124356 0.2159838 0.2053892 0.2298939 0.1778473 0.2298939 0.2276328 0.2235799 0.1962401 0.2137642 0.1919223 0.1984083 0.2217857 0.2335258 0.2267303 0.2235799 0.1603076 0.2249285 0.1795394 0.1627883 0.1415566 0.0000000 0.1803869 0.1846386 0.1812353 0.1778473 0.1648618 
taxon_46   0.2746833 0.2727627 0.2737224 0.2785393 0.2824153 0.2417626 0.2675062 0.2637063 0.2632327 0.2552263 0.2651290 0.2496258 0.2240292 0.2119933 0.2014544 0.2289886 0.2199957 0.2344366 0.1997123 0.2155394 0.2235799 0.2253785 0.2353484 0.2191023 0.2155394 0.2053892 0.2289886 0.1816598 0.2312538 0.2371755 0.2335258 0.2023270 0.2213378 0.1945099 0.2018906 0.2321618 0.2422229 0.2330709 0.2317077 0.1632025 0.2226823 0.1803869 0.1570127 0.1876292 0.1803869 0.0000000 0.1158353 0.1181729 0.1347438 0.1220853 
taxon_47   0.2877777 0.2863114 0.2867999 0.2926861 0.2917019 0.2500909 0.2814444 0.2814444 0.2819297 0.2742027 0.2742027 0.2651290 0.2308002 0.2204428 0.2093446 0.2417626 0.2289886 0.2463780 0.2093446 0.2267303 0.2317077 0.2317077 0.2449904 0.2326162 0.2289886 0.2191023 0.2344366 0.1914918 0.2394656 0.2440668 0.2408430 0.2097854 0.2262794 0.2032007 0.2089041 0.2399244 0.2519543 0.2380907 0.2344366 0.1681915 0.2312538 0.1897726 0.1640317 0.1936464 0.1846386 0.1158353 0.0000000 0.0966330 0.1451886 0.1291794 
taxon_48   0.2897372 0.2867999 0.2843608 0.2867999 0.2907189 0.2496258 0.2819297 0.2761270 0.2766088 0.2684592 0.2703688 0.2561638 0.2285364 0.2186560 0.2071446 0.2399244 0.2253785 0.2394656 0.2053892 0.2231310 0.2280845 0.2280845 0.2426835 0.2271814 0.2271814 0.2173187 0.2330709 0.1880574 0.2376329 0.2399244 0.2358048 0.2071446 0.2285364 0.1997123 0.2040753 0.2344366 0.2482322 0.2339811 0.2303469 0.1656928 0.2271814 0.1854918 0.1648618 0.1923529 0.1812353 0.1181729 0.0966330 0.0000000 0.1464031 0.1327518 
taxon_49   0.2804748 0.2766088 0.2770910 0.2766088 0.2804748 0.2385487 0.2679825 0.2637063 0.2656039 0.2580424 0.2603971 0.2505563 0.2244787 0.2133211 0.2027637 0.2339811 0.2204428 0.2385487 0.2032007 0.2164285 0.2235799 0.2249285 0.2380907 0.2231310 0.2164285 0.2049510 0.2249285 0.1808109 0.2344366 0.2358048 0.2335258 0.2036379 0.2182100 0.1971066 0.1966732 0.2289886 0.2403836 0.2308002 0.2317077 0.1615469 0.2244787 0.1808109 0.1603076 0.1816598 0.1778473 0.1347438 0.1451886 0.1464031 0.0000000 0.1201266 
taxon_50   0.2665544 0.2670302 0.2684592 0.2756454 0.2761270 0.2326162 0.2665544 0.2651290 0.2656039 0.2594543 0.2580424 0.2459152 0.2142076 0.2027637 0.1919223 0.2285364 0.2106678 0.2280845 0.1923529 0.2119933 0.2173187 0.2142076 0.2276328 0.2150952 0.2075841 0.1975403 0.2164285 0.1727940 0.2271814 0.2222338 0.2164285 0.1884858 0.2093446 0.1833605 0.1906317 0.2191023 0.2321618 0.2199957 0.2199957 0.1508735 0.2142076 0.1686087 0.1480256 0.1736339 0.1648618 0.1220853 0.1291794 0.1327518 0.1201266 0.0000000 
