30
taxon_1    0.0000000 2.4610464 1.9657791 9.0000000 1.6785349 1.7001502 9.0000000 1.7500176 9.0000000 1.6785349 1.6742856 9.0000000 9.0000000 9.0000000 4.0969648 1.3716006 1.6742856 1.7835695 9.0000000 9.0000000 1.7835695 1.7134249 9.0000000 9.0000000 9.0000000 1.7045491 9.0000000 1.4183083 2.7897383 1.3356821 
taxon_2    2.4610464 0.0000000 1.9533821 1.0973325 2.3385530 1.5249391 0.8776545 2.9809075 1.0590589 1.1172275 2.6529972 1.2637091 1.1355958 1.1012695 0.9930234 0.2363442 3.1728575 2.8898869 1.6492833 1.6016483 3.6927179 2.8687587 1.3144041 1.5751971 1.5284194 9.0000000 1.5425043 2.6529972 1.4617088 2.6687872 
taxon_3    1.9657791 1.9533821 0.0000000 2.2698777 1.5496472 1.3329891 2.7897383 1.5714934 2.7182557 1.4213264 1.6785349 9.0000000 9.0000000 9.0000000 9.0000000 1.1802899 1.7984214 1.6616803 9.0000000 9.0000000 1.6330665 1.7884875 9.0000000 9.0000000 9.0000000 1.7547198 9.0000000 1.8609576 9.0000000 1.8186929 
taxon_4    9.0000000 1.0973325 2.2698777 0.0000000 1.6616803 1.0388122 1.2810652 9.0000000 1.3975148 1.7690059 9.0000000 1.5678079 1.5939951 1.5249391 1.3975148 1.5077759 9.0000000 9.0000000 1.8290379 1.8084887 9.0000000 9.0000000 1.6411311 1.7407007 1.5714934 9.0000000 1.7594516 9.0000000 1.6914292 9.0000000 
taxon_5    1.6785349 2.3385530 1.5496472 1.6616803 0.0000000 0.5162328 3.2730061 1.5714934 3.6927179 1.4428002 1.6016483 3.3480687 5.5562928 9.0000000 3.3095987 1.2491455 1.6250877 1.6492833 9.0000000 9.0000000 1.6575251 1.6828084 9.0000000 9.0000000 9.0000000 1.7594516 9.0000000 1.6411311 9.0000000 1.7045491 
taxon_6    1.7001502 1.5249391 1.3329891 1.0388122 0.5162328 0.0000000 2.1025202 1.5751971 2.4982439 1.1824861 1.5214749 2.7354978 2.6375327 3.0845203 2.3593876 0.9354924 1.7934380 1.7360853 9.0000000 9.0000000 1.5678079 1.7453446 9.0000000 9.0000000 9.0000000 1.7547198 9.0000000 1.6492833 9.0000000 1.6330665 
taxon_7    9.0000000 0.8776545 2.7897383 1.2810652 3.2730061 2.1025202 0.0000000 1.5568588 0.6571472 0.5457569 3.6927179 1.3383848 1.3014055 1.2348594 1.1781001 1.0973325 9.0000000 9.0000000 1.7642136 1.6093803 9.0000000 9.0000000 1.5678079 1.9115386 1.7360853 9.0000000 1.8290379 4.0969648 1.5604908 3.7579765 
taxon_8    1.7500176 2.9809075 1.5714934 9.0000000 1.5714934 1.5751971 1.5568588 0.0000000 0.8574220 0.8791207 1.7224071 9.0000000 9.0000000 3.7579765 3.0309261 1.4366018 1.7089739 1.7786835 9.0000000 9.0000000 1.7984214 1.8942965 9.0000000 9.0000000 9.0000000 1.7934380 9.0000000 1.7500176 9.0000000 1.7407007 
taxon_9    9.0000000 1.0590589 2.7182557 1.3975148 3.6927179 2.4982439 0.6571472 0.8574220 0.0000000 0.5933457 3.0845203 1.4273993 1.2886283 1.3465518 1.3091776 1.4521949 3.6326848 9.0000000 1.9115386 1.7045491 9.0000000 9.0000000 1.6370879 1.7690059 1.8135735 9.0000000 1.7314981 9.0000000 1.6658586 9.0000000 
taxon_10   1.6785349 1.1172275 1.4213264 1.7690059 1.4428002 1.1824861 0.5457569 0.8791207 0.5933457 0.0000000 1.4713449 2.2793118 1.8999999 1.8609576 1.6957771 0.7032983 1.5864193 1.6211299 9.0000000 9.0000000 1.5751971 1.7690059 4.5166771 9.0000000 9.0000000 1.7835695 9.0000000 1.6492833 9.0000000 1.6055043 
taxon_11   1.6742856 2.6529972 1.6785349 9.0000000 1.6016483 1.5214749 3.6927179 1.7224071 3.0845203 1.4713449 0.0000000 0.5893457 0.7173612 2.4610464 2.3593876 1.4033972 1.6616803 1.7835695 9.0000000 9.0000000 1.8886361 1.7360853 9.0000000 9.0000000 9.0000000 1.8501661 9.0000000 1.8084887 9.0000000 1.8501661 
taxon_12   9.0000000 1.2637091 9.0000000 1.5678079 3.3480687 2.7354978 1.3383848 9.0000000 1.4273993 2.2793118 0.5893457 0.0000000 0.2058274 1.1629481 1.0369984 1.9291865 9.0000000 9.0000000 1.6171928 1.6533929 9.0000000 9.0000000 1.7786835 1.6533929 1.7594516 9.0000000 1.8555425 9.0000000 1.9173752 9.0000000 
taxon_13   9.0000000 1.1355958 9.0000000 1.5939951 5.5562928 2.6375327 1.3014055 9.0000000 1.2886283 1.8999999 0.7173612 0.2058274 0.0000000 1.1032458 0.9323345 1.6016483 9.0000000 9.0000000 1.7001502 1.6492833 9.0000000 9.0000000 1.7594516 1.7089739 1.7690059 9.0000000 1.7690059 9.0000000 1.7934380 9.0000000 
taxon_14   9.0000000 1.1012695 9.0000000 1.5249391 9.0000000 3.0845203 1.2348594 3.7579765 1.3465518 1.8609576 2.4610464 1.1629481 1.1032458 0.0000000 0.5382662 1.5010191 9.0000000 9.0000000 1.7179026 1.9291865 9.0000000 9.0000000 1.7547198 1.9472596 1.7835695 9.0000000 1.7642136 9.0000000 1.9115386 9.0000000 
taxon_15   4.0969648 0.9930234 9.0000000 1.3975148 3.3095987 2.3593876 1.1781001 3.0309261 1.3091776 1.6957771 2.3593876 1.0369984 0.9323345 0.5382662 0.0000000 1.3223128 9.0000000 9.0000000 1.6250877 1.6914292 9.0000000 9.0000000 1.6616803 1.8555425 1.8034382 9.0000000 1.8395276 9.0000000 1.7835695 9.0000000 
taxon_16   1.3716006 0.2363442 1.1802899 1.5077759 1.2491455 0.9354924 1.0973325 1.4366018 1.4521949 0.7032983 1.4033972 1.9291865 1.6016483 1.5010191 1.3223128 0.0000000 1.5145941 1.4213264 9.0000000 9.0000000 1.5214749 1.4585241 2.1815405 4.7324387 3.5253600 1.7407007 3.6326848 1.4521949 3.0845203 1.4273993 
taxon_17   1.6742856 3.1728575 1.7984214 9.0000000 1.6250877 1.7934380 9.0000000 1.7089739 3.6326848 1.5864193 1.6616803 9.0000000 9.0000000 9.0000000 9.0000000 1.5145941 0.0000000 1.4093261 4.2125783 3.5253600 1.3438196 1.5180266 3.9968167 9.0000000 9.0000000 1.8555425 9.0000000 1.7314981 9.0000000 1.7594516 
taxon_18   1.7835695 2.8898869 1.6616803 9.0000000 1.6492833 1.7360853 9.0000000 1.7786835 9.0000000 1.6211299 1.7835695 9.0000000 9.0000000 9.0000000 9.0000000 1.4213264 1.4093261 0.0000000 2.4982439 2.6529972 1.1650940 1.5864193 9.0000000 9.0000000 9.0000000 1.7453446 9.0000000 1.8609576 9.0000000 1.9657791 
taxon_19   9.0000000 1.6492833 9.0000000 1.8290379 9.0000000 9.0000000 1.7642136 9.0000000 1.9115386 9.0000000 9.0000000 1.6171928 1.7001502 1.7179026 1.6250877 9.0000000 4.2125783 2.4982439 0.0000000 1.5077759 2.8687587 9.0000000 1.7884875 1.8774418 1.6700603 9.0000000 1.8034382 9.0000000 1.7179026 9.0000000 
taxon_20   9.0000000 1.6016483 9.0000000 1.8084887 9.0000000 9.0000000 1.6093803 9.0000000 1.7045491 9.0000000 9.0000000 1.6533929 1.6492833 1.9291865 1.6914292 9.0000000 3.5253600 2.6529972 1.5077759 0.0000000 0.7280842 9.0000000 1.5714934 1.8290379 1.6957771 9.0000000 1.8238476 9.0000000 1.7045491 9.0000000 
taxon_21   1.7835695 3.6927179 1.6330665 9.0000000 1.6575251 1.5678079 9.0000000 1.7984214 9.0000000 1.5751971 1.8886361 9.0000000 9.0000000 9.0000000 9.0000000 1.5214749 1.3438196 1.1650940 2.8687587 0.7280842 0.0000000 1.6451961 3.5771044 9.0000000 9.0000000 1.7738291 9.0000000 1.8034382 9.0000000 1.7884875 
taxon_22   1.7134249 2.8687587 1.7884875 9.0000000 1.6828084 1.7453446 9.0000000 1.8942965 9.0000000 1.7690059 1.7360853 9.0000000 9.0000000 9.0000000 9.0000000 1.4585241 1.5180266 1.5864193 9.0000000 9.0000000 1.6451961 0.0000000 0.7841268 9.0000000 9.0000000 1.6742856 9.0000000 1.7269388 9.0000000 1.7642136 
taxon_23   9.0000000 1.3144041 9.0000000 1.6411311 9.0000000 9.0000000 1.5678079 9.0000000 1.6370879 4.5166771 9.0000000 1.7786835 1.7594516 1.7547198 1.6616803 2.1815405 3.9968167 9.0000000 1.7884875 1.5714934 3.5771044 0.7841268 0.0000000 1.4396946 1.5319159 4.0969648 1.6492833 9.0000000 1.7224071 9.0000000 
taxon_24   9.0000000 1.5751971 9.0000000 1.7407007 9.0000000 9.0000000 1.9115386 9.0000000 1.7690059 9.0000000 9.0000000 1.6533929 1.7089739 1.9472596 1.8555425 4.7324387 9.0000000 9.0000000 1.8774418 1.8290379 9.0000000 9.0000000 1.4396946 0.0000000 1.7934380 4.2125783 1.8395276 9.0000000 1.7453446 9.0000000 
taxon_25   9.0000000 1.5284194 9.0000000 1.5714934 9.0000000 9.0000000 1.7360853 9.0000000 1.8135735 9.0000000 9.0000000 1.7594516 1.7690059 1.7835695 1.8034382 3.5253600 9.0000000 9.0000000 1.6700603 1.6957771 9.0000000 9.0000000 1.5319159 1.7934380 0.0000000 2.8282083 1.7407007 9.0000000 1.8084887 9.0000000 
taxon_26   1.7045491 9.0000000 1.7547198 9.0000000 1.7594516 1.7547198 9.0000000 1.7934380 9.0000000 1.7835695 1.8501661 9.0000000 9.0000000 9.0000000 9.0000000 1.7407007 1.8555425 1.7453446 9.0000000 9.0000000 1.7738291 1.6742856 4.0969648 4.2125783 2.8282083 0.0000000 9.0000000 1.9173752 9.0000000 1.9533821 
taxon_27   9.0000000 1.5425043 9.0000000 1.7594516 9.0000000 9.0000000 1.8290379 9.0000000 1.7314981 9.0000000 9.0000000 1.8555425 1.7690059 1.7642136 1.8395276 3.6326848 9.0000000 9.0000000 1.8034382 1.8238476 9.0000000 9.0000000 1.6492833 1.8395276 1.7407007 9.0000000 0.0000000 0.6409479 0.7173612 0.7649769 
taxon_28   1.4183083 2.6529972 1.8609576 9.0000000 1.6411311 1.6492833 4.0969648 1.7500176 9.0000000 1.6492833 1.8084887 9.0000000 9.0000000 9.0000000 9.0000000 1.4521949 1.7314981 1.8609576 9.0000000 9.0000000 1.8034382 1.7269388 9.0000000 9.0000000 9.0000000 1.9173752 0.6409479 0.0000000 0.5308496 0.1799628 
taxon_29   2.7897383 1.4617088 9.0000000 1.6914292 9.0000000 9.0000000 1.5604908 9.0000000 1.6658586 9.0000000 9.0000000 1.9173752 1.7934380 1.9115386 1.7835695 3.0845203 9.0000000 9.0000000 1.7179026 1.7045491 9.0000000 9.0000000 1.7224071 1.7453446 1.8084887 9.0000000 0.7173612 0.5308496 0.0000000 0.3354254 
taxon_30   1.3356821 2.6687872 1.8186929 9.0000000 1.7045491 1.6330665 3.7579765 1.7407007 9.0000000 1.6055043 1.8501661 9.0000000 9.0000000 9.0000000 9.0000000 1.4273993 1.7594516 1.9657791 9.0000000 9.0000000 1.7884875 1.7642136 9.0000000 9.0000000 9.0000000 1.9533821 0.7649769 0.1799628 0.3354254 0.0000000 
