30
taxon_1    0.0000000 1.0592409 1.8792054 1.9350163 1.7429624 2.0383907 2.0165444 2.8925047 2.2029825 1.7786835 2.1244224 1.6762510 4.5638625 2.8262852 2.5047842 2.6238454 2.4264522 2.4264522 2.1497057 9.0000000 4.0995794 2.4141569 9.0000000 2.8054506 3.4978233 9.0000000 9.0000000 4.3753767 9.0000000 3.4009145 
taxon_2    1.0592409 0.0000000 1.6762510 1.7232892 1.4702416 1.8673475 1.8328586 2.6738637 2.0165444 1.6717056 1.8052820 1.5544762 3.2756239 2.8054506 2.2504667 2.7654401 2.8925047 3.1044299 2.8477153 9.0000000 9.0000000 3.5514175 9.0000000 2.9401397 3.1044299 3.8983851 9.0000000 2.9159441 9.0000000 2.5922618 
taxon_3    1.8792054 1.6762510 0.0000000 0.1192397 1.3945196 2.7462085 2.4141569 2.3901548 3.4978233 1.9679163 1.8732530 2.1583264 9.0000000 2.7091642 2.1497057 3.0455762 3.6716745 4.5638625 9.0000000 2.6401503 4.8162140 3.1682982 2.6078873 4.5638625 2.9159441 4.8162140 2.9159441 9.0000000 5.1992826 9.0000000 
taxon_4    1.9350163 1.7232892 0.1192397 0.0000000 1.4232464 2.8925047 2.5328248 2.6078873 9.0000000 1.9953166 1.9096974 2.2311108 9.0000000 2.9910067 2.3224397 3.0744259 3.3151067 6.0226461 9.0000000 2.5619547 2.7462085 4.5638625 2.6078873 9.0000000 3.4478046 3.6716745 2.7851791 9.0000000 4.0995794 9.0000000 
taxon_5    1.7429624 1.4702416 1.3945196 1.4232464 0.0000000 2.2216170 2.0999637 2.1411828 2.9910067 1.6717056 1.5622685 1.7429624 4.2248735 2.5472483 1.8732530 9.0000000 9.0000000 3.9922575 9.0000000 2.7274577 2.9159441 2.4645960 2.5769552 9.0000000 9.0000000 2.2216170 2.7462085 2.9910067 2.5769552 2.8262852 
taxon_6    2.0383907 1.8673475 2.7462085 2.8925047 2.2216170 0.0000000 0.4538299 2.2703354 1.9612198 1.4531176 1.4531176 1.2922212 2.1080283 3.2756239 2.0840901 2.7274577 2.7462085 2.7654401 2.4264522 9.0000000 3.6091383 9.0000000 9.0000000 2.9910067 2.7654401 9.0000000 4.8162140 3.2756239 9.0000000 3.2381155 
taxon_7    2.0165444 1.8328586 2.4141569 2.5328248 2.0999637 0.4538299 0.0000000 2.1670475 1.9953166 1.3372629 1.3608405 1.1807179 2.4389525 2.6078873 1.9545826 2.1847998 2.5328248 2.6401503 2.4141569 9.0000000 3.2023948 3.1356844 9.0000000 2.9401397 2.9401397 9.0000000 9.0000000 3.4478046 9.0000000 3.2381155 
taxon_8    2.8925047 2.6738637 2.3901548 2.6078873 2.1411828 2.2703354 2.1670475 0.0000000 0.2986310 0.8864954 1.0433882 1.1110571 9.0000000 2.4020598 2.1670475 3.1682982 4.8162140 9.0000000 3.4478046 2.6238454 9.0000000 2.7091642 3.0744259 4.8162140 9.0000000 2.2504667 2.2703354 3.6091383 2.8054506 3.0455762 
taxon_9    2.2029825 2.0165444 3.4978233 9.0000000 2.9910067 1.9612198 1.9953166 0.2986310 0.0000000 0.9705699 1.2168985 1.0278638 2.8925047 9.0000000 2.4020598 2.4141569 2.6738637 2.9651421 2.4777542 3.3567841 9.0000000 9.0000000 9.0000000 2.4516647 2.3668971 2.9401397 2.8925047 2.4389525 3.5514175 2.2703354 
taxon_10   1.7786835 1.6717056 1.9679163 1.9953166 1.6717056 1.4531176 1.3372629 0.8864954 0.9705699 0.0000000 0.4556188 0.4529370 3.8149659 2.4777542 1.6234435 9.0000000 9.0000000 9.0000000 3.6716745 2.7462085 2.9651421 2.5472483 2.1938360 3.9922575 3.3567841 2.2216170 2.4911475 9.0000000 2.9910067 3.3567841 
taxon_11   2.1244224 1.8052820 1.8732530 1.9096974 1.5622685 1.4531176 1.3608405 1.0433882 1.2168985 0.4556188 0.0000000 0.3427614 3.3567841 2.5472483 1.6277049 9.0000000 9.0000000 9.0000000 3.6091383 2.6401503 2.8054506 2.4389525 2.3555333 4.5638625 3.8149659 2.4020598 2.5328248 3.4978233 2.8054506 3.3567841 
taxon_12   1.6762510 1.5544762 2.1583264 2.2311108 1.7429624 1.2922212 1.1807179 1.1110571 1.0278638 0.4529370 0.3427614 0.0000000 2.7274577 3.5514175 1.8107168 3.9922575 3.5514175 3.0455762 2.5472483 9.0000000 9.0000000 4.0995794 3.1356844 2.6568176 2.4389525 3.3151067 4.5638625 2.7274577 9.0000000 2.6738637 
taxon_13   4.5638625 3.2756239 9.0000000 9.0000000 4.2248735 2.1080283 2.4389525 9.0000000 2.8925047 3.8149659 3.3567841 2.7274577 0.0000000 1.9159475 3.4978233 3.3151067 3.2381155 2.6238454 3.2756239 9.0000000 9.0000000 3.8149659 2.6401503 2.2407263 2.1244224 9.0000000 9.0000000 2.6238454 3.4978233 2.5186735 
taxon_14   2.8262852 2.8054506 2.7091642 2.9910067 2.5472483 3.2756239 2.6078873 2.4020598 9.0000000 2.4777542 2.5472483 3.5514175 1.9159475 0.0000000 1.6234435 9.0000000 9.0000000 9.0000000 9.0000000 2.8054506 3.8983851 3.5514175 2.5472483 4.0995794 9.0000000 2.6238454 2.9401397 3.7399033 2.2407263 4.5638625 
taxon_15   2.5047842 2.2504667 2.1497057 2.3224397 1.8732530 2.0840901 1.9545826 2.1670475 2.4020598 1.6234435 1.6277049 1.8107168 3.4978233 1.6234435 0.0000000 9.0000000 9.0000000 9.0000000 9.0000000 2.6078873 2.4777542 2.7462085 2.2907448 4.5638625 3.2756239 2.2603353 2.9651421 3.4478046 2.9910067 9.0000000 
taxon_16   2.6238454 2.7654401 3.0455762 3.0744259 9.0000000 2.7274577 2.1847998 3.1682982 2.4141569 9.0000000 9.0000000 3.9922575 3.3151067 9.0000000 9.0000000 0.0000000 0.4867019 1.7839282 1.4463760 1.5315738 2.0533165 2.1847998 3.6716745 2.9651421 3.6091383 4.3753767 9.0000000 2.7462085 3.3151067 2.4264522 
taxon_17   2.4264522 2.8925047 3.6716745 3.3151067 9.0000000 2.7462085 2.5328248 4.8162140 2.6738637 9.0000000 9.0000000 3.5514175 3.2381155 9.0000000 9.0000000 0.4867019 0.0000000 1.5661952 1.2046433 1.2070784 1.8441796 1.8732530 3.6091383 4.2248735 6.0226461 9.0000000 9.0000000 2.5472483 9.0000000 2.5922618 
taxon_18   2.4264522 3.1044299 4.5638625 6.0226461 3.9922575 2.7654401 2.6401503 9.0000000 2.9651421 9.0000000 9.0000000 3.0455762 2.6238454 9.0000000 9.0000000 1.7839282 1.5661952 0.0000000 0.5191290 1.1575321 2.2907448 2.3784358 2.8477153 3.2023948 2.4911475 9.0000000 9.0000000 2.4911475 9.0000000 2.9401397 
taxon_19   2.1497057 2.8477153 9.0000000 9.0000000 9.0000000 2.4264522 2.4141569 3.4478046 2.4777542 3.6716745 3.6091383 2.5472483 3.2756239 9.0000000 9.0000000 1.4463760 1.2046433 0.5191290 0.0000000 0.9140363 2.0310377 2.1497057 3.4478046 2.6401503 2.5186735 4.2248735 3.8149659 2.4777542 9.0000000 2.7091642 
taxon_20   9.0000000 9.0000000 2.6401503 2.5619547 2.7274577 9.0000000 9.0000000 2.6238454 3.3567841 2.7462085 2.6401503 9.0000000 9.0000000 2.8054506 2.6078873 1.5315738 1.2070784 1.1575321 0.9140363 0.0000000 1.8852055 1.7786835 3.0455762 9.0000000 9.0000000 2.6738637 2.9910067 9.0000000 2.6568176 9.0000000 
taxon_21   4.0995794 9.0000000 4.8162140 2.7462085 2.9159441 3.6091383 3.2023948 9.0000000 9.0000000 2.9651421 2.8054506 9.0000000 9.0000000 3.8983851 2.4777542 2.0533165 1.8441796 2.2907448 2.0310377 1.8852055 0.0000000 1.6449966 2.8477153 9.0000000 9.0000000 2.6078873 3.0177952 9.0000000 2.7274577 9.0000000 
taxon_22   2.4141569 3.5514175 3.1682982 4.5638625 2.4645960 9.0000000 3.1356844 2.7091642 9.0000000 2.5472483 2.4389525 4.0995794 3.8149659 3.5514175 2.7462085 2.1847998 1.8732530 2.3784358 2.1497057 1.7786835 1.6449966 0.0000000 2.7274577 9.0000000 9.0000000 2.6913063 3.1044299 4.3753767 3.7399033 9.0000000 
taxon_23   9.0000000 9.0000000 2.6078873 2.6078873 2.5769552 9.0000000 9.0000000 3.0744259 9.0000000 2.1938360 2.3555333 3.1356844 2.6401503 2.5472483 2.2907448 3.6716745 3.6091383 2.8477153 3.4478046 3.0455762 2.8477153 2.7274577 0.0000000 1.3460178 1.1529797 1.7379955 2.3555333 2.0533165 2.0762775 1.8272616 
taxon_24   2.8054506 2.9401397 4.5638625 9.0000000 9.0000000 2.9910067 2.9401397 4.8162140 2.4516647 3.9922575 4.5638625 2.6568176 2.2407263 4.0995794 4.5638625 2.9651421 4.2248735 3.2023948 2.6401503 9.0000000 9.0000000 9.0000000 1.3460178 0.0000000 0.8037462 2.1497057 2.1327558 1.6192062 2.4516647 1.5901972 
taxon_25   3.4978233 3.1044299 2.9159441 3.4478046 9.0000000 2.7654401 2.9401397 9.0000000 2.3668971 3.3567841 3.8149659 2.4389525 2.1244224 9.0000000 3.2756239 3.6091383 6.0226461 2.4911475 2.5186735 9.0000000 9.0000000 9.0000000 1.1529797 0.8037462 0.0000000 1.9679163 2.2504667 1.3945196 2.3901548 1.3548762 
taxon_26   9.0000000 3.8983851 4.8162140 3.6716745 2.2216170 9.0000000 9.0000000 2.2504667 2.9401397 2.2216170 2.4020598 3.3151067 9.0000000 2.6238454 2.2603353 4.3753767 9.0000000 9.0000000 4.2248735 2.6738637 2.6078873 2.6913063 1.7379955 2.1497057 1.9679163 0.0000000 1.5391305 1.0414300 1.4167669 0.9759271 
taxon_27   9.0000000 9.0000000 2.9159441 2.7851791 2.7462085 4.8162140 9.0000000 2.2703354 2.8925047 2.4911475 2.5328248 4.5638625 9.0000000 2.9401397 2.9651421 9.0000000 9.0000000 9.0000000 3.8149659 2.9910067 3.0177952 3.1044299 2.3555333 2.1327558 2.2504667 1.5391305 0.0000000 0.7882382 1.3401699 0.8630071 
taxon_28   4.3753767 2.9159441 9.0000000 9.0000000 2.9910067 3.2756239 3.4478046 3.6091383 2.4389525 9.0000000 3.4978233 2.7274577 2.6238454 3.7399033 3.4478046 2.7462085 2.5472483 2.4911475 2.4777542 9.0000000 9.0000000 4.3753767 2.0533165 1.6192062 1.3945196 1.0414300 0.7882382 0.0000000 0.7331058 0.1365948 
taxon_29   9.0000000 9.0000000 5.1992826 4.0995794 2.5769552 9.0000000 9.0000000 2.8054506 3.5514175 2.9910067 2.8054506 9.0000000 3.4978233 2.2407263 2.9910067 3.3151067 9.0000000 9.0000000 9.0000000 2.6568176 2.7274577 3.7399033 2.0762775 2.4516647 2.3901548 1.4167669 1.3401699 0.7331058 0.0000000 0.6451288 
taxon_30   3.4009145 2.5922618 9.0000000 9.0000000 2.8262852 3.2381155 3.2381155 3.0455762 2.2703354 3.3567841 3.3567841 2.6738637 2.5186735 4.5638625 9.0000000 2.4264522 2.5922618 2.9401397 2.7091642 9.0000000 9.0000000 9.0000000 1.8272616 1.5901972 1.3548762 0.9759271 0.8630071 0.1365948 0.6451288 0.0000000 
