30
taxon_1    0.0000000 0.5511710 0.7653131 4.2294313 9.0000000 9.0000000 9.0000000 0.8003352 9.0000000 9.0000000 0.8022757 0.8100883 9.0000000 9.0000000 0.8320022 0.7878429 9.0000000 0.7746184 0.7802575 9.0000000 0.7868906 9.0000000 0.8150128 9.0000000 9.0000000 9.0000000 0.7887965 0.8219619 0.8013048 9.0000000 
taxon_2    0.5511710 0.0000000 0.7100625 2.0935739 9.0000000 9.0000000 9.0000000 0.8179831 9.0000000 9.0000000 0.7736827 0.8289760 9.0000000 9.0000000 0.7736827 0.7793147 9.0000000 0.8071490 0.8189758 9.0000000 0.8401323 9.0000000 0.8130391 9.0000000 9.0000000 9.0000000 0.8140253 0.7812015 0.8051959 9.0000000 
taxon_3    0.7653131 0.7100625 0.0000000 1.2624030 9.0000000 9.0000000 9.0000000 0.8249599 9.0000000 9.0000000 0.8140253 0.8269652 9.0000000 9.0000000 0.8219619 0.7793147 9.0000000 0.8340265 0.8289760 9.0000000 0.8003352 9.0000000 0.8051959 9.0000000 9.0000000 9.0000000 0.8650654 0.8110706 0.8071490 9.0000000 
taxon_4    4.2294313 2.0935739 1.2624030 0.0000000 0.7955058 0.7783731 0.8120542 9.0000000 0.7274445 0.8120542 9.0000000 9.0000000 0.7974339 0.7812015 9.0000000 9.0000000 0.7993668 9.0000000 9.0000000 0.8071490 9.0000000 0.7783731 9.0000000 0.8269652 0.7859394 0.8140253 9.0000000 9.0000000 9.0000000 0.8229599 
taxon_5    9.0000000 9.0000000 9.0000000 0.7955058 0.0000000 0.8110706 0.8411548 9.0000000 0.7479448 0.8493854 9.0000000 9.0000000 0.8340265 0.7926231 9.0000000 9.0000000 0.8140253 9.0000000 9.0000000 0.7945437 9.0000000 0.8003352 9.0000000 0.8299833 0.7983997 0.8259619 9.0000000 9.0000000 9.0000000 0.7993668 
taxon_6    9.0000000 9.0000000 9.0000000 0.7783731 0.8110706 0.0000000 0.7552088 9.0000000 0.5962917 0.8081275 9.0000000 9.0000000 0.7964692 0.8061718 9.0000000 9.0000000 0.7662384 9.0000000 9.0000000 0.8299833 9.0000000 0.7135068 9.0000000 0.7699513 0.8209652 0.8279699 9.0000000 9.0000000 9.0000000 0.8051959 
taxon_7    9.0000000 9.0000000 9.0000000 0.8120542 0.8411548 0.7552088 0.0000000 1.1776629 0.6642403 0.7935828 9.0000000 9.0000000 0.8239592 0.7945437 9.0000000 9.0000000 0.8370732 9.0000000 9.0000000 0.7926231 9.0000000 0.8140253 9.0000000 0.8483516 0.8189758 0.8169917 9.0000000 9.0000000 9.0000000 0.8269652 
taxon_8    0.8003352 0.8179831 0.8249599 9.0000000 9.0000000 9.0000000 1.1776629 0.0000000 9.0000000 9.0000000 0.8091072 0.7916646 9.0000000 9.0000000 0.8081275 0.7945437 9.0000000 0.7993668 0.8042212 9.0000000 0.8032478 9.0000000 0.8239592 9.0000000 9.0000000 9.0000000 0.8120542 0.8189758 0.7964692 9.0000000 
taxon_9    9.0000000 9.0000000 9.0000000 0.7274445 0.7479448 0.5962917 0.6642403 9.0000000 0.0000000 0.8013048 9.0000000 9.0000000 0.8140253 0.7897513 9.0000000 9.0000000 0.7802575 9.0000000 9.0000000 0.7746184 9.0000000 0.7126442 9.0000000 0.8013048 0.7690214 0.8071490 9.0000000 9.0000000 9.0000000 0.7764934 
taxon_10   9.0000000 9.0000000 9.0000000 0.8120542 0.8493854 0.8081275 0.7935828 9.0000000 0.8013048 0.0000000 9.0000000 9.0000000 0.8042212 0.7690214 9.0000000 9.0000000 0.8432040 9.0000000 9.0000000 0.8432040 9.0000000 0.7955058 9.0000000 0.7849894 0.7783731 0.7974339 9.0000000 9.0000000 9.0000000 0.7812015 
taxon_11   0.8022757 0.7736827 0.8140253 9.0000000 9.0000000 9.0000000 9.0000000 0.8091072 9.0000000 9.0000000 0.0000000 0.6450903 9.0000000 9.0000000 0.7524766 0.6626257 9.0000000 0.8051959 0.7916646 9.0000000 0.8249599 9.0000000 0.7935828 9.0000000 9.0000000 9.0000000 0.8330137 0.8091072 0.7868906 9.0000000 
taxon_12   0.8100883 0.8289760 0.8269652 9.0000000 9.0000000 9.0000000 9.0000000 0.7916646 9.0000000 9.0000000 0.6450903 0.0000000 9.0000000 9.0000000 0.7371791 0.7040727 9.0000000 0.7916646 0.7916646 9.0000000 0.8289760 9.0000000 0.8042212 9.0000000 9.0000000 9.0000000 0.8042212 0.8421787 0.8032478 9.0000000 
taxon_13   9.0000000 9.0000000 9.0000000 0.7974339 0.8340265 0.7964692 0.8239592 9.0000000 0.8140253 0.8042212 9.0000000 9.0000000 0.0000000 0.6682922 9.0000000 9.0000000 0.8299833 9.0000000 9.0000000 0.8391112 9.0000000 0.7878429 9.0000000 0.8209652 0.7955058 0.8081275 9.0000000 9.0000000 9.0000000 0.8269652 
taxon_14   9.0000000 9.0000000 9.0000000 0.7812015 0.7926231 0.8061718 0.7945437 9.0000000 0.7897513 0.7690214 9.0000000 9.0000000 0.6682922 0.0000000 9.0000000 9.0000000 0.8299833 9.0000000 9.0000000 0.7916646 9.0000000 0.8013048 9.0000000 0.8239592 0.8120542 0.8169917 9.0000000 9.0000000 9.0000000 0.7974339 
taxon_15   0.8320022 0.7736827 0.8219619 9.0000000 9.0000000 9.0000000 9.0000000 0.8081275 9.0000000 9.0000000 0.7524766 0.7371791 9.0000000 9.0000000 0.0000000 0.4752155 9.0000000 0.7916646 0.7840406 9.0000000 0.7736827 9.0000000 0.8042212 9.0000000 9.0000000 9.0000000 0.7607034 0.7690214 0.8100883 9.0000000 
taxon_16   0.7878429 0.7793147 0.7793147 9.0000000 9.0000000 9.0000000 9.0000000 0.7945437 9.0000000 9.0000000 0.6626257 0.7040727 9.0000000 9.0000000 0.4752155 0.0000000 9.0000000 0.7945437 0.7935828 9.0000000 0.7783731 9.0000000 0.7964692 9.0000000 9.0000000 9.0000000 0.7461398 0.7470418 0.7964692 9.0000000 
taxon_17   9.0000000 9.0000000 9.0000000 0.7993668 0.8140253 0.7662384 0.8370732 9.0000000 0.7802575 0.8432040 9.0000000 9.0000000 0.8299833 0.8299833 9.0000000 9.0000000 0.0000000 9.0000000 9.0000000 0.8473193 9.0000000 0.7309697 9.0000000 0.7926231 0.7774327 0.8091072 9.0000000 9.0000000 9.0000000 0.7802575 
taxon_18   0.7746184 0.8071490 0.8340265 9.0000000 9.0000000 9.0000000 9.0000000 0.7993668 9.0000000 9.0000000 0.8051959 0.7916646 9.0000000 9.0000000 0.7916646 0.7945437 9.0000000 0.0000000 0.0913433 2.2636538 0.5191935 9.0000000 0.7774327 9.0000000 9.0000000 9.0000000 0.7353998 0.7066339 0.7755553 9.0000000 
taxon_19   0.7802575 0.8189758 0.8289760 9.0000000 9.0000000 9.0000000 9.0000000 0.8042212 9.0000000 9.0000000 0.7916646 0.7916646 9.0000000 9.0000000 0.7840406 0.7935828 9.0000000 0.0913433 0.0000000 2.2568665 0.5125622 9.0000000 0.7653131 9.0000000 9.0000000 9.0000000 0.7434403 0.7074896 0.7727481 9.0000000 
taxon_20   9.0000000 9.0000000 9.0000000 0.8071490 0.7945437 0.8299833 0.7926231 9.0000000 0.7746184 0.8432040 9.0000000 9.0000000 0.8391112 0.7916646 9.0000000 9.0000000 0.8473193 2.2636538 2.2568665 0.0000000 1.0928954 0.6618197 9.0000000 0.7389627 0.7336246 0.7524766 9.0000000 9.0000000 9.0000000 0.7169670 
taxon_21   0.7868906 0.8401323 0.8003352 9.0000000 9.0000000 9.0000000 9.0000000 0.8032478 9.0000000 9.0000000 0.8249599 0.8289760 9.0000000 9.0000000 0.7736827 0.7783731 9.0000000 0.5191935 0.5125622 1.0928954 0.0000000 3.1666335 0.7708824 9.0000000 9.0000000 9.0000000 0.7470418 0.7135068 0.7699513 9.0000000 
taxon_22   9.0000000 9.0000000 9.0000000 0.7783731 0.8003352 0.7135068 0.8140253 9.0000000 0.7126442 0.7955058 9.0000000 9.0000000 0.7878429 0.8013048 9.0000000 9.0000000 0.7309697 9.0000000 9.0000000 0.6618197 3.1666335 0.0000000 9.0000000 0.6458786 0.6594068 0.6349180 9.0000000 2.0827823 4.9650549 0.6264172 
taxon_23   0.8150128 0.8130391 0.8051959 9.0000000 9.0000000 9.0000000 9.0000000 0.8239592 9.0000000 9.0000000 0.7935828 0.8042212 9.0000000 9.0000000 0.8042212 0.7964692 9.0000000 0.7774327 0.7653131 9.0000000 0.7708824 9.0000000 0.0000000 1.0689497 9.0000000 9.0000000 0.7552088 0.7032209 0.7398561 9.0000000 
taxon_24   9.0000000 9.0000000 9.0000000 0.8269652 0.8299833 0.7699513 0.8483516 9.0000000 0.8013048 0.7849894 9.0000000 9.0000000 0.8209652 0.8239592 9.0000000 9.0000000 0.7926231 9.0000000 9.0000000 0.7389627 9.0000000 0.6458786 1.0689497 0.0000000 0.7274445 0.7708824 9.0000000 9.0000000 9.0000000 0.7345117 
taxon_25   9.0000000 9.0000000 9.0000000 0.7859394 0.7983997 0.8209652 0.8189758 9.0000000 0.7690214 0.7783731 9.0000000 9.0000000 0.7955058 0.8120542 9.0000000 9.0000000 0.7774327 9.0000000 9.0000000 0.7336246 9.0000000 0.6594068 9.0000000 0.7274445 0.0000000 0.6855532 9.0000000 9.0000000 9.0000000 0.7274445 
taxon_26   9.0000000 9.0000000 9.0000000 0.8140253 0.8259619 0.8279699 0.8169917 9.0000000 0.8071490 0.7974339 9.0000000 9.0000000 0.8081275 0.8169917 9.0000000 9.0000000 0.8091072 9.0000000 9.0000000 0.7524766 9.0000000 0.6349180 9.0000000 0.7708824 0.6855532 0.0000000 1.5819103 3.9905927 9.0000000 0.6998234 
taxon_27   0.7887965 0.8140253 0.8650654 9.0000000 9.0000000 9.0000000 9.0000000 0.8120542 9.0000000 9.0000000 0.8330137 0.8042212 9.0000000 9.0000000 0.7607034 0.7461398 9.0000000 0.7353998 0.7434403 9.0000000 0.7470418 9.0000000 0.7552088 9.0000000 9.0000000 1.5819103 0.0000000 0.6506254 0.7443391 9.0000000 
taxon_28   0.8219619 0.7812015 0.8110706 9.0000000 9.0000000 9.0000000 9.0000000 0.8189758 9.0000000 9.0000000 0.8091072 0.8421787 9.0000000 9.0000000 0.7690214 0.7470418 9.0000000 0.7066339 0.7074896 9.0000000 0.7135068 2.0827823 0.7032209 9.0000000 9.0000000 3.9905927 0.6506254 0.0000000 0.6096992 2.4058695 
taxon_29   0.8013048 0.8051959 0.8071490 9.0000000 9.0000000 9.0000000 9.0000000 0.7964692 9.0000000 9.0000000 0.7868906 0.8032478 9.0000000 9.0000000 0.8100883 0.7964692 9.0000000 0.7755553 0.7727481 9.0000000 0.7699513 4.9650549 0.7398561 9.0000000 9.0000000 9.0000000 0.7443391 0.6096992 0.0000000 3.1013744 
taxon_30   9.0000000 9.0000000 9.0000000 0.8229599 0.7993668 0.8051959 0.8269652 9.0000000 0.7764934 0.7812015 9.0000000 9.0000000 0.8269652 0.7974339 9.0000000 9.0000000 0.7802575 9.0000000 9.0000000 0.7169670 9.0000000 0.6264172 9.0000000 0.7345117 0.7274445 0.6998234 9.0000000 2.4058695 3.1013744 0.0000000 
