30
taxon_1    0.0000000 1.4702418 1.2840690 0.7528092 0.9529841 1.4430280 1.1175226 1.1394861 1.5391308 1.1575321 1.6108033 1.7184504 1.5781006 1.5901976 1.3882826 1.9159474 0.5622559 1.1854423 1.4599206 0.9564684 0.9307222 1.1713574 0.6069183 3.2023950 1.8217060 1.7734751 2.5047842 2.8477153 2.0383906 2.1411827 
taxon_2    1.4702418 0.0000000 2.0023259 1.6319912 1.6671883 2.2603350 1.8852054 2.0840900 9.0000000 2.1327556 2.1411827 2.3117248 2.4777543 2.1161804 2.4389516 2.4516638 1.4667856 1.7945291 2.0762774 1.8217060 1.9480036 2.1327556 1.6947143 9.0000000 2.3555328 2.8054506 3.2381161 3.2381161 3.6716745 2.9910067 
taxon_3    1.2840690 2.0023259 0.0000000 1.3608406 1.6762518 2.5047842 1.9034990 1.5901976 1.8441796 1.5661956 2.3668966 1.8973514 2.0840900 2.9401397 1.7479624 2.1670473 1.0940832 1.8107168 2.4645960 1.5901976 1.2343993 2.0310376 1.1462026 2.4141561 3.6716745 4.3753767 2.3224392 2.6401505 2.5328249 2.5328249 
taxon_4    0.7528092 1.6319912 1.3608406 0.0000000 0.4538299 1.0317149 0.6190688 0.5906604 1.0164277 0.6212992 1.2243489 1.2095214 0.9741371 1.1713574 0.8928852 1.7580636 0.4876359 1.1110571 1.3060085 0.9375019 0.8462381 1.2343993 0.7528092 2.9159441 2.0685454 1.9286060 2.2703351 6.0226461 2.2703351 2.5472484 
taxon_5    0.9529841 1.6671883 1.6762518 0.4538299 0.0000000 1.1973852 0.7370053 0.7189787 1.1878157 0.7799125 1.3638406 1.3759620 1.1529798 1.3548763 1.0961841 1.9414818 0.6890496 1.3144041 1.4772024 1.1529798 1.0652731 1.4807071 0.9705699 3.3567840 2.2122416 2.0383906 2.5769552 9.0000000 2.3784352 2.6913067 
taxon_6    1.4430280 2.2603350 2.5047842 1.0317149 1.1973852 0.0000000 1.1529798 1.2840690 1.5353429 1.2471547 2.0023259 1.9414818 1.8217060 1.9159474 1.6406368 2.5922619 1.2922213 1.8052820 2.0685454 1.8161913 1.9814913 1.9286060 1.6024930 3.4978229 2.1938358 2.8054506 3.8149659 4.0995807 4.0995807 4.2248737 
taxon_7    1.1175226 1.8852054 1.9034990 0.6190688 0.7370053 1.1529798 0.0000000 0.4583102 0.8298358 0.4792715 1.4984805 1.5661956 1.3401700 1.4667856 1.3286090 2.0685454 0.8447321 1.4772024 1.8217060 1.2318741 1.2445862 1.6671883 1.2193738 9.0000000 2.0999636 2.5186735 3.2756239 9.0000000 2.6401505 3.5514167 
taxon_8    1.1394861 2.0840900 1.5901976 0.5906604 0.7189787 1.2840690 0.4583102 0.0000000 0.6745213 0.3185040 1.6808250 1.3820970 1.1830764 1.5901976 1.1372606 1.7998863 0.8239592 1.5661956 1.7330613 1.2760045 1.0473201 1.6808250 1.0240323 2.5328249 3.0177952 2.7462092 2.5047842 2.8925047 2.2029823 2.6078875 
taxon_9    1.5391308 9.0000000 1.8441796 1.0164277 1.1878157 1.5353429 0.8298358 0.6745213 0.0000000 0.6359614 2.1847996 1.8499048 1.4497394 1.9350163 1.4330721 1.9350163 1.2601308 2.0762774 2.2504664 1.7041188 1.3945197 2.3011613 1.3372630 2.4516638 9.0000000 3.4009143 2.5472484 2.6738640 2.8925047 3.0177952 
taxon_10   1.1575321 2.1327556 1.5661956 0.6212992 0.7799125 1.2471547 0.4792715 0.3185040 0.6359614 0.0000000 1.5583626 1.3578525 1.1854423 1.7088656 1.1240444 1.8792054 0.8583964 1.5661956 1.8852054 1.3257464 1.0754359 1.7479624 1.0433883 2.6401505 2.9159441 2.9159441 2.5328249 2.9159441 2.2311105 2.3784352 
taxon_11   1.6108033 2.1411827 2.3668966 1.2243489 1.3638406 2.0023259 1.4984805 1.6808250 2.1847996 1.5583626 0.0000000 0.6003728 1.7945291 1.8614880 1.9350163 2.4645960 1.3790233 1.9746731 2.0840900 1.7734751 1.8792054 2.0919848 1.7631657 3.7399033 2.5472484 2.6401505 3.8983851 3.0455762 3.4009143 3.8149659 
taxon_12   1.7184504 2.3117248 1.8973514 1.2095214 1.3759620 1.9414818 1.5661956 1.3820970 1.8499048 1.3578525 0.6003728 0.0000000 1.7232892 2.1758709 1.5701430 2.0608922 1.4167671 2.2216167 2.7654411 2.0919848 1.5901976 2.1244222 1.3668526 2.5328249 3.1044299 4.3753767 2.6078875 2.4389516 2.4516638 2.5769552 
taxon_13   1.5781006 2.4777543 2.0840900 0.9741371 1.1529798 1.8217060 1.3401700 1.1830764 1.4497394 1.1854423 1.7945291 1.7232892 0.0000000 1.0278638 0.6179560 2.1583263 1.2760045 2.0383906 2.3333090 1.8973514 1.4807071 2.1758709 1.3759620 2.0840900 5.1992826 2.6913067 2.3224392 2.5328249 2.0919848 1.9883721 
taxon_14   1.5901976 2.1161804 2.9401397 1.1713574 1.3548763 1.9159474 1.4667856 1.5901976 1.9350163 1.7088656 1.8614880 2.1758709 1.0278638 0.0000000 0.6416778 2.9159441 1.3430883 1.7429624 2.1161804 1.7281593 1.8328586 1.9286060 1.7330613 4.2248737 2.2907445 2.4020591 2.6568179 3.6091383 2.6738640 2.5186735 
taxon_15   1.3882826 2.4389516 1.7479624 0.8928852 1.0961841 1.6406368 1.3286090 1.1372606 1.4330721 1.1240444 1.9350163 1.5701430 0.6179560 0.6416778 0.0000000 2.0458164 1.1350417 1.6717063 2.1938358 1.6626972 1.3200538 1.8328586 1.1621123 2.1938358 3.2023950 3.1682983 2.2603350 2.9910067 2.1080281 2.0685454 
taxon_16   1.9159474 2.4516638 2.1670473 1.7580636 1.9414818 2.5922619 2.0685454 1.7998863 1.9350163 1.8792054 2.4645960 2.0608922 2.1583263 2.9159441 2.0458164 0.0000000 1.4232466 2.0237560 2.3901542 2.0094015 1.5661956 2.5619547 1.7839282 2.5186735 9.0000000 3.4478045 2.5619547 3.1044299 2.8054506 2.9401397 
taxon_17   0.5622559 1.4667856 1.0940832 0.4876359 0.6890496 1.2922213 0.8447321 0.8239592 1.2601308 0.8583964 1.3790233 1.4167671 1.2760045 1.3430883 1.1350417 1.4232466 0.0000000 0.6626257 0.8614670 0.4839068 0.3686253 1.0795398 0.5338933 3.8149659 1.8912538 1.8328586 2.2703351 2.8477153 2.0533164 2.1847996 
taxon_18   1.1854423 1.7945291 1.8107168 1.1110571 1.3144041 1.8052820 1.4772024 1.5661956 2.0762774 1.5661956 1.9746731 2.2216167 2.0383906 1.7429624 1.6717063 2.0237560 0.6626257 0.0000000 1.4772024 1.1240444 1.0278638 1.6717063 1.2949585 9.0000000 2.1497055 2.1938358 2.8262852 4.0995807 3.0177952 3.5514167 
taxon_19   1.4599206 2.0762774 2.4645960 1.3060085 1.4772024 2.0685454 1.8217060 1.7330613 2.2504664 1.8852054 2.0840900 2.7654411 2.3333090 2.1161804 2.1938358 2.3901542 0.8614670 1.4772024 0.0000000 1.2343993 1.1736866 1.7330613 1.4396946 9.0000000 3.4478045 2.3668966 9.0000000 9.0000000 3.6716745 3.1044299 
taxon_20   0.9564684 1.8217060 1.5901976 0.9375019 1.1529798 1.8161913 1.2318741 1.2760045 1.7041188 1.3257464 1.7734751 2.0919848 1.8973514 1.7281593 1.6626972 2.0094015 0.4839068 1.1240444 1.2343993 0.0000000 0.3871946 1.4071516 1.0164277 3.0744259 2.4389516 2.2603350 4.2248737 2.9651421 3.1356844 3.8983851 
taxon_21   0.9307222 1.9480036 1.2343993 0.8462381 1.0652731 1.9814913 1.2445862 1.0473201 1.3945197 1.0754359 1.8792054 1.5901976 1.4807071 1.8328586 1.3200538 1.5661956 0.3686253 1.0278638 1.1736866 0.3871946 0.0000000 1.4772024 0.7635333 2.5328249 2.7851790 3.0455762 2.4141561 2.2311105 1.9480036 2.0310376 
taxon_22   1.1713574 2.1327556 2.0310376 1.2343993 1.4807071 1.9286060 1.6671883 1.6808250 2.3011613 1.7479624 2.0919848 2.1244222 2.1758709 1.9286060 1.8328586 2.5619547 1.0795398 1.6717063 1.7330613 1.4071516 1.4772024 0.0000000 0.6853910 9.0000000 2.1583263 2.1583263 2.4516638 9.0000000 2.5472484 2.5769552 
taxon_23   0.6069183 1.6947143 1.1462026 0.7528092 0.9705699 1.6024930 1.2193738 1.0240323 1.3372630 1.0433883 1.7631657 1.3668526 1.3759620 1.7330613 1.1621123 1.7839282 0.5338933 1.2949585 1.4396946 1.0164277 0.7635333 0.6853910 0.0000000 2.5619547 1.9480036 1.8161913 1.7529960 2.0458164 1.4008090 1.4667856 
taxon_24   3.2023950 9.0000000 2.4141561 2.9159441 3.3567840 3.4978229 9.0000000 2.5328249 2.4516638 2.6401505 3.7399033 2.5328249 2.0840900 4.2248737 2.1938358 2.5186735 3.8149659 9.0000000 9.0000000 3.0744259 2.5328249 9.0000000 2.5619547 0.0000000 3.4978229 3.9922574 2.6738640 2.3117248 2.4777543 2.2703351 
taxon_25   1.8217060 2.3555328 3.6716745 2.0685454 2.2122416 2.1938358 2.0999636 3.0177952 9.0000000 2.9159441 2.5472484 3.1044299 5.1992826 2.2907445 3.2023950 9.0000000 1.8912538 2.1497055 3.4478045 2.4389516 2.7851790 2.1583263 1.9480036 3.4978229 0.0000000 1.0492938 1.1004035 2.2603350 1.5942737 1.5583626 
taxon_26   1.7734751 2.8054506 4.3753767 1.9286060 2.0383906 2.8054506 2.5186735 2.7462092 3.4009143 2.9159441 2.6401505 4.3753767 2.6913067 2.4020591 3.1682983 3.4478045 1.8328586 2.1938358 2.3668966 2.2603350 3.0455762 2.1583263 1.8161913 3.9922574 1.0492938 0.0000000 0.8707551 2.8054506 1.5506106 1.5622689 
taxon_27   2.5047842 3.2381161 2.3224392 2.2703351 2.5769552 3.8149659 3.2756239 2.5047842 2.5472484 2.5328249 3.8983851 2.6078875 2.3224392 2.6568179 2.2603350 2.5619547 2.2703351 2.8262852 9.0000000 4.2248737 2.4141561 2.4516638 1.7529960 2.6738640 1.1004035 0.8707551 0.0000000 1.8792054 1.4135482 1.3882826 
taxon_28   2.8477153 3.2381161 2.6401505 6.0226461 9.0000000 4.0995807 9.0000000 2.8925047 2.6738640 2.9159441 3.0455762 2.4389516 2.5328249 3.6091383 2.9910067 3.1044299 2.8477153 4.0995807 9.0000000 2.9651421 2.2311105 9.0000000 2.0458164 2.3117248 2.2603350 2.8054506 1.8792054 0.0000000 1.5057094 1.5583626 
taxon_29   2.0383906 3.6716745 2.5328249 2.2703351 2.3784352 4.0995807 2.6401505 2.2029823 2.8925047 2.2311105 3.4009143 2.4516638 2.0919848 2.6738640 2.1080281 2.8054506 2.0533164 3.0177952 3.6716745 3.1356844 1.9480036 2.5472484 1.4008090 2.4777543 1.5942737 1.5506106 1.4135482 1.5057094 0.0000000 0.1943622 
taxon_30   2.1411827 2.9910067 2.5328249 2.5472484 2.6913067 4.2248737 3.5514167 2.6078875 3.0177952 2.3784352 3.8149659 2.5769552 1.9883721 2.5186735 2.0685454 2.9401397 2.1847996 3.5514167 3.1044299 3.8983851 2.0310376 2.5769552 1.4667856 2.2703351 1.5583626 1.5622689 1.3882826 1.5583626 0.1943622 0.0000000 
