50
taxon_1    0.0000000 0.1023422 0.0962539 0.1127296 0.1189537 0.1004343 0.0943614 0.1104088 0.0947395 0.1011969 0.0838507 0.0705499 0.0992919 0.1065567 0.1042550 0.1080952 0.0970122 0.0958750 0.1123423 0.1115683 0.1181729 0.1173928 0.0913433 0.0698178 0.0834780 0.1023422 0.0731177 0.1138927 0.1131171 0.1031067 0.0962539 0.0981512 0.1000533 0.1131171 0.1069411 0.0936057 0.1115683 0.1080952 0.1142808 0.1228702 0.1096368 0.0958750 0.1123423 0.1042550 0.0962539 0.0902146 0.0816174 0.1054050 0.0920966 0.0503174 
taxon_2    0.1023422 0.0000000 0.1335479 0.1520972 0.1570126 0.1355420 0.1303682 0.1443798 0.1272020 0.1464030 0.1307650 0.1173928 0.1484317 0.1549606 0.1525056 0.1557807 0.1431685 0.1447840 0.1586582 0.1574236 0.1677743 0.1665247 0.1363412 0.1150576 0.1307650 0.1500586 0.1201265 0.1623741 0.1574236 0.1715358 0.1690260 0.1694438 0.1694438 0.1859186 0.1829348 0.1677743 0.1893433 0.1863458 0.1914916 0.1971064 0.1850649 0.1652771 0.1867733 0.1786927 0.1711169 0.1652771 0.1545509 0.1770026 0.1665247 0.1303682 
taxon_3    0.0962539 0.1335479 0.0000000 0.0687210 0.0753258 0.0567614 0.0506740 0.0860906 0.0683558 0.1423621 0.1252299 0.1131171 0.1435721 0.1492447 0.1451885 0.1512811 0.1387438 0.1379420 0.1561911 0.1574236 0.1607203 0.1619603 0.1291793 0.1127296 0.1279923 0.1435721 0.1166136 0.1574236 0.1553705 0.1673575 0.1656927 0.1665247 0.1665247 0.1799628 0.1782698 0.1632024 0.1820845 0.1786927 0.1863458 0.1897724 0.1812351 0.1632024 0.1842121 0.1748953 0.1673575 0.1611334 0.1545509 0.1778472 0.1652771 0.1232629 
taxon_4    0.1127296 0.1520972 0.0687210 0.0000000 0.0720161 0.0560426 0.0496048 0.1031067 0.0845966 0.1627882 0.1431685 0.1303682 0.1623741 0.1673575 0.1661086 0.1677743 0.1561911 0.1561911 0.1736337 0.1753163 0.1812351 0.1825095 0.1455931 0.1291793 0.1435721 0.1627882 0.1331497 0.1748953 0.1706983 0.1859186 0.1833603 0.1854916 0.1829348 0.1984081 0.1932148 0.1812351 0.2040751 0.1975400 0.2018904 0.2053889 0.1971064 0.1829348 0.2053889 0.1936462 0.1837861 0.1774248 0.1719549 0.1958069 0.1829348 0.1383428 
taxon_5    0.1189537 0.1570126 0.0753258 0.0720161 0.0000000 0.0574808 0.0517446 0.1069411 0.0887123 0.1681913 0.1468083 0.1339463 0.1644465 0.1706983 0.1681913 0.1715358 0.1594824 0.1615468 0.1761589 0.1786927 0.1833603 0.1825095 0.1492447 0.1339463 0.1492447 0.1661086 0.1379420 0.1782698 0.1736337 0.1919221 0.1897724 0.1880572 0.1927836 0.2040751 0.2032004 0.1880572 0.2040751 0.1992771 0.2067051 0.2097852 0.2005826 0.1846384 0.2062661 0.1936462 0.1867733 0.1799628 0.1723743 0.1953743 0.1820845 0.1488381 
taxon_6    0.1004343 0.1355420 0.0567614 0.0560426 0.0574808 0.0000000 0.0151520 0.0898387 0.0723832 0.1476196 0.1291793 0.1158352 0.1464030 0.1533230 0.1500586 0.1533230 0.1403497 0.1423621 0.1582464 0.1603074 0.1640316 0.1644465 0.1323539 0.1138927 0.1275971 0.1451885 0.1177828 0.1594824 0.1561911 0.1723743 0.1681913 0.1698617 0.1715358 0.1833603 0.1825095 0.1681913 0.1906315 0.1833603 0.1893433 0.1949419 0.1863458 0.1690260 0.1914916 0.1757375 0.1715358 0.1652771 0.1574236 0.1816597 0.1673575 0.1291793 
taxon_7    0.0943614 0.1303682 0.0506740 0.0496048 0.0517446 0.0151520 0.0000000 0.0857168 0.0661682 0.1411540 0.1224776 0.1092511 0.1399479 0.1455931 0.1431685 0.1455931 0.1327517 0.1355420 0.1516890 0.1537321 0.1594824 0.1586582 0.1256239 0.1084803 0.1228702 0.1399479 0.1123423 0.1537321 0.1492447 0.1661086 0.1632024 0.1636169 0.1665247 0.1774248 0.1770026 0.1619603 0.1829348 0.1765807 0.1825095 0.1884856 0.1799628 0.1623741 0.1850649 0.1711169 0.1652771 0.1590702 0.1516890 0.1757375 0.1615468 0.1232629 
taxon_8    0.1104088 0.1443798 0.0860906 0.1031067 0.1069411 0.0898387 0.0857168 0.0000000 0.0727503 0.1557807 0.1395463 0.1252299 0.1566017 0.1623741 0.1615468 0.1652771 0.1520972 0.1520972 0.1656927 0.1723743 0.1740540 0.1736337 0.1399479 0.1209094 0.1371412 0.1549606 0.1256239 0.1702799 0.1690260 0.1833603 0.1816597 0.1765807 0.1799628 0.1927836 0.1910615 0.1774248 0.1979739 0.1902019 0.1936462 0.1984081 0.1906315 0.1732137 0.1984081 0.1859186 0.1803867 0.1732137 0.1640316 0.1863458 0.1753163 0.1371412 
taxon_9    0.0947395 0.1272020 0.0683558 0.0845966 0.0887123 0.0723832 0.0661682 0.0727503 0.0000000 0.1419592 0.1216931 0.1096368 0.1427652 0.1455931 0.1443798 0.1476196 0.1359415 0.1363412 0.1537321 0.1553705 0.1582464 0.1594824 0.1283878 0.1096368 0.1236559 0.1431685 0.1131171 0.1541414 0.1516890 0.1652771 0.1640316 0.1603074 0.1644465 0.1774248 0.1761589 0.1598948 0.1786927 0.1719549 0.1791159 0.1846384 0.1727938 0.1578349 0.1816597 0.1690260 0.1648617 0.1578349 0.1484317 0.1706983 0.1598948 0.1193444 
taxon_10   0.1011969 0.1464030 0.1423621 0.1627882 0.1681913 0.1476196 0.1411540 0.1557807 0.1419592 0.0000000 0.0603654 0.0471161 0.1057887 0.1119552 0.1088656 0.1150576 0.1008155 0.1038720 0.1170031 0.1181729 0.1367411 0.1387438 0.1069411 0.0898387 0.1034893 0.1201265 0.0913433 0.1508734 0.1529142 0.1753163 0.1665247 0.1715358 0.1711169 0.1863458 0.1825095 0.1690260 0.1867733 0.1837861 0.1867733 0.1997121 0.1872010 0.1706983 0.1872010 0.1770026 0.1727938 0.1665247 0.1574236 0.1816597 0.1681913 0.1315590 
taxon_11   0.0838507 0.1307650 0.1252299 0.1431685 0.1468083 0.1291793 0.1224776 0.1395463 0.1216931 0.0603654 0.0000000 0.0219858 0.0894631 0.0947395 0.0936057 0.0985312 0.0857168 0.0864646 0.1038720 0.1038720 0.1185632 0.1201265 0.0924736 0.0709162 0.0831055 0.1034893 0.0734853 0.1323539 0.1347438 0.1582464 0.1512811 0.1529142 0.1553705 0.1673575 0.1665247 0.1488381 0.1698617 0.1648617 0.1681913 0.1812351 0.1656927 0.1508734 0.1723743 0.1611334 0.1516890 0.1468083 0.1379420 0.1611334 0.1480255 0.1135048 
taxon_12   0.0705499 0.1173928 0.1131171 0.1303682 0.1339463 0.1158352 0.1092511 0.1252299 0.1096368 0.0471161 0.0219858 0.0000000 0.0760632 0.0808745 0.0793908 0.0845966 0.0720161 0.0738530 0.0898387 0.0894631 0.1084803 0.1069411 0.0782800 0.0585612 0.0712826 0.0905906 0.0607268 0.1224776 0.1224776 0.1455931 0.1375415 0.1403497 0.1423621 0.1541414 0.1512811 0.1363412 0.1570126 0.1537321 0.1549606 0.1652771 0.1525056 0.1379420 0.1574236 0.1459980 0.1383428 0.1327517 0.1244425 0.1472139 0.1347438 0.1011969 
taxon_13   0.0992919 0.1484317 0.1435721 0.1623741 0.1644465 0.1464030 0.1399479 0.1566017 0.1427652 0.1057887 0.0894631 0.0760632 0.0000000 0.0610883 0.0582009 0.0621740 0.0496048 0.0793908 0.0939834 0.0924736 0.1363412 0.1367411 0.1073256 0.0887123 0.1000533 0.1213011 0.0902146 0.1488381 0.1455931 0.1715358 0.1652771 0.1702799 0.1727938 0.1799628 0.1782698 0.1652771 0.1837861 0.1812351 0.1859186 0.1958069 0.1799628 0.1669410 0.1846384 0.1736337 0.1673575 0.1611334 0.1508734 0.1732137 0.1619603 0.1283878 
taxon_14   0.1065567 0.1549606 0.1492447 0.1673575 0.1706983 0.1533230 0.1455931 0.1623741 0.1455931 0.1119552 0.0947395 0.0808745 0.0610883 0.0000000 0.0372429 0.0632612 0.0506740 0.0868387 0.1015784 0.1019602 0.1443798 0.1411540 0.1138927 0.0954963 0.1080952 0.1287835 0.0973917 0.1545509 0.1533230 0.1803867 0.1736337 0.1774248 0.1774248 0.1876290 0.1859186 0.1698617 0.1906315 0.1880572 0.1927836 0.2010183 0.1889143 0.1744745 0.1902019 0.1803867 0.1727938 0.1661086 0.1566017 0.1795392 0.1690260 0.1359415 
taxon_15   0.1042550 0.1525056 0.1451885 0.1661086 0.1681913 0.1500586 0.1431685 0.1615468 0.1443798 0.1088656 0.0936057 0.0793908 0.0582009 0.0372429 0.0000000 0.0596432 0.0478263 0.0834780 0.0977713 0.1004343 0.1431685 0.1391449 0.1115683 0.0928508 0.1057887 0.1260181 0.0947395 0.1529142 0.1516890 0.1786927 0.1690260 0.1748953 0.1770026 0.1842121 0.1795392 0.1648617 0.1846384 0.1820845 0.1876290 0.1971064 0.1829348 0.1681913 0.1867733 0.1782698 0.1702799 0.1627882 0.1533230 0.1757375 0.1656927 0.1327517 
taxon_16   0.1080952 0.1557807 0.1512811 0.1677743 0.1715358 0.1533230 0.1455931 0.1652771 0.1476196 0.1150576 0.0985312 0.0845966 0.0621740 0.0632612 0.0596432 0.0000000 0.0285360 0.0890876 0.1034893 0.1042550 0.1464030 0.1435721 0.1123423 0.0970122 0.1107951 0.1311619 0.1000533 0.1574236 0.1566017 0.1837861 0.1753163 0.1770026 0.1803867 0.1893433 0.1863458 0.1702799 0.1906315 0.1872010 0.1923527 0.2032004 0.1893433 0.1748953 0.1923527 0.1820845 0.1761589 0.1681913 0.1594824 0.1825095 0.1715358 0.1367411 
taxon_17   0.0970122 0.1431685 0.1387438 0.1561911 0.1594824 0.1403497 0.1327517 0.1520972 0.1359415 0.1008155 0.0857168 0.0720161 0.0496048 0.0506740 0.0478263 0.0285360 0.0000000 0.0760632 0.0902146 0.0917199 0.1323539 0.1307650 0.1034893 0.0845966 0.0973917 0.1166136 0.0868387 0.1455931 0.1447840 0.1706983 0.1619603 0.1656927 0.1673575 0.1774248 0.1748953 0.1578349 0.1786927 0.1748953 0.1791159 0.1897724 0.1770026 0.1611334 0.1799628 0.1694438 0.1623741 0.1549606 0.1459980 0.1686086 0.1578349 0.1248361 
taxon_18   0.0958750 0.1447840 0.1379420 0.1561911 0.1615468 0.1423621 0.1355420 0.1520972 0.1363412 0.1038720 0.0864646 0.0738530 0.0793908 0.0868387 0.0834780 0.0890876 0.0760632 0.0000000 0.0745890 0.0742209 0.1319564 0.1327517 0.1023422 0.0845966 0.0992919 0.1193444 0.0890876 0.1451885 0.1443798 0.1706983 0.1586582 0.1665247 0.1632024 0.1791159 0.1757375 0.1598948 0.1795392 0.1736337 0.1825095 0.1919221 0.1765807 0.1623741 0.1803867 0.1698617 0.1652771 0.1566017 0.1472139 0.1698617 0.1570126 0.1244425 
taxon_19   0.1123423 0.1586582 0.1561911 0.1736337 0.1761589 0.1582464 0.1516890 0.1656927 0.1537321 0.1170031 0.1038720 0.0898387 0.0939834 0.1015784 0.0977713 0.1034893 0.0902146 0.0745890 0.0000000 0.0453435 0.1472139 0.1488381 0.1209094 0.1008155 0.1173928 0.1355420 0.1054050 0.1586582 0.1615468 0.1859186 0.1774248 0.1825095 0.1854916 0.1975400 0.1897724 0.1757375 0.1953743 0.1906315 0.1945097 0.2075838 0.1910615 0.1770026 0.1945097 0.1842121 0.1786927 0.1711169 0.1623741 0.1863458 0.1736337 0.1443798 
taxon_20   0.1115683 0.1574236 0.1574236 0.1753163 0.1786927 0.1603074 0.1537321 0.1723743 0.1553705 0.1181729 0.1038720 0.0894631 0.0924736 0.1019602 0.1004343 0.1042550 0.0917199 0.0742209 0.0453435 0.0000000 0.1496516 0.1468083 0.1193444 0.1008155 0.1154463 0.1347438 0.1054050 0.1619603 0.1615468 0.1863458 0.1761589 0.1825095 0.1850649 0.1979739 0.1906315 0.1774248 0.1945097 0.1936462 0.1971064 0.2084636 0.1932148 0.1778472 0.1962398 0.1837861 0.1799628 0.1711169 0.1623741 0.1876290 0.1744745 0.1443798 
taxon_21   0.1181729 0.1677743 0.1607203 0.1812351 0.1833603 0.1640316 0.1594824 0.1740540 0.1582464 0.1367411 0.1185632 0.1084803 0.1363412 0.1443798 0.1431685 0.1464030 0.1323539 0.1319564 0.1472139 0.1496516 0.0000000 0.0842235 0.1158352 0.0939834 0.1077103 0.1264125 0.0970122 0.1681913 0.1652771 0.1837861 0.1795392 0.1829348 0.1795392 0.1997121 0.1962398 0.1786927 0.2005826 0.1936462 0.2023268 0.2146510 0.1949419 0.1846384 0.1979739 0.1880572 0.1833603 0.1770026 0.1673575 0.1919221 0.1757375 0.1472139 
taxon_22   0.1173928 0.1665247 0.1619603 0.1825095 0.1825095 0.1644465 0.1586582 0.1736337 0.1594824 0.1387438 0.1201265 0.1069411 0.1367411 0.1411540 0.1391449 0.1435721 0.1307650 0.1327517 0.1488381 0.1468083 0.0842235 0.0000000 0.1135048 0.0913433 0.1073256 0.1236559 0.0954963 0.1719549 0.1656927 0.1837861 0.1791159 0.1850649 0.1808108 0.1984081 0.1966730 0.1786927 0.2001472 0.1949419 0.2010183 0.2119930 0.1945097 0.1803867 0.1953743 0.1867733 0.1791159 0.1723743 0.1640316 0.1867733 0.1740540 0.1468083 
taxon_23   0.0913433 0.1363412 0.1291793 0.1455931 0.1492447 0.1323539 0.1256239 0.1399479 0.1283878 0.1069411 0.0924736 0.0782800 0.1073256 0.1138927 0.1115683 0.1123423 0.1034893 0.1023422 0.1209094 0.1193444 0.1158352 0.1135048 0.0000000 0.0636239 0.0786501 0.0981512 0.0672612 0.1435721 0.1399479 0.1656927 0.1570126 0.1640316 0.1632024 0.1748953 0.1694438 0.1561911 0.1765807 0.1698617 0.1799628 0.1854916 0.1732137 0.1586582 0.1753163 0.1665247 0.1611334 0.1525056 0.1455931 0.1702799 0.1549606 0.1205178 
taxon_24   0.0698178 0.1150576 0.1127296 0.1291793 0.1339463 0.1138927 0.1084803 0.1209094 0.1096368 0.0898387 0.0709162 0.0585612 0.0887123 0.0954963 0.0928508 0.0970122 0.0845966 0.0845966 0.1008155 0.1008155 0.0939834 0.0913433 0.0636239 0.0000000 0.0320067 0.0506740 0.0202715 0.1216931 0.1189537 0.1443798 0.1367411 0.1407518 0.1407518 0.1537321 0.1496516 0.1339463 0.1553705 0.1496516 0.1561911 0.1615468 0.1508734 0.1375415 0.1516890 0.1435721 0.1359415 0.1295754 0.1213011 0.1447840 0.1315590 0.1004343 
taxon_25   0.0834780 0.1307650 0.1279923 0.1435721 0.1492447 0.1275971 0.1228702 0.1371412 0.1236559 0.1034893 0.0831055 0.0712826 0.1000533 0.1080952 0.1057887 0.1107951 0.0973917 0.0992919 0.1173928 0.1154463 0.1077103 0.1073256 0.0786501 0.0320067 0.0000000 0.0524593 0.0219858 0.1367411 0.1339463 0.1594824 0.1480255 0.1557807 0.1525056 0.1702799 0.1640316 0.1464030 0.1681913 0.1648617 0.1702799 0.1761589 0.1661086 0.1504659 0.1661086 0.1582464 0.1504659 0.1439759 0.1351428 0.1586582 0.1455931 0.1138927 
taxon_26   0.1023422 0.1500586 0.1435721 0.1627882 0.1661086 0.1451885 0.1399479 0.1549606 0.1431685 0.1201265 0.1034893 0.0905906 0.1213011 0.1287835 0.1260181 0.1311619 0.1166136 0.1193444 0.1355420 0.1347438 0.1264125 0.1236559 0.0981512 0.0506740 0.0524593 0.0000000 0.0320067 0.1553705 0.1537321 0.1799628 0.1706983 0.1727938 0.1711169 0.1850649 0.1778472 0.1648617 0.1863458 0.1829348 0.1902019 0.1932148 0.1854916 0.1681913 0.1825095 0.1744745 0.1644465 0.1594824 0.1525056 0.1761589 0.1627882 0.1347438 
taxon_27   0.0731177 0.1201265 0.1166136 0.1331497 0.1379420 0.1177828 0.1123423 0.1256239 0.1131171 0.0913433 0.0734853 0.0607268 0.0902146 0.0973917 0.0947395 0.1000533 0.0868387 0.0890876 0.1054050 0.1054050 0.0970122 0.0954963 0.0672612 0.0202715 0.0219858 0.0320067 0.0000000 0.1256239 0.1236559 0.1476196 0.1407518 0.1427652 0.1411540 0.1574236 0.1512811 0.1363412 0.1578349 0.1537321 0.1590702 0.1652771 0.1545509 0.1399479 0.1545509 0.1464030 0.1391449 0.1323539 0.1240491 0.1476196 0.1343449 0.1027243 
taxon_28   0.1138927 0.1623741 0.1574236 0.1748953 0.1782698 0.1594824 0.1537321 0.1702799 0.1541414 0.1508734 0.1323539 0.1224776 0.1488381 0.1545509 0.1529142 0.1574236 0.1455931 0.1451885 0.1586582 0.1619603 0.1681913 0.1719549 0.1435721 0.1216931 0.1367411 0.1553705 0.1256239 0.0000000 0.1586582 0.1846384 0.1808108 0.1846384 0.1850649 0.1940778 0.1923527 0.1778472 0.1927836 0.1927836 0.1971064 0.2071443 0.1936462 0.1820845 0.2005826 0.1902019 0.1820845 0.1744745 0.1665247 0.1919221 0.1782698 0.1403497 
taxon_29   0.1131171 0.1574236 0.1553705 0.1706983 0.1736337 0.1561911 0.1492447 0.1690260 0.1516890 0.1529142 0.1347438 0.1224776 0.1455931 0.1533230 0.1516890 0.1566017 0.1447840 0.1443798 0.1615468 0.1615468 0.1652771 0.1656927 0.1399479 0.1189537 0.1339463 0.1537321 0.1236559 0.1586582 0.0000000 0.1884856 0.1803867 0.1825095 0.1859186 0.1927836 0.1884856 0.1744745 0.1979739 0.1897724 0.2014542 0.2089038 0.1927836 0.1803867 0.1945097 0.1880572 0.1812351 0.1757375 0.1644465 0.1906315 0.1774248 0.1427652 
taxon_30   0.1031067 0.1715358 0.1673575 0.1859186 0.1919221 0.1723743 0.1661086 0.1833603 0.1652771 0.1753163 0.1582464 0.1455931 0.1715358 0.1803867 0.1786927 0.1837861 0.1706983 0.1706983 0.1859186 0.1863458 0.1837861 0.1837861 0.1656927 0.1443798 0.1594824 0.1799628 0.1476196 0.1846384 0.1884856 0.0000000 0.1295754 0.1492447 0.1537321 0.1661086 0.1607203 0.1472139 0.1640316 0.1615468 0.1727938 0.1732137 0.1598948 0.1500586 0.1640316 0.1561911 0.1496516 0.1419592 0.1355420 0.1594824 0.1439759 0.1299717 
taxon_31   0.0962539 0.1690260 0.1656927 0.1833603 0.1897724 0.1681913 0.1632024 0.1816597 0.1640316 0.1665247 0.1512811 0.1375415 0.1652771 0.1736337 0.1690260 0.1753163 0.1619603 0.1586582 0.1774248 0.1761589 0.1795392 0.1791159 0.1570126 0.1367411 0.1480255 0.1706983 0.1407518 0.1808108 0.1803867 0.1295754 0.0000000 0.1443798 0.1464030 0.1607203 0.1537321 0.1375415 0.1541414 0.1525056 0.1648617 0.1632024 0.1541414 0.1427652 0.1561911 0.1488381 0.1411540 0.1355420 0.1272020 0.1512811 0.1379420 0.1264125 
taxon_32   0.0981512 0.1694438 0.1665247 0.1854916 0.1880572 0.1698617 0.1636169 0.1765807 0.1603074 0.1715358 0.1529142 0.1403497 0.1702799 0.1774248 0.1748953 0.1770026 0.1656927 0.1665247 0.1825095 0.1825095 0.1829348 0.1850649 0.1640316 0.1407518 0.1557807 0.1727938 0.1427652 0.1846384 0.1825095 0.1492447 0.1443798 0.0000000 0.1244425 0.1355420 0.1275971 0.1127296 0.1319564 0.1272020 0.1395463 0.1443798 0.1323539 0.1154463 0.1323539 0.1264125 0.1166136 0.1111816 0.1023422 0.1232629 0.1131171 0.1272020 
taxon_33   0.1000533 0.1694438 0.1665247 0.1829348 0.1927836 0.1715358 0.1665247 0.1799628 0.1644465 0.1711169 0.1553705 0.1423621 0.1727938 0.1774248 0.1770026 0.1803867 0.1673575 0.1632024 0.1854916 0.1850649 0.1795392 0.1808108 0.1632024 0.1407518 0.1525056 0.1711169 0.1411540 0.1850649 0.1859186 0.1537321 0.1464030 0.1244425 0.0000000 0.1347438 0.1272020 0.1173928 0.1355420 0.1339463 0.1395463 0.1439759 0.1347438 0.1201265 0.1343449 0.1287835 0.1193444 0.1142808 0.1050214 0.1279923 0.1162243 0.1272020 
taxon_34   0.1131171 0.1859186 0.1799628 0.1984081 0.2040751 0.1833603 0.1774248 0.1927836 0.1774248 0.1863458 0.1673575 0.1541414 0.1799628 0.1876290 0.1842121 0.1893433 0.1774248 0.1791159 0.1975400 0.1979739 0.1997121 0.1984081 0.1748953 0.1537321 0.1702799 0.1850649 0.1574236 0.1940778 0.1927836 0.1661086 0.1607203 0.1355420 0.1347438 0.0000000 0.1363412 0.1236559 0.1387438 0.1339463 0.1476196 0.1492447 0.1367411 0.1268072 0.1423621 0.1375415 0.1240491 0.1170031 0.1077103 0.1315590 0.1193444 0.1403497 
taxon_35   0.1069411 0.1829348 0.1782698 0.1932148 0.2032004 0.1825095 0.1770026 0.1910615 0.1761589 0.1825095 0.1665247 0.1512811 0.1782698 0.1859186 0.1795392 0.1863458 0.1748953 0.1757375 0.1897724 0.1906315 0.1962398 0.1966730 0.1694438 0.1496516 0.1640316 0.1778472 0.1512811 0.1923527 0.1884856 0.1607203 0.1537321 0.1275971 0.1272020 0.1363412 0.0000000 0.0939834 0.1127296 0.1104088 0.1363412 0.1355420 0.1323539 0.1170031 0.1327517 0.1248361 0.1166136 0.1100227 0.1023422 0.1244425 0.1127296 0.1355420 
taxon_36   0.0936057 0.1677743 0.1632024 0.1812351 0.1880572 0.1681913 0.1619603 0.1774248 0.1598948 0.1690260 0.1488381 0.1363412 0.1652771 0.1698617 0.1648617 0.1702799 0.1578349 0.1598948 0.1757375 0.1774248 0.1786927 0.1786927 0.1561911 0.1339463 0.1464030 0.1648617 0.1363412 0.1778472 0.1744745 0.1472139 0.1375415 0.1127296 0.1173928 0.1236559 0.0939834 0.0000000 0.0716493 0.0676259 0.1224776 0.1275971 0.1146691 0.0985312 0.1185632 0.1080952 0.1023422 0.0954963 0.0875876 0.1107951 0.0985312 0.1216931 
taxon_37   0.1115683 0.1893433 0.1820845 0.2040751 0.2040751 0.1906315 0.1829348 0.1979739 0.1786927 0.1867733 0.1698617 0.1570126 0.1837861 0.1906315 0.1846384 0.1906315 0.1786927 0.1795392 0.1953743 0.1945097 0.2005826 0.2001472 0.1765807 0.1553705 0.1681913 0.1863458 0.1578349 0.1927836 0.1979739 0.1640316 0.1541414 0.1319564 0.1355420 0.1387438 0.1127296 0.0716493 0.0000000 0.0834780 0.1407518 0.1403497 0.1355420 0.1162243 0.1363412 0.1256239 0.1181729 0.1123423 0.1038720 0.1275971 0.1150576 0.1403497 
taxon_38   0.1080952 0.1863458 0.1786927 0.1975400 0.1992771 0.1833603 0.1765807 0.1902019 0.1719549 0.1837861 0.1648617 0.1537321 0.1812351 0.1880572 0.1820845 0.1872010 0.1748953 0.1736337 0.1906315 0.1936462 0.1936462 0.1949419 0.1698617 0.1496516 0.1648617 0.1829348 0.1537321 0.1927836 0.1897724 0.1615468 0.1525056 0.1272020 0.1339463 0.1339463 0.1104088 0.0676259 0.0834780 0.0000000 0.1391449 0.1411540 0.1311619 0.1154463 0.1347438 0.1224776 0.1150576 0.1100227 0.1015784 0.1256239 0.1127296 0.1359415 
taxon_39   0.1142808 0.1914916 0.1863458 0.2018904 0.2067051 0.1893433 0.1825095 0.1936462 0.1791159 0.1867733 0.1681913 0.1549606 0.1859186 0.1927836 0.1876290 0.1923527 0.1791159 0.1825095 0.1945097 0.1971064 0.2023268 0.2010183 0.1799628 0.1561911 0.1702799 0.1902019 0.1590702 0.1971064 0.2014542 0.1727938 0.1648617 0.1395463 0.1395463 0.1476196 0.1363412 0.1224776 0.1407518 0.1391449 0.0000000 0.1520972 0.1371412 0.1216931 0.1387438 0.1311619 0.1220852 0.1162243 0.1061726 0.1279923 0.1166136 0.1451885 
taxon_40   0.1228702 0.1971064 0.1897724 0.2053889 0.2097852 0.1949419 0.1884856 0.1984081 0.1846384 0.1997121 0.1812351 0.1652771 0.1958069 0.2010183 0.1971064 0.2032004 0.1897724 0.1919221 0.2075838 0.2084636 0.2146510 0.2119930 0.1854916 0.1615468 0.1761589 0.1932148 0.1652771 0.2071443 0.2089038 0.1732137 0.1632024 0.1443798 0.1439759 0.1492447 0.1355420 0.1275971 0.1403497 0.1411540 0.1520972 0.0000000 0.1387438 0.1248361 0.1391449 0.1347438 0.1236559 0.1181729 0.1096368 0.1335479 0.1193444 0.1545509 
taxon_41   0.1096368 0.1850649 0.1812351 0.1971064 0.2005826 0.1863458 0.1799628 0.1906315 0.1727938 0.1872010 0.1656927 0.1525056 0.1799628 0.1889143 0.1829348 0.1893433 0.1770026 0.1765807 0.1910615 0.1932148 0.1949419 0.1945097 0.1732137 0.1508734 0.1661086 0.1854916 0.1545509 0.1936462 0.1927836 0.1598948 0.1541414 0.1323539 0.1347438 0.1367411 0.1323539 0.1146691 0.1355420 0.1311619 0.1371412 0.1387438 0.0000000 0.1050214 0.1209094 0.1111816 0.1038720 0.0970122 0.0894631 0.1100227 0.1004343 0.1383428 
taxon_42   0.0958750 0.1652771 0.1632024 0.1829348 0.1846384 0.1690260 0.1623741 0.1732137 0.1578349 0.1706983 0.1508734 0.1379420 0.1669410 0.1744745 0.1681913 0.1748953 0.1611334 0.1623741 0.1770026 0.1778472 0.1846384 0.1803867 0.1586582 0.1375415 0.1504659 0.1681913 0.1399479 0.1820845 0.1803867 0.1500586 0.1427652 0.1154463 0.1201265 0.1268072 0.1170031 0.0985312 0.1162243 0.1154463 0.1216931 0.1248361 0.1050214 0.0000000 0.0981512 0.0913433 0.0827332 0.0764322 0.0687210 0.0920966 0.0793908 0.1252299 
taxon_43   0.1123423 0.1867733 0.1842121 0.2053889 0.2062661 0.1914916 0.1850649 0.1984081 0.1816597 0.1872010 0.1723743 0.1574236 0.1846384 0.1902019 0.1867733 0.1923527 0.1799628 0.1803867 0.1945097 0.1962398 0.1979739 0.1953743 0.1753163 0.1516890 0.1661086 0.1825095 0.1545509 0.2005826 0.1945097 0.1640316 0.1561911 0.1323539 0.1343449 0.1423621 0.1327517 0.1185632 0.1363412 0.1347438 0.1387438 0.1391449 0.1209094 0.0981512 0.0000000 0.0898387 0.0805033 0.0753258 0.0668967 0.0917199 0.0779101 0.1415565 
taxon_44   0.1042550 0.1786927 0.1748953 0.1936462 0.1936462 0.1757375 0.1711169 0.1859186 0.1690260 0.1770026 0.1611334 0.1459980 0.1736337 0.1803867 0.1782698 0.1820845 0.1694438 0.1698617 0.1842121 0.1837861 0.1880572 0.1867733 0.1665247 0.1435721 0.1582464 0.1744745 0.1464030 0.1902019 0.1880572 0.1561911 0.1488381 0.1264125 0.1287835 0.1375415 0.1248361 0.1080952 0.1256239 0.1224776 0.1311619 0.1347438 0.1111816 0.0913433 0.0898387 0.0000000 0.0742209 0.0672612 0.0589217 0.0823611 0.0698178 0.1343449 
taxon_45   0.0962539 0.1711169 0.1673575 0.1837861 0.1867733 0.1715358 0.1652771 0.1803867 0.1648617 0.1727938 0.1516890 0.1383428 0.1673575 0.1727938 0.1702799 0.1761589 0.1623741 0.1652771 0.1786927 0.1799628 0.1833603 0.1791159 0.1611334 0.1359415 0.1504659 0.1644465 0.1391449 0.1820845 0.1812351 0.1496516 0.1411540 0.1166136 0.1193444 0.1240491 0.1166136 0.1023422 0.1181729 0.1150576 0.1220852 0.1236559 0.1038720 0.0827332 0.0805033 0.0742209 0.0000000 0.0206140 0.0382945 0.0618119 0.0485372 0.1264125 
taxon_46   0.0902146 0.1652771 0.1611334 0.1774248 0.1799628 0.1652771 0.1590702 0.1732137 0.1578349 0.1665247 0.1468083 0.1327517 0.1611334 0.1661086 0.1627882 0.1681913 0.1549606 0.1566017 0.1711169 0.1711169 0.1770026 0.1723743 0.1525056 0.1295754 0.1439759 0.1594824 0.1323539 0.1744745 0.1757375 0.1419592 0.1355420 0.1111816 0.1142808 0.1170031 0.1100227 0.0954963 0.1123423 0.1100227 0.1162243 0.1181729 0.0970122 0.0764322 0.0753258 0.0672612 0.0206140 0.0000000 0.0313113 0.0549658 0.0418107 0.1201265 
taxon_47   0.0816174 0.1545509 0.1545509 0.1719549 0.1723743 0.1574236 0.1516890 0.1640316 0.1484317 0.1574236 0.1379420 0.1244425 0.1508734 0.1566017 0.1533230 0.1594824 0.1459980 0.1472139 0.1623741 0.1623741 0.1673575 0.1640316 0.1455931 0.1213011 0.1351428 0.1525056 0.1240491 0.1665247 0.1644465 0.1355420 0.1272020 0.1023422 0.1050214 0.1077103 0.1023422 0.0875876 0.1038720 0.1015784 0.1061726 0.1096368 0.0894631 0.0687210 0.0668967 0.0589217 0.0382945 0.0313113 0.0000000 0.0323546 0.0206140 0.1119552 
taxon_48   0.1054050 0.1770026 0.1778472 0.1958069 0.1953743 0.1816597 0.1757375 0.1863458 0.1706983 0.1816597 0.1611334 0.1472139 0.1732137 0.1795392 0.1757375 0.1825095 0.1686086 0.1698617 0.1863458 0.1876290 0.1919221 0.1867733 0.1702799 0.1447840 0.1586582 0.1761589 0.1476196 0.1919221 0.1906315 0.1594824 0.1512811 0.1232629 0.1279923 0.1315590 0.1244425 0.1107951 0.1275971 0.1256239 0.1279923 0.1335479 0.1100227 0.0920966 0.0917199 0.0823611 0.0618119 0.0549658 0.0323546 0.0000000 0.0400506 0.1371412 
taxon_49   0.0920966 0.1665247 0.1652771 0.1829348 0.1820845 0.1673575 0.1615468 0.1753163 0.1598948 0.1681913 0.1480255 0.1347438 0.1619603 0.1690260 0.1656927 0.1715358 0.1578349 0.1570126 0.1736337 0.1744745 0.1757375 0.1740540 0.1549606 0.1315590 0.1455931 0.1627882 0.1343449 0.1782698 0.1774248 0.1439759 0.1379420 0.1131171 0.1162243 0.1193444 0.1127296 0.0985312 0.1150576 0.1127296 0.1166136 0.1193444 0.1004343 0.0793908 0.0779101 0.0698178 0.0485372 0.0418107 0.0206140 0.0400506 0.0000000 0.1220852 
taxon_50   0.0503174 0.1303682 0.1232629 0.1383428 0.1488381 0.1291793 0.1232629 0.1371412 0.1193444 0.1315590 0.1135048 0.1011969 0.1283878 0.1359415 0.1327517 0.1367411 0.1248361 0.1244425 0.1443798 0.1443798 0.1472139 0.1468083 0.1205178 0.1004343 0.1138927 0.1347438 0.1027243 0.1403497 0.1427652 0.1299717 0.1264125 0.1272020 0.1272020 0.1403497 0.1355420 0.1216931 0.1403497 0.1359415 0.1451885 0.1545509 0.1383428 0.1252299 0.1415565 0.1343449 0.1264125 0.1201265 0.1119552 0.1371412 0.1220852 0.0000000 
