30
taxon_1    0.0000000 0.6100750 1.0893256 1.8285173 2.7972761 9.0000000 3.4054737 9.0000000 2.5071964 1.8285173 9.0000000 4.4451945 3.2381161 3.8369969 9.0000000 9.0000000 4.0254827 2.2985439 3.1666335 3.2381161 3.1332946 3.5056223 3.6212353 2.9857619 3.6212353 9.0000000 5.4849153 9.0000000 4.6609561 2.4395830 
taxon_2    0.6100750 0.0000000 0.6699191 1.4431115 2.5973046 9.0000000 9.0000000 9.0000000 2.2467992 1.4195140 3.6864938 9.0000000 3.1332946 9.0000000 9.0000000 9.0000000 9.0000000 1.9802937 2.2985439 2.2568665 9.0000000 3.1332946 3.0130376 2.4659015 2.9594434 2.8625346 3.9253341 3.2381161 3.8369969 2.2879054 
taxon_3    1.0893256 0.6699191 0.0000000 1.3086569 2.6640152 4.9650549 9.0000000 9.0000000 2.1354842 1.3348732 9.0000000 9.0000000 3.0413429 3.2015235 3.3171365 2.6134342 3.0707584 1.9873360 2.3426742 2.5660501 4.4451945 3.2381161 2.7182557 2.8401449 3.6212353 3.6212353 5.4849153 9.0000000 3.1013749 2.4659015 
taxon_4    1.8285173 1.4431115 1.3086569 0.0000000 2.8401449 2.7182557 3.1332946 2.5360461 1.8059592 0.9547243 3.3600053 9.0000000 2.4794154 3.6864938 3.2765861 9.0000000 2.7767269 1.5943759 2.1269127 2.5071964 3.9253341 3.4054737 2.4659015 2.3093354 3.1666335 9.0000000 3.7579765 2.9594434 2.3313958 1.8818995 
taxon_5    2.7972761 2.5973046 2.6640152 2.8401449 0.0000000 3.4538776 9.0000000 2.6134342 1.8115354 2.2568665 2.6816631 9.0000000 9.0000000 9.0000000 9.0000000 4.9650549 4.2778369 3.6864938 3.6212353 9.0000000 3.7579765 9.0000000 2.8856134 2.8856134 2.9857619 2.7567257 9.0000000 9.0000000 9.0000000 3.3171365 
taxon_6    9.0000000 9.0000000 4.9650549 2.7182557 3.4538776 0.0000000 1.0579403 0.7309697 1.0936113 1.8458926 3.3171365 3.8369969 9.0000000 3.4054737 3.2765861 4.6609561 3.1332946 2.5973046 9.0000000 9.0000000 4.0254827 9.0000000 4.1410957 9.0000000 9.0000000 9.0000000 3.8369969 4.1410957 9.0000000 2.5071964 
taxon_7    3.4054737 9.0000000 9.0000000 3.1332946 9.0000000 1.0579403 0.0000000 0.7746184 1.4129061 2.0088685 3.4538776 2.9094249 3.3600053 2.9094249 2.8625346 9.0000000 3.9253341 2.8401449 2.9340173 3.0130376 3.1013749 2.9857619 3.9253341 3.2381161 9.0000000 9.0000000 2.6640152 9.0000000 3.0413429 2.2173837 
taxon_8    9.0000000 9.0000000 9.0000000 2.5360461 2.6134342 0.7309697 0.7746184 0.0000000 1.1022570 1.6374913 9.0000000 3.4054737 3.3600053 2.9857619 2.8625346 9.0000000 4.4451945 2.4794154 2.8856134 2.8401449 2.9340173 2.9094249 3.2015235 2.7567257 9.0000000 9.0000000 3.1332946 9.0000000 4.9650549 2.7182557 
taxon_9    2.5071964 2.2467992 2.1354842 1.8059592 1.8115354 1.0936113 1.4129061 1.1022570 0.0000000 0.9079963 2.5508980 2.7972761 2.4659015 2.9094249 2.2670707 3.8369969 2.8856134 1.6509244 2.5815145 2.7372441 2.7182557 3.0130376 3.1666335 2.4017599 4.6609561 4.9650549 9.0000000 3.4538776 2.9340173 1.8059592 
taxon_10   1.8285173 1.4195140 1.3348732 0.9547243 2.2568665 1.8458926 2.0088685 1.6374913 0.9079963 0.0000000 2.5071964 2.8184042 1.8458926 2.2368653 1.9527676 3.1666335 2.3895645 0.9266836 1.5340217 1.7120868 2.4526268 2.3775642 2.0235749 1.9005727 2.6299184 2.4267622 3.8369969 2.3202845 2.1529268 1.2376949 
taxon_11   9.0000000 3.6864938 9.0000000 3.3600053 2.6816631 3.3171365 3.4538776 9.0000000 2.5508980 2.5071964 0.0000000 1.4710217 0.9857129 1.3559166 1.1540016 9.0000000 2.6816631 2.4794154 2.4395830 2.7567257 2.6467731 2.6467731 3.1013749 2.6997362 4.0254827 3.4538776 9.0000000 4.2778369 5.4849153 2.8184042 
taxon_12   4.4451945 9.0000000 9.0000000 9.0000000 9.0000000 3.8369969 2.9094249 3.4054737 2.7972761 2.8184042 1.4710217 0.0000000 1.1154152 1.5149367 1.2045826 9.0000000 9.0000000 2.3895645 2.9094249 2.7972761 2.6640152 3.6212353 2.6134342 2.6640152 2.9094249 3.1013749 3.9253341 9.0000000 9.0000000 2.9857619 
taxon_13   3.2381161 3.1332946 3.0413429 2.4794154 9.0000000 9.0000000 3.3600053 3.3600053 2.4659015 1.8458926 0.9857129 1.1154152 0.0000000 1.0141613 0.7336246 2.8401449 2.3313958 2.0461897 2.1529268 2.2774157 2.8401449 2.6134342 2.4526268 2.4931773 2.3426742 2.7372441 9.0000000 4.0254827 9.0000000 2.4017599 
taxon_14   3.8369969 9.0000000 3.2015235 3.6864938 9.0000000 3.4054737 2.9094249 2.9857619 2.9094249 2.2368653 1.3559166 1.5149367 1.0141613 0.0000000 0.6055772 9.0000000 2.7767269 2.2879054 2.5508980 3.5056223 3.3171365 9.0000000 2.9857619 4.1410957 5.4849153 3.7579765 9.0000000 9.0000000 2.8856134 2.5214825 
taxon_15   9.0000000 9.0000000 3.3171365 3.2765861 9.0000000 3.2765861 2.8625346 2.8625346 2.2670707 1.9527676 1.1540016 1.2045826 0.7336246 0.6055772 0.0000000 2.7767269 2.3202845 1.8636800 2.4526268 3.3171365 2.8625346 4.9650549 2.8184042 3.1666335 3.6864938 9.0000000 9.0000000 9.0000000 3.0707584 2.4931773 
taxon_16   9.0000000 9.0000000 2.6134342 9.0000000 4.9650549 4.6609561 9.0000000 9.0000000 3.8369969 3.1666335 9.0000000 9.0000000 2.8401449 9.0000000 2.7767269 0.0000000 4.0254827 3.1666335 3.0413429 4.9650549 2.9857619 3.2015235 9.0000000 4.4451945 9.0000000 9.0000000 9.0000000 2.9340173 9.0000000 3.2765861 
taxon_17   4.0254827 9.0000000 3.0707584 2.7767269 4.2778369 3.1332946 3.9253341 4.4451945 2.8856134 2.3895645 2.6816631 9.0000000 2.3313958 2.7767269 2.3202845 4.0254827 0.0000000 2.5815145 2.6134342 3.2015235 3.3171365 9.0000000 3.6864938 3.6212353 4.0254827 9.0000000 5.4849153 4.4451945 2.9094249 2.6816631 
taxon_18   2.2985439 1.9802937 1.9873360 1.5943759 3.6864938 2.5973046 2.8401449 2.4794154 1.6509244 0.9266836 2.4794154 2.3895645 2.0461897 2.2879054 1.8636800 3.1666335 2.5815145 0.0000000 1.3438196 1.6419423 2.5214825 2.2568665 1.7170049 1.6509244 2.6640152 2.3895645 2.3775642 2.1100580 2.2985439 1.1154152 
taxon_19   3.1666335 2.2985439 2.3426742 2.1269127 3.6212353 9.0000000 2.9340173 2.8856134 2.5815145 1.5340217 2.4395830 2.9094249 2.1529268 2.5508980 2.4526268 3.0413429 2.6134342 1.3438196 0.0000000 0.4658525 1.3348732 1.1243174 0.8224607 0.4375472 4.6609561 3.4054737 3.4054737 2.7182557 2.8184042 1.5496472 
taxon_20   3.2381161 2.2568665 2.5660501 2.5071964 9.0000000 9.0000000 3.0130376 2.8401449 2.7372441 1.7120868 2.7567257 2.7972761 2.2774157 3.5056223 3.3171365 4.9650549 3.2015235 1.6419423 0.4658525 0.0000000 1.5901977 1.3378435 1.0914654 0.6590054 2.7767269 2.8625346 3.5056223 2.6467731 2.6997362 1.7733454 
taxon_21   3.1332946 9.0000000 4.4451945 3.9253341 3.7579765 4.0254827 3.1013749 2.9340173 2.7182557 2.4526268 2.6467731 2.6640152 2.8401449 3.3171365 2.8625346 2.9857619 3.3171365 2.5214825 1.3348732 1.5901977 0.0000000 1.8517750 1.4817617 1.1066175 4.1410957 3.2015235 3.9253341 3.7579765 3.3171365 2.3093354 
taxon_22   3.5056223 3.1332946 3.2381161 3.4054737 9.0000000 9.0000000 2.9857619 2.9094249 3.0130376 2.3775642 2.6467731 3.6212353 2.6134342 9.0000000 4.9650549 3.2015235 9.0000000 2.2568665 1.1243174 1.3378435 1.8517750 0.0000000 1.3029535 0.9181316 9.0000000 9.0000000 3.8369969 2.3093354 9.0000000 2.5360461 
taxon_23   3.6212353 3.0130376 2.7182557 2.4659015 2.8856134 4.1410957 3.9253341 3.2015235 3.1666335 2.0235749 3.1013749 2.6134342 2.4526268 2.9857619 2.8184042 9.0000000 3.6864938 1.7170049 0.8224607 1.0914654 1.4817617 1.3029535 0.0000000 0.5716050 9.0000000 3.4538776 3.4054737 2.9857619 3.0413429 2.1798759 
taxon_24   2.9857619 2.4659015 2.8401449 2.3093354 2.8856134 9.0000000 3.2381161 2.7567257 2.4017599 1.9005727 2.6997362 2.6640152 2.4931773 4.1410957 3.1666335 4.4451945 3.6212353 1.6509244 0.4375472 0.6590054 1.1066175 0.9181316 0.5716050 0.0000000 9.0000000 4.4451945 9.0000000 3.0413429 2.7972761 1.8757770 
taxon_25   3.6212353 2.9594434 3.6212353 3.1666335 2.9857619 9.0000000 9.0000000 9.0000000 4.6609561 2.6299184 4.0254827 2.9094249 2.3426742 5.4849153 3.6864938 9.0000000 4.0254827 2.6640152 4.6609561 2.7767269 4.1410957 9.0000000 9.0000000 9.0000000 0.0000000 0.3071048 1.8458926 2.0385754 9.0000000 2.2078294 
taxon_26   9.0000000 2.8625346 3.6212353 9.0000000 2.7567257 9.0000000 9.0000000 9.0000000 4.9650549 2.4267622 3.4538776 3.1013749 2.7372441 3.7579765 9.0000000 9.0000000 9.0000000 2.3895645 3.4054737 2.8625346 3.2015235 9.0000000 3.4538776 4.4451945 0.3071048 0.0000000 1.8636800 1.9132848 3.8369969 2.0235749 
taxon_27   5.4849153 3.9253341 5.4849153 3.7579765 9.0000000 3.8369969 2.6640152 3.1332946 9.0000000 3.8369969 9.0000000 3.9253341 9.0000000 9.0000000 9.0000000 9.0000000 5.4849153 2.3775642 3.4054737 3.5056223 3.9253341 3.8369969 3.4054737 9.0000000 1.8458926 1.8636800 0.0000000 1.3231082 9.0000000 2.1529268 
taxon_28   9.0000000 3.2381161 9.0000000 2.9594434 9.0000000 4.1410957 9.0000000 9.0000000 3.4538776 2.3202845 4.2778369 9.0000000 4.0254827 9.0000000 9.0000000 2.9340173 4.4451945 2.1100580 2.7182557 2.6467731 3.7579765 2.3093354 2.9857619 3.0413429 2.0385754 1.9132848 1.3231082 0.0000000 3.7579765 1.9944450 
taxon_29   4.6609561 3.8369969 3.1013749 2.3313958 9.0000000 9.0000000 3.0413429 4.9650549 2.9340173 2.1529268 5.4849153 9.0000000 9.0000000 2.8856134 3.0707584 9.0000000 2.9094249 2.2985439 2.8184042 2.6997362 3.3171365 9.0000000 3.0413429 2.7972761 9.0000000 3.8369969 9.0000000 3.7579765 0.0000000 1.3528740 
taxon_30   2.4395830 2.2879054 2.4659015 1.8818995 3.3171365 2.5071964 2.2173837 2.7182557 1.8059592 1.2376949 2.8184042 2.9857619 2.4017599 2.5214825 2.4931773 3.2765861 2.6816631 1.1154152 1.5496472 1.7733454 2.3093354 2.5360461 2.1798759 1.8757770 2.2078294 2.0235749 2.1529268 1.9944450 1.3528740 0.0000000 
