30
taxon_1    0.0000000 3.6864938 3.5612033 3.3600053 4.0254827 9.0000000 3.2015235 2.4526268 3.4054737 2.9094249 2.9594434 2.7567257 3.2765861 3.0130376 3.9253341 2.5508980 2.6816631 3.5612033 2.5660501 2.6134342 2.0854657 3.0413429 3.6864938 3.9253341 3.7579765 2.2879054 2.8625346 2.4141569 9.0000000 4.1410957 
taxon_2    3.6864938 0.0000000 1.0641132 0.8996537 1.6646026 1.7370061 1.2020950 1.3289676 9.0000000 3.1013749 9.0000000 3.1332946 3.8369969 2.8856134 2.7567257 2.7372441 4.0254827 2.5815145 2.5508980 2.2270612 2.4931773 2.6997362 9.0000000 2.5508980 4.1410957 2.9857619 9.0000000 5.4849153 3.2765861 3.3171365 
taxon_3    3.5612033 1.0641132 0.0000000 0.2111093 1.5575838 1.6692180 1.2916751 1.4465440 2.7767269 2.5071964 2.7767269 2.7567257 3.2765861 3.1666335 9.0000000 2.5508980 2.8401449 2.3313958 4.0254827 2.9857619 3.6864938 9.0000000 9.0000000 9.0000000 9.0000000 9.0000000 9.0000000 2.8401449 2.7567257 4.4451945 
taxon_4    3.3600053 0.8996537 0.2111093 0.0000000 1.4261808 1.4890082 1.1265595 1.2750692 2.8184042 2.4659015 2.5360461 3.1332946 4.1410957 2.8401449 3.9253341 2.3775642 2.6640152 2.1983953 3.5056223 2.5973046 2.6134342 3.5612033 9.0000000 9.0000000 9.0000000 9.0000000 9.0000000 2.9594434 2.6640152 2.8401449 
taxon_5    4.0254827 1.6646026 1.5575838 1.4261808 0.0000000 0.4875658 1.0893256 1.2299228 2.8401449 2.5815145 3.4054737 2.7567257 2.6640152 2.4267622 3.5056223 3.0413429 3.8369969 2.3895645 9.0000000 2.3895645 2.1529268 9.0000000 3.2765861 3.0707584 2.6299184 3.0413429 3.6864938 9.0000000 2.8184042 9.0000000 
taxon_6    9.0000000 1.7370061 1.6692180 1.4890082 0.4875658 0.0000000 1.1066175 1.2805637 3.0130376 2.7767269 9.0000000 3.1332946 2.7372441 2.6816631 3.4054737 2.8401449 3.4538776 2.6299184 3.5056223 2.5214825 2.5071964 9.0000000 2.7182557 2.7767269 3.0413429 3.6212353 3.5056223 2.9857619 3.1013749 4.2778369 
taxon_7    3.2015235 1.2020950 1.2916751 1.1265595 1.0893256 1.1066175 0.0000000 0.7873666 3.4054737 2.0935739 5.4849153 2.7972761 2.6467731 2.3541248 2.5815145 2.4526268 2.8856134 2.1529268 2.7372441 2.1529268 1.6692180 2.3313958 4.9650549 2.5815145 2.6997362 2.3657530 4.4451945 2.9340173 2.5973046 2.5360461 
taxon_8    2.4526268 1.3289676 1.4465440 1.2750692 1.2299228 1.2805637 0.7873666 0.0000000 2.4395830 1.7170049 2.2270612 2.0310377 2.1890784 1.7840598 2.3657530 2.3202845 2.2568665 1.6286676 2.0310377 1.7170049 1.3438196 2.4794154 3.3600053 2.8856134 2.6816631 2.0235749 3.8369969 2.6997362 2.4141569 2.4931773 
taxon_9    3.4054737 9.0000000 2.7767269 2.8184042 2.8401449 3.0130376 3.4054737 2.4395830 0.0000000 0.6214389 1.8004241 1.7949296 2.0016221 1.8059592 3.4538776 2.6640152 2.5973046 2.8184042 3.6212353 2.4141569 2.0161857 2.8184042 4.1410957 4.1410957 5.4849153 3.3171365 3.3171365 9.0000000 2.8856134 2.6640152 
taxon_10   2.9094249 3.1013749 2.5071964 2.4659015 2.5815145 2.7767269 2.0935739 1.7170049 0.6214389 0.0000000 1.3559166 1.1897795 1.3348732 1.1310641 2.6467731 2.5360461 2.3541248 2.0854657 2.2670707 2.0310377 1.5301656 2.6816631 2.7767269 2.6134342 4.9650549 2.6997362 2.7372441 2.9094249 2.8625346 2.6134342 
taxon_11   2.9594434 9.0000000 2.7767269 2.5360461 3.4054737 9.0000000 5.4849153 2.2270612 1.8004241 1.3559166 0.0000000 0.8592779 1.5000108 1.2020950 9.0000000 3.2765861 3.0413429 3.1332946 2.5973046 3.1332946 1.9944450 9.0000000 9.0000000 9.0000000 3.8369969 9.0000000 9.0000000 3.6212353 3.2015235 3.0413429 
taxon_12   2.7567257 3.1332946 2.7567257 3.1332946 2.7567257 3.1332946 2.7972761 2.0310377 1.7949296 1.1897795 0.8592779 0.0000000 1.2222305 0.9801504 4.9650549 9.0000000 2.7567257 2.3541248 2.6134342 3.1666335 1.7370061 3.1666335 3.0413429 3.0413429 4.6609561 3.1666335 3.6212353 3.3600053 9.0000000 2.7182557 
taxon_13   3.2765861 3.8369969 3.2765861 4.1410957 2.6640152 2.7372441 2.6467731 2.1890784 2.0016221 1.3348732 1.5000108 1.2222305 0.0000000 1.0829426 3.4538776 2.6997362 2.7567257 2.2568665 9.0000000 2.2467992 2.1017707 3.5612033 3.2765861 2.5815145 3.5612033 2.4931773 9.0000000 2.3657530 3.7579765 3.7579765 
taxon_14   3.0130376 2.8856134 3.1666335 2.8401449 2.4267622 2.6816631 2.3541248 1.7840598 1.8059592 1.1310641 1.2020950 0.9801504 1.0829426 0.0000000 2.6640152 2.9094249 2.8625346 3.0707584 2.4931773 2.5071964 1.9595550 2.6299184 9.0000000 4.4451945 3.8369969 3.9253341 3.0707584 3.0707584 3.1332946 2.6467731 
taxon_15   3.9253341 2.7567257 9.0000000 3.9253341 3.5056223 3.4054737 2.5815145 2.3657530 3.4538776 2.6467731 9.0000000 4.9650549 3.4538776 2.6640152 0.0000000 4.9650549 4.6609561 2.4141569 4.9650549 3.3171365 2.3202845 9.0000000 9.0000000 4.4451945 2.8856134 3.1332946 9.0000000 3.1013749 9.0000000 9.0000000 
taxon_16   2.5508980 2.7372441 2.5508980 2.3775642 3.0413429 2.8401449 2.4526268 2.3202845 2.6640152 2.5360461 3.2765861 9.0000000 2.6997362 2.9094249 4.9650549 0.0000000 0.7270050 2.2270612 2.9594434 2.5360461 1.9802937 2.9857619 3.2381161 5.4849153 3.3171365 4.1410957 9.0000000 3.6864938 3.1332946 3.8369969 
taxon_17   2.6816631 4.0254827 2.8401449 2.6640152 3.8369969 3.4538776 2.8856134 2.2568665 2.5973046 2.3541248 3.0413429 2.7567257 2.7567257 2.8625346 4.6609561 0.7270050 0.0000000 2.2173837 2.2670707 2.2985439 1.8342645 4.2778369 2.9094249 9.0000000 4.2778369 9.0000000 4.6609561 3.2381161 2.9857619 4.9650549 
taxon_18   3.5612033 2.5815145 2.3313958 2.1983953 2.3895645 2.6299184 2.1529268 1.6286676 2.8184042 2.0854657 3.1332946 2.3541248 2.2568665 3.0707584 2.4141569 2.2270612 2.2173837 0.0000000 1.8517750 1.5985776 1.2247858 3.1332946 3.0413429 4.1410957 3.1666335 2.2078294 2.9094249 3.1013749 3.2765861 3.1332946 
taxon_19   2.5660501 2.5508980 4.0254827 3.5056223 9.0000000 3.5056223 2.7372441 2.0310377 3.6212353 2.2670707 2.5973046 2.6134342 9.0000000 2.4931773 4.9650549 2.9594434 2.2670707 1.8517750 0.0000000 1.9873360 1.4534565 9.0000000 9.0000000 9.0000000 3.0130376 2.8401449 9.0000000 3.5056223 9.0000000 3.5056223 
taxon_20   2.6134342 2.2270612 2.9857619 2.5973046 2.3895645 2.5214825 2.1529268 1.7170049 2.4141569 2.0310377 3.1332946 3.1666335 2.2467992 2.5071964 3.3171365 2.5360461 2.2985439 1.5985776 1.9873360 0.0000000 0.9529407 2.8184042 3.5056223 9.0000000 4.2778369 2.4395830 2.7567257 2.9857619 2.4931773 2.5360461 
taxon_21   2.0854657 2.4931773 3.6864938 2.6134342 2.1529268 2.5071964 1.6692180 1.3438196 2.0161857 1.5301656 1.9944450 1.7370061 2.1017707 1.9595550 2.3202845 1.9802937 1.8342645 1.2247858 1.4534565 0.9529407 0.0000000 2.2270612 2.6134342 3.9253341 5.4849153 2.2270612 9.0000000 2.6467731 3.3600053 3.0707584 
taxon_22   3.0413429 2.6997362 9.0000000 3.5612033 9.0000000 9.0000000 2.3313958 2.4794154 2.8184042 2.6816631 9.0000000 3.1666335 3.5612033 2.6299184 9.0000000 2.9857619 4.2778369 3.1332946 9.0000000 2.8184042 2.2270612 0.0000000 2.3426742 2.5071964 2.2774157 1.7219554 3.9253341 2.4141569 4.2778369 3.1666335 
taxon_23   3.6864938 9.0000000 9.0000000 9.0000000 3.2765861 2.7182557 4.9650549 3.3600053 4.1410957 2.7767269 9.0000000 3.0413429 3.2765861 9.0000000 9.0000000 3.2381161 2.9094249 3.0413429 9.0000000 3.5056223 2.6134342 2.3426742 0.0000000 2.3895645 2.3541248 1.7627818 2.9094249 9.0000000 3.6212353 2.9340173 
taxon_24   3.9253341 2.5508980 9.0000000 9.0000000 3.0707584 2.7767269 2.5815145 2.8856134 4.1410957 2.6134342 9.0000000 3.0413429 2.5815145 4.4451945 4.4451945 5.4849153 9.0000000 4.1410957 9.0000000 9.0000000 3.9253341 2.5071964 2.3895645 0.0000000 2.3775642 1.1516760 3.3600053 2.5360461 3.4054737 3.4054737 
taxon_25   3.7579765 4.1410957 9.0000000 9.0000000 2.6299184 3.0413429 2.6997362 2.6816631 5.4849153 4.9650549 3.8369969 4.6609561 3.5612033 3.8369969 2.8856134 3.3171365 4.2778369 3.1666335 3.0130376 4.2778369 5.4849153 2.2774157 2.3541248 2.3775642 0.0000000 1.0787172 2.9094249 3.2381161 3.2015235 3.3171365 
taxon_26   2.2879054 2.9857619 9.0000000 9.0000000 3.0413429 3.6212353 2.3657530 2.0235749 3.3171365 2.6997362 9.0000000 3.1666335 2.4931773 3.9253341 3.1332946 4.1410957 9.0000000 2.2078294 2.8401449 2.4395830 2.2270612 1.7219554 1.7627818 1.1516760 1.0787172 0.0000000 2.4931773 2.1184380 2.5660501 2.5214825 
taxon_27   2.8625346 9.0000000 9.0000000 9.0000000 3.6864938 3.5056223 4.4451945 3.8369969 3.3171365 2.7372441 9.0000000 3.6212353 9.0000000 3.0707584 9.0000000 9.0000000 4.6609561 2.9094249 9.0000000 2.7567257 9.0000000 3.9253341 2.9094249 3.3600053 2.9094249 2.4931773 0.0000000 2.8184042 2.7972761 2.5508980 
taxon_28   2.4141569 5.4849153 2.8401449 2.9594434 9.0000000 2.9857619 2.9340173 2.6997362 9.0000000 2.9094249 3.6212353 3.3600053 2.3657530 3.0707584 3.1013749 3.6864938 3.2381161 3.1013749 3.5056223 2.9857619 2.6467731 2.4141569 9.0000000 2.5360461 3.2381161 2.1184380 2.8184042 0.0000000 2.9857619 2.6816631 
taxon_29   9.0000000 3.2765861 2.7567257 2.6640152 2.8184042 3.1013749 2.5973046 2.4141569 2.8856134 2.8625346 3.2015235 9.0000000 3.7579765 3.1332946 9.0000000 3.1332946 2.9857619 3.2765861 9.0000000 2.4931773 3.3600053 4.2778369 3.6212353 3.4054737 3.2015235 2.5660501 2.7972761 2.9857619 0.0000000 1.8342645 
taxon_30   4.1410957 3.3171365 4.4451945 2.8401449 9.0000000 4.2778369 2.5360461 2.4931773 2.6640152 2.6134342 3.0413429 2.7182557 3.7579765 2.6467731 9.0000000 3.8369969 4.9650549 3.1332946 3.5056223 2.5360461 3.0707584 3.1666335 2.9340173 3.4054737 3.3171365 2.5214825 2.5508980 2.6816631 1.8342645 0.0000000 
