RF=0.702128
WRF=0.028101
