30
taxon_1    0.0000000 4.9650549 2.5214825 2.0538821 9.0000000 9.0000000 2.9857619 2.8401449 3.6212353 9.0000000 3.1666335 3.1332946 2.8856134 2.7972761 2.6997362 9.0000000 9.0000000 3.1013749 2.9594434 3.1013749 4.9650549 3.1013749 9.0000000 9.0000000 9.0000000 3.9253341 9.0000000 9.0000000 9.0000000 2.2670707 
taxon_2    4.9650549 0.0000000 3.9253341 3.1013749 3.3600053 3.6212353 3.3171365 9.0000000 3.5612033 3.1666335 9.0000000 9.0000000 9.0000000 9.0000000 9.0000000 9.0000000 3.4054737 3.6212353 9.0000000 9.0000000 9.0000000 9.0000000 9.0000000 9.0000000 9.0000000 9.0000000 2.5660501 9.0000000 9.0000000 9.0000000 
taxon_3    2.5214825 3.9253341 0.0000000 1.3902262 4.9650549 9.0000000 3.5612033 2.9094249 9.0000000 3.5056223 9.0000000 9.0000000 9.0000000 9.0000000 9.0000000 9.0000000 9.0000000 9.0000000 4.6609561 9.0000000 4.1410957 2.5660501 3.6864938 2.6997362 3.0707584 3.7579765 9.0000000 4.2778369 4.0254827 4.2778369 
taxon_4    2.0538821 3.1013749 1.3902262 0.0000000 9.0000000 3.8369969 3.3171365 9.0000000 9.0000000 3.1666335 3.5612033 9.0000000 9.0000000 9.0000000 4.6609561 3.0130376 3.0413429 3.7579765 3.1666335 9.0000000 9.0000000 4.4451945 3.0130376 2.8184042 9.0000000 9.0000000 9.0000000 3.5612033 4.4451945 2.5360461 
taxon_5    9.0000000 3.3600053 4.9650549 9.0000000 0.0000000 1.6199466 2.0774442 3.1332946 3.3171365 9.0000000 2.9094249 9.0000000 9.0000000 9.0000000 9.0000000 2.7972761 4.0254827 3.6864938 3.1332946 2.7972761 4.6609561 3.5056223 3.2765861 3.0413429 9.0000000 3.6864938 9.0000000 3.3600053 2.7182557 2.0935739 
taxon_6    9.0000000 3.6212353 9.0000000 3.8369969 1.6199466 0.0000000 1.7680450 3.4538776 2.8184042 2.5660501 2.6640152 2.3775642 3.3600053 3.6864938 2.6299184 2.6816631 3.1013749 3.8369969 3.1666335 9.0000000 9.0000000 9.0000000 9.0000000 9.0000000 9.0000000 9.0000000 9.0000000 3.2381161 2.9340173 2.4395830 
taxon_7    2.9857619 3.3171365 3.5612033 3.3171365 2.0774442 1.7680450 0.0000000 1.2222305 1.1470464 1.4569368 0.7873666 1.5696484 1.9595550 2.4931773 1.6419423 1.2860988 5.4849153 2.9857619 4.4451945 3.2381161 3.4538776 3.3171365 3.0413429 2.6299184 2.8856134 5.4849153 3.2015235 3.7579765 2.7972761 1.1540016 
taxon_8    2.8401449 9.0000000 2.9094249 9.0000000 3.1332946 3.4538776 1.2222305 0.0000000 1.0766135 2.1707848 1.7269388 2.7372441 4.2778369 3.5612033 2.3313958 2.3657530 3.9253341 3.6864938 2.8184042 2.9594434 3.3600053 3.0707584 9.0000000 2.9857619 9.0000000 9.0000000 4.2778369 3.5056223 9.0000000 2.3426742 
taxon_9    3.6212353 3.5612033 9.0000000 9.0000000 3.3171365 2.8184042 1.1470464 1.0766135 0.0000000 1.9873360 1.6975233 3.5612033 9.0000000 4.1410957 2.9594434 2.5214825 9.0000000 3.0707584 9.0000000 2.7972761 2.7972761 4.4451945 9.0000000 9.0000000 3.9253341 9.0000000 9.0000000 4.0254827 4.1410957 2.2270612 
taxon_10   9.0000000 3.1666335 3.5056223 3.1666335 9.0000000 2.5660501 1.4569368 2.1707848 1.9873360 0.0000000 1.7949296 2.4017599 3.5056223 2.8856134 3.3600053 2.7182557 9.0000000 9.0000000 9.0000000 3.7579765 9.0000000 9.0000000 9.0000000 3.3171365 9.0000000 9.0000000 9.0000000 9.0000000 4.6609561 2.3426742 
taxon_11   3.1666335 9.0000000 9.0000000 3.5612033 2.9094249 2.6640152 0.7873666 1.7269388 1.6975233 1.7949296 0.0000000 2.3895645 3.3600053 2.7182557 2.5071964 1.9132848 9.0000000 9.0000000 4.9650549 4.1410957 4.1410957 9.0000000 4.2778369 9.0000000 3.3600053 9.0000000 9.0000000 4.6609561 3.3600053 1.8636800 
taxon_12   3.1332946 9.0000000 9.0000000 9.0000000 9.0000000 2.3775642 1.5696484 2.7372441 3.5612033 2.4017599 2.3895645 0.0000000 0.6388142 0.8391112 0.4111361 0.9335961 9.0000000 3.1332946 2.7972761 2.7972761 2.9857619 4.1410957 3.4054737 2.8856134 3.7579765 3.0707584 3.1013749 9.0000000 9.0000000 1.4195140 
taxon_13   2.8856134 9.0000000 9.0000000 9.0000000 9.0000000 3.3600053 1.9595550 4.2778369 9.0000000 3.5056223 3.3600053 0.6388142 0.0000000 1.1824861 0.7362889 1.3528740 2.9340173 3.1013749 2.8401449 4.0254827 9.0000000 2.6134342 9.0000000 9.0000000 9.0000000 9.0000000 3.8369969 3.7579765 9.0000000 1.8942965 
taxon_14   2.7972761 9.0000000 9.0000000 9.0000000 9.0000000 3.6864938 2.4931773 3.5612033 4.1410957 2.8856134 2.7182557 0.8391112 1.1824861 0.0000000 0.8091072 1.6330665 9.0000000 3.3600053 4.9650549 2.9340173 3.2765861 4.9650549 3.0707584 3.5612033 3.9253341 9.0000000 3.2765861 9.0000000 9.0000000 2.1798759 
taxon_15   2.6997362 9.0000000 9.0000000 4.6609561 9.0000000 2.6299184 1.6419423 2.3313958 2.9594434 3.3600053 2.5071964 0.4111361 0.7362889 0.8091072 0.0000000 1.0745156 9.0000000 3.8369969 2.9340173 2.9340173 3.4538776 3.3171365 3.8369969 2.8856134 5.4849153 4.1410957 3.4538776 3.3171365 9.0000000 1.5496472 
taxon_16   9.0000000 9.0000000 9.0000000 3.0130376 2.7972761 2.6816631 1.2860988 2.3657530 2.5214825 2.7182557 1.9132848 0.9335961 1.3528740 1.6330665 1.0745156 0.0000000 9.0000000 3.6864938 3.8369969 2.6640152 3.2381161 3.4054737 2.8401449 2.3093354 2.9340173 4.6609561 3.6212353 2.6299184 2.4267622 1.1176309 
taxon_17   9.0000000 3.4054737 9.0000000 3.0413429 4.0254827 3.1013749 5.4849153 3.9253341 9.0000000 9.0000000 9.0000000 9.0000000 2.9340173 9.0000000 9.0000000 9.0000000 0.0000000 1.6464199 1.4162028 3.2381161 2.6997362 3.3600053 3.6212353 9.0000000 5.4849153 3.7579765 9.0000000 2.6640152 2.9594434 2.4659015 
taxon_18   3.1013749 3.6212353 9.0000000 3.7579765 3.6864938 3.8369969 2.9857619 3.6864938 3.0707584 9.0000000 9.0000000 3.1332946 3.1013749 3.3600053 3.8369969 3.6864938 1.6464199 0.0000000 0.7788438 3.6212353 3.0413429 3.9253341 9.0000000 3.5612033 3.9253341 3.2015235 2.8856134 2.9594434 2.5815145 2.0016221 
taxon_19   2.9594434 9.0000000 4.6609561 3.1666335 3.1332946 3.1666335 4.4451945 2.8184042 9.0000000 9.0000000 4.9650549 2.7972761 2.8401449 4.9650549 2.9340173 3.8369969 1.4162028 0.7788438 0.0000000 3.5612033 2.9857619 3.4054737 9.0000000 3.1332946 9.0000000 2.8625346 4.1410957 3.6864938 2.6640152 1.8818995 
taxon_20   3.1013749 9.0000000 9.0000000 9.0000000 2.7972761 9.0000000 3.2381161 2.9594434 2.7972761 3.7579765 4.1410957 2.7972761 4.0254827 2.9340173 2.9340173 2.6640152 3.2381161 3.6212353 3.5612033 0.0000000 0.4602900 1.9802937 2.1529268 1.9197226 3.5056223 9.0000000 3.8369969 3.2015235 2.4017599 2.1184380 
taxon_21   4.9650549 9.0000000 4.1410957 9.0000000 4.6609561 9.0000000 3.4538776 3.3600053 2.7972761 9.0000000 4.1410957 2.9857619 9.0000000 3.2765861 3.4538776 3.2381161 2.6997362 3.0413429 2.9857619 0.4602900 0.0000000 1.8059592 2.0854657 1.8285173 4.9650549 3.5612033 3.1666335 2.5360461 2.1017707 2.1269127 
taxon_22   3.1013749 9.0000000 2.5660501 4.4451945 3.5056223 9.0000000 3.3171365 3.0707584 4.4451945 9.0000000 9.0000000 4.1410957 2.6134342 4.9650549 3.3171365 3.4054737 3.3600053 3.9253341 3.4054737 1.9802937 1.8059592 0.0000000 1.3966365 0.9913169 2.5973046 3.6212353 9.0000000 9.0000000 2.4659015 2.1184380 
taxon_23   9.0000000 9.0000000 3.6864938 3.0130376 3.2765861 9.0000000 3.0413429 9.0000000 9.0000000 9.0000000 4.2778369 3.4054737 9.0000000 3.0707584 3.8369969 2.8401449 3.6212353 9.0000000 9.0000000 2.1529268 2.0854657 1.3966365 0.0000000 0.7036467 9.0000000 3.2015235 3.4538776 3.4538776 2.7567257 2.5508980 
taxon_24   9.0000000 9.0000000 2.6997362 2.8184042 3.0413429 9.0000000 2.6299184 2.9857619 9.0000000 3.3171365 9.0000000 2.8856134 9.0000000 3.5612033 2.8856134 2.3093354 9.0000000 3.5612033 3.1332946 1.9197226 1.8285173 0.9913169 0.7036467 0.0000000 2.8401449 3.2765861 9.0000000 2.5815145 2.5815145 1.8757770 
taxon_25   9.0000000 9.0000000 3.0707584 9.0000000 9.0000000 9.0000000 2.8856134 9.0000000 3.9253341 9.0000000 3.3600053 3.7579765 9.0000000 3.9253341 5.4849153 2.9340173 5.4849153 3.9253341 9.0000000 3.5056223 4.9650549 2.5973046 9.0000000 2.8401449 0.0000000 2.2270612 3.5056223 2.9594434 2.5815145 2.4395830 
taxon_26   3.9253341 9.0000000 3.7579765 9.0000000 3.6864938 9.0000000 5.4849153 9.0000000 9.0000000 9.0000000 9.0000000 3.0707584 9.0000000 9.0000000 4.1410957 4.6609561 3.7579765 3.2015235 2.8625346 9.0000000 3.5612033 3.6212353 3.2015235 3.2765861 2.2270612 0.0000000 2.9094249 9.0000000 2.4526268 2.6997362 
taxon_27   9.0000000 2.5660501 9.0000000 9.0000000 9.0000000 9.0000000 3.2015235 4.2778369 9.0000000 9.0000000 9.0000000 3.1013749 3.8369969 3.2765861 3.4538776 3.6212353 9.0000000 2.8856134 4.1410957 3.8369969 3.1666335 9.0000000 3.4538776 9.0000000 3.5056223 2.9094249 0.0000000 2.3093354 2.2467992 2.9340173 
taxon_28   9.0000000 9.0000000 4.2778369 3.5612033 3.3600053 3.2381161 3.7579765 3.5056223 4.0254827 9.0000000 4.6609561 9.0000000 3.7579765 9.0000000 3.3171365 2.6299184 2.6640152 2.9594434 3.6864938 3.2015235 2.5360461 9.0000000 3.4538776 2.5815145 2.9594434 9.0000000 2.3093354 0.0000000 1.1681086 2.2774157 
taxon_29   9.0000000 9.0000000 4.0254827 4.4451945 2.7182557 2.9340173 2.7972761 9.0000000 4.1410957 4.6609561 3.3600053 9.0000000 9.0000000 9.0000000 9.0000000 2.4267622 2.9594434 2.5815145 2.6640152 2.4017599 2.1017707 2.4659015 2.7567257 2.5815145 2.5815145 2.4526268 2.2467992 1.1681086 0.0000000 1.6554562 
taxon_30   2.2670707 9.0000000 4.2778369 2.5360461 2.0935739 2.4395830 1.1540016 2.3426742 2.2270612 2.3426742 1.8636800 1.4195140 1.8942965 2.1798759 1.5496472 1.1176309 2.4659015 2.0016221 1.8818995 2.1184380 2.1269127 2.1184380 2.5508980 1.8757770 2.4395830 2.6997362 2.9340173 2.2774157 1.6554562 0.0000000 
