30
taxon_1    0.0000000 0.9783054 1.0238890 3.3171365 3.4538776 9.0000000 2.2173837 2.6997362 2.5973046 2.7372441 3.3171365 2.6134342 3.1332946 3.6864938 2.1441548 2.5071964 2.1529268 1.8115354 2.1707848 3.0707584 2.3657530 3.6864938 3.2381161 2.4267622 2.3426742 2.9340173 3.3600053 2.9857619 2.4659015 1.4639462 
taxon_2    0.9783054 0.0000000 0.7988831 2.8401449 2.5660501 9.0000000 2.3313958 2.3202845 2.4659015 2.6997362 2.8184042 2.4017599 2.8625346 2.4141569 1.7949296 2.6299184 1.9595550 1.5778007 1.9873360 2.9857619 2.6640152 2.5071964 3.6864938 2.1100580 1.9802937 2.7767269 3.2015235 3.6864938 2.5360461 1.1610220 
taxon_3    1.0238890 0.7988831 0.0000000 1.8517750 2.0310377 2.3313958 1.5943759 1.5901977 1.4534565 1.8059592 1.6600155 1.5536050 1.8942965 2.0774442 1.1088072 1.8342645 1.1922265 0.8017901 1.0850642 1.9262162 1.8285173 1.7420909 2.1100580 1.2273499 1.5149367 2.0461897 2.0310377 2.2774157 1.5778007 0.4511100 
taxon_4    3.3171365 2.8401449 1.8517750 0.0000000 2.2879054 2.1707848 2.2368653 2.9094249 2.6467731 2.6134342 2.9594434 2.3775642 3.3171365 2.8625346 2.3541248 9.0000000 2.5973046 2.1618027 2.2774157 4.4451945 3.8369969 2.7182557 2.8401449 2.6134342 3.2015235 3.9253341 4.6609561 4.9650549 3.8369969 1.9069018 
taxon_5    3.4538776 2.5660501 2.0310377 2.2879054 0.0000000 1.0893256 3.2015235 3.2381161 2.6467731 2.9857619 3.4538776 2.8184042 9.0000000 9.0000000 3.1666335 3.7579765 3.5056223 2.8856134 2.7372441 4.9650549 2.8184042 9.0000000 9.0000000 3.8369969 4.1410957 9.0000000 2.5973046 9.0000000 9.0000000 2.5815145 
taxon_6    9.0000000 9.0000000 2.3313958 2.1707848 1.0893256 0.0000000 2.9094249 3.2015235 2.8625346 2.7767269 2.7182557 2.5815145 9.0000000 9.0000000 3.2765861 2.7567257 9.0000000 2.8184042 2.9340173 3.9253341 9.0000000 4.4451945 3.7579765 3.9253341 9.0000000 9.0000000 3.2015235 9.0000000 3.6212353 3.1666335 
taxon_7    2.2173837 2.3313958 1.5943759 2.2368653 3.2015235 2.9094249 0.0000000 1.9527676 1.6374913 2.5973046 1.8757770 1.9527676 2.9594434 3.2015235 2.1269127 2.5360461 2.1529268 1.7170049 2.0385754 3.0413429 2.9594434 2.5815145 2.9094249 2.4017599 2.1269127 9.0000000 2.9594434 2.9857619 2.3426742 1.5111773 
taxon_8    2.6997362 2.3202845 1.5901977 2.9094249 3.2381161 3.2015235 1.9527676 0.0000000 0.4714565 1.6113258 1.4228400 1.4129061 2.6299184 3.1013749 2.6134342 2.3895645 2.3202845 2.1184380 2.5360461 2.7567257 2.4659015 2.7372441 3.2015235 2.3775642 2.6816631 3.5056223 2.6467731 3.4538776 2.1441548 1.5378976 
taxon_9    2.5973046 2.4659015 1.4534565 2.6467731 2.6467731 2.8625346 1.6374913 0.4714565 0.0000000 1.3651192 1.3144041 1.2350953 2.6299184 2.4794154 2.4931773 2.4659015 2.1798759 1.9132848 2.2568665 4.4451945 2.9340173 2.7767269 4.0254827 2.5360461 2.3541248 2.7182557 2.4526268 9.0000000 2.1798759 1.3870414 
taxon_10   2.7372441 2.6997362 1.8059592 2.6134342 2.9857619 2.7767269 2.5973046 1.6113258 1.3651192 0.0000000 1.0122308 1.0238890 2.6997362 3.3600053 2.4141569 2.6134342 2.5815145 2.3313958 2.5973046 3.1332946 2.6997362 2.8856134 4.1410957 3.4538776 2.9094249 3.4054737 9.0000000 9.0000000 3.2015235 1.8577039 
taxon_11   3.3171365 2.8184042 1.6600155 2.9594434 3.4538776 2.7182557 1.8757770 1.4228400 1.3144041 1.0122308 0.0000000 0.2725229 2.8625346 9.0000000 2.6816631 2.7972761 2.2368653 1.8757770 2.2879054 3.3171365 2.6816631 2.8625346 9.0000000 2.9857619 2.6467731 9.0000000 2.9594434 4.4451945 3.5056223 1.6975233 
taxon_12   2.6134342 2.4017599 1.5536050 2.3775642 2.8184042 2.5815145 1.9527676 1.4129061 1.2350953 1.0238890 0.2725229 0.0000000 2.6640152 3.1666335 2.4526268 2.5815145 2.3657530 1.8171534 2.1184380 2.9594434 2.6997362 2.6997362 9.0000000 2.5214825 2.2774157 9.0000000 3.1013749 9.0000000 3.5612033 1.5943759 
taxon_13   3.1332946 2.8625346 1.8942965 3.3171365 9.0000000 9.0000000 2.9594434 2.6299184 2.6299184 2.6997362 2.8625346 2.6640152 0.0000000 2.1890784 1.1873405 3.2015235 3.2765861 2.0461897 2.0461897 9.0000000 4.2778369 2.7182557 5.4849153 2.1184380 2.4931773 2.8625346 2.6997362 4.1410957 2.4659015 1.4604333 
taxon_14   3.6864938 2.4141569 2.0774442 2.8625346 9.0000000 9.0000000 3.2015235 3.1013749 2.4794154 3.3600053 9.0000000 3.1666335 2.1890784 0.0000000 1.4745846 2.9340173 2.6467731 2.1890784 2.3895645 3.5056223 2.5973046 2.9340173 3.2765861 2.1618027 3.8369969 3.6864938 3.7579765 3.7579765 2.7972761 1.6464199 
taxon_15   2.1441548 1.7949296 1.1088072 2.3541248 3.1666335 3.2765861 2.1269127 2.6134342 2.4931773 2.4141569 2.6816631 2.4526268 1.1873405 1.4745846 0.0000000 2.1618027 1.5457102 1.0661821 1.2750692 2.2270612 2.1529268 1.7894750 2.6640152 1.6286676 1.7472103 2.3775642 2.3093354 2.2568665 1.8400560 0.6934942 
taxon_16   2.5071964 2.6299184 1.8342645 9.0000000 3.7579765 2.7567257 2.5360461 2.3895645 2.4659015 2.6134342 2.7972761 2.5815145 3.2015235 2.9340173 2.1618027 0.0000000 0.8671811 1.3998623 1.8400560 2.6640152 2.8856134 2.1618027 2.8625346 2.1017707 2.0088685 3.4538776 2.7767269 3.3600053 2.6299184 1.3966365 
taxon_17   2.1529268 1.9595550 1.1922265 2.5973046 3.5056223 9.0000000 2.1529268 2.3202845 2.1798759 2.5815145 2.2368653 2.3657530 3.2765861 2.6467731 1.5457102 0.8671811 0.0000000 0.7416461 1.2020950 2.2078294 2.2270612 1.7420909 2.1707848 1.5575838 1.5340217 2.1017707 2.0016221 2.5815145 1.6028030 0.7416461 
taxon_18   1.8115354 1.5778007 0.8017901 2.1618027 2.8856134 2.8184042 1.7170049 2.1184380 1.9132848 2.3313958 1.8757770 1.8171534 2.0461897 2.1890784 1.0661821 1.3998623 0.7416461 0.0000000 0.8406434 1.6832371 1.7120868 1.3682120 1.7786835 1.1401551 1.2481846 1.8228138 1.7575553 1.9873360 1.2669022 0.3864600 
taxon_19   2.1707848 1.9873360 1.0850642 2.2774157 2.7372441 2.9340173 2.0385754 2.5360461 2.2568665 2.5973046 2.2879054 2.1184380 2.0461897 2.3895645 1.2750692 1.8400560 1.2020950 0.8406434 0.0000000 1.5943759 1.4817617 1.1066175 1.8004241 1.1610220 1.1704858 1.7170049 1.7319556 1.7269388 1.2696146 0.6100750 
taxon_20   3.0707584 2.9857619 1.9262162 4.4451945 4.9650549 3.9253341 3.0413429 2.7567257 4.4451945 3.1332946 3.3171365 2.9594434 9.0000000 3.5056223 2.2270612 2.6640152 2.2078294 1.6832371 1.5943759 0.0000000 0.6271860 1.9197226 3.2381161 1.8342645 2.0310377 2.4395830 3.1332946 2.6816631 2.6816631 1.5149367 
taxon_21   2.3657530 2.6640152 1.8285173 3.8369969 2.8184042 9.0000000 2.9594434 2.4659015 2.9340173 2.6997362 2.6816631 2.6997362 4.2778369 2.5973046 2.1529268 2.8856134 2.2270612 1.7120868 1.4817617 0.6271860 0.0000000 1.6832371 2.4659015 1.8115354 2.0161857 2.1890784 2.4395830 2.3093354 2.2368653 1.4362933 
taxon_22   3.6864938 2.5071964 1.7420909 2.7182557 9.0000000 4.4451945 2.5815145 2.7372441 2.7767269 2.8856134 2.8625346 2.6997362 2.7182557 2.9340173 1.7894750 2.1618027 1.7420909 1.3682120 1.1066175 1.9197226 1.6832371 0.0000000 2.4267622 1.6113258 1.6785349 2.2670707 2.1100580 2.4395830 1.7120868 1.1447423 
taxon_23   3.2381161 3.6864938 2.1100580 2.8401449 9.0000000 3.7579765 2.9094249 3.2015235 4.0254827 4.1410957 9.0000000 9.0000000 5.4849153 3.2765861 2.6640152 2.8625346 2.1707848 1.7786835 1.8004241 3.2381161 2.4659015 2.4267622 0.0000000 1.3934245 2.1100580 3.0130376 2.3202845 2.3775642 1.9595550 1.6330665 
taxon_24   2.4267622 2.1100580 1.2273499 2.6134342 3.8369969 3.9253341 2.4017599 2.3775642 2.5360461 3.4538776 2.9857619 2.5214825 2.1184380 2.1618027 1.6286676 2.1017707 1.5575838 1.1401551 1.1610220 1.8342645 1.8115354 1.6113258 1.3934245 0.0000000 1.2588231 1.8517750 1.9197226 1.7840598 1.4569368 0.8946922 
taxon_25   2.3426742 1.9802937 1.5149367 3.2015235 4.1410957 9.0000000 2.1269127 2.6816631 2.3541248 2.9094249 2.6467731 2.2774157 2.4931773 3.8369969 1.7472103 2.0088685 1.5340217 1.2481846 1.1704858 2.0310377 2.0161857 1.6785349 2.1100580 1.2588231 0.0000000 1.8697041 2.0310377 1.9873360 1.4674756 0.9857129 
taxon_26   2.9340173 2.7767269 2.0461897 3.9253341 9.0000000 9.0000000 9.0000000 3.5056223 2.7182557 3.4054737 9.0000000 9.0000000 2.8625346 3.6864938 2.3775642 3.4538776 2.1017707 1.8228138 1.7170049 2.4395830 2.1890784 2.2670707 3.0130376 1.8517750 1.8697041 0.0000000 1.5496472 1.6832371 1.2196838 1.5737135 
taxon_27   3.3600053 3.2015235 2.0310377 4.6609561 2.5973046 3.2015235 2.9594434 2.6467731 2.4526268 9.0000000 2.9594434 3.1013749 2.6997362 3.7579765 2.3093354 2.7767269 2.0016221 1.7575553 1.7319556 3.1332946 2.4395830 2.1100580 2.3202845 1.9197226 2.0310377 1.5496472 0.0000000 1.8757770 1.4031020 1.5575838 
taxon_28   2.9857619 3.6864938 2.2774157 4.9650549 9.0000000 9.0000000 2.9857619 3.4538776 9.0000000 9.0000000 4.4451945 9.0000000 4.1410957 3.7579765 2.2568665 3.3600053 2.5815145 1.9873360 1.7269388 2.6816631 2.3093354 2.4395830 2.3775642 1.7840598 1.9873360 1.6832371 1.8757770 0.0000000 1.3498437 1.6832371 
taxon_29   2.4659015 2.5360461 1.5778007 3.8369969 9.0000000 3.6212353 2.3426742 2.1441548 2.1798759 3.2015235 3.5056223 3.5612033 2.4659015 2.7972761 1.8400560 2.6299184 1.6028030 1.2669022 1.2696146 2.6816631 2.2368653 1.7120868 1.9595550 1.4569368 1.4674756 1.2196838 1.4031020 1.3498437 0.0000000 1.0893256 
taxon_30   1.4639462 1.1610220 0.4511100 1.9069018 2.5815145 3.1666335 1.5111773 1.5378976 1.3870414 1.8577039 1.6975233 1.5943759 1.4604333 1.6464199 0.6934942 1.3966365 0.7416461 0.3864600 0.6100750 1.5149367 1.4362933 1.1447423 1.6330665 0.8946922 0.9857129 1.5737135 1.5575838 1.6832371 1.0893256 0.0000000 
