30
taxon_1    0.0000000 9.0000000 1.1951734 1.2131025 9.0000000 1.1873404 9.0000000 9.0000000 1.2212107 9.0000000 9.0000000 1.2314708 9.0000000 1.1971445 1.2335397 9.0000000 1.2171456 9.0000000 1.2314708 9.0000000 1.1991207 9.0000000 1.1991207 9.0000000 1.1568018 1.2131025 9.0000000 9.0000000 1.1815189 9.0000000 
taxon_2    9.0000000 0.0000000 9.0000000 9.0000000 1.1757422 9.0000000 1.2805636 1.2460748 9.0000000 1.2314708 1.2294075 9.0000000 1.2011023 9.0000000 9.0000000 1.2314708 9.0000000 1.2212107 9.0000000 1.1834544 9.0000000 1.1662123 9.0000000 1.2011023 9.0000000 9.0000000 1.1605518 1.1662123 9.0000000 1.0571210 
taxon_3    1.1951734 9.0000000 0.0000000 0.8520799 1.4562391 1.0670113 9.0000000 9.0000000 0.9647915 9.0000000 9.0000000 0.9103490 4.4451945 0.8633771 1.1256618 9.0000000 1.0686724 9.0000000 1.1605518 9.0000000 1.1605518 9.0000000 1.1456630 9.0000000 1.1530705 1.2011023 9.0000000 9.0000000 1.0787172 3.0298923 
taxon_4    1.2131025 9.0000000 0.8520799 0.0000000 9.0000000 1.1643207 9.0000000 9.0000000 1.1549338 9.0000000 9.0000000 1.0871919 9.0000000 1.0854893 1.1912467 9.0000000 1.1438225 9.0000000 1.1681086 9.0000000 1.1643207 9.0000000 1.1951734 9.0000000 1.1256618 1.1549338 9.0000000 9.0000000 1.1932074 9.0000000 
taxon_5    9.0000000 1.1757422 1.4562391 9.0000000 0.0000000 9.0000000 1.1815189 1.1549338 9.0000000 1.1834544 1.1549338 9.0000000 1.1991207 9.0000000 9.0000000 1.2151213 9.0000000 1.1549338 9.0000000 1.1383280 9.0000000 1.2090810 9.0000000 1.1971445 9.0000000 9.0000000 1.1475080 1.1700097 9.0000000 1.0871919 
taxon_6    1.1873404 9.0000000 1.0670113 1.1643207 9.0000000 0.0000000 0.9405729 0.8595924 1.1328734 9.0000000 9.0000000 1.0906087 9.0000000 1.0297868 1.1892910 9.0000000 1.1456630 9.0000000 1.2717916 9.0000000 1.2335397 9.0000000 1.1662123 9.0000000 1.1700097 1.2397811 9.0000000 9.0000000 1.2335397 9.0000000 
taxon_7    9.0000000 1.2805636 9.0000000 9.0000000 1.1815189 0.9405729 0.0000000 0.1598949 9.0000000 1.1700097 1.1643207 9.0000000 1.1493576 9.0000000 9.0000000 1.1568018 9.0000000 1.1643207 9.0000000 1.2090810 9.0000000 1.1493576 9.0000000 1.2314708 9.0000000 9.0000000 1.2273499 1.1132060 9.0000000 1.1586745 
taxon_8    9.0000000 1.2460748 9.0000000 9.0000000 1.1549338 0.8595924 0.1598949 0.0000000 9.0000000 1.1738265 1.1892910 9.0000000 1.1419866 9.0000000 9.0000000 1.1643207 9.0000000 1.1719157 9.0000000 1.2232515 9.0000000 1.1586745 9.0000000 1.2294075 9.0000000 9.0000000 1.2294075 1.1132060 9.0000000 1.1401550 
taxon_9    1.2212107 9.0000000 0.9647915 1.1549338 9.0000000 1.1328734 9.0000000 9.0000000 0.0000000 1.5232739 1.3167152 0.9883229 9.0000000 0.9590223 1.1700097 9.0000000 1.1493576 9.0000000 1.2011023 9.0000000 1.1238697 9.0000000 1.1662123 9.0000000 1.1365054 1.1834544 9.0000000 9.0000000 1.1853949 9.0000000 
taxon_10   9.0000000 1.2314708 9.0000000 9.0000000 1.1834544 9.0000000 1.1700097 1.1738265 1.5232739 0.0000000 0.5563330 9.0000000 1.1643207 9.0000000 9.0000000 1.2110891 9.0000000 1.2294075 9.0000000 1.2418731 9.0000000 1.1951734 9.0000000 1.3260321 9.0000000 9.0000000 1.1912467 1.1834544 9.0000000 1.1681086 
taxon_11   9.0000000 1.2294075 9.0000000 9.0000000 1.1549338 9.0000000 1.1643207 1.1892910 1.3167152 0.5563330 0.0000000 3.5728314 1.0957634 3.2087006 9.0000000 1.2151213 9.0000000 1.2090810 9.0000000 1.1475080 9.0000000 1.2674438 9.0000000 1.2191754 9.0000000 9.0000000 1.2191754 1.3669732 9.0000000 1.1346872 
taxon_12   1.2314708 9.0000000 0.9103490 1.0871919 9.0000000 1.0906087 9.0000000 9.0000000 0.9883229 9.0000000 3.5728314 0.0000000 2.7488722 0.6792604 1.1815189 9.0000000 1.1512118 9.0000000 1.1605518 9.0000000 1.2171456 9.0000000 1.2110891 9.0000000 1.1738265 1.1971445 9.0000000 9.0000000 1.1401550 9.0000000 
taxon_13   9.0000000 1.2011023 4.4451945 9.0000000 1.1991207 9.0000000 1.1493576 1.1419866 9.0000000 1.1643207 1.0957634 2.7488722 0.0000000 1.3144040 9.0000000 1.2481845 9.0000000 1.1292590 9.0000000 1.1274583 9.0000000 1.1951734 9.0000000 1.1892910 9.0000000 9.0000000 1.1795884 1.2294075 9.0000000 1.1365054 
taxon_14   1.1971445 9.0000000 0.8633771 1.0854893 9.0000000 1.0297868 9.0000000 9.0000000 0.9590223 9.0000000 3.2087006 0.6792604 1.3144040 0.0000000 1.1738265 9.0000000 1.1238697 9.0000000 1.1512118 9.0000000 1.1512118 9.0000000 1.1738265 9.0000000 1.1991207 1.2212107 9.0000000 9.0000000 1.1114434 9.0000000 
taxon_15   1.2335397 9.0000000 1.1256618 1.1912467 9.0000000 1.1892910 9.0000000 9.0000000 1.1700097 9.0000000 9.0000000 1.1815189 9.0000000 1.1738265 0.0000000 1.7534002 0.8545757 9.0000000 1.0250649 9.0000000 1.1493576 9.0000000 1.1700097 9.0000000 1.1873404 1.2191754 9.0000000 9.0000000 1.2030890 9.0000000 
taxon_16   9.0000000 1.2314708 9.0000000 9.0000000 1.2151213 9.0000000 1.1568018 1.1643207 9.0000000 1.2110891 1.2151213 9.0000000 1.2481845 9.0000000 1.7534002 0.0000000 2.1337620 1.1096849 9.0000000 1.1149728 9.0000000 1.0753540 9.0000000 1.1202983 9.0000000 9.0000000 1.1815189 1.1912467 9.0000000 1.1401550 
taxon_17   1.2171456 9.0000000 1.0686724 1.1438225 9.0000000 1.1456630 9.0000000 9.0000000 1.1493576 9.0000000 9.0000000 1.1512118 9.0000000 1.1238697 0.8545757 2.1337620 0.0000000 4.3084517 0.8275679 9.0000000 1.0313674 9.0000000 1.0172604 2.7807919 0.9647915 1.1624339 9.0000000 9.0000000 1.1238697 2.3751870 
taxon_18   9.0000000 1.2212107 9.0000000 9.0000000 1.1549338 9.0000000 1.1643207 1.1719157 9.0000000 1.2294075 1.2090810 9.0000000 1.1292590 9.0000000 9.0000000 1.1096849 4.3084517 0.0000000 1.5672194 0.9462014 3.4054732 0.9130469 9.0000000 1.0888984 9.0000000 9.0000000 1.1815189 1.2212107 9.0000000 1.1310640 
taxon_19   1.2314708 9.0000000 1.1605518 1.1681086 9.0000000 1.2717916 9.0000000 9.0000000 1.2011023 9.0000000 9.0000000 1.1605518 9.0000000 1.1512118 1.0250649 9.0000000 0.8275679 1.5672194 0.0000000 1.5968934 0.7188769 1.3260321 1.0736780 9.0000000 1.1026919 1.1419866 9.0000000 9.0000000 1.1383280 9.0000000 
taxon_20   9.0000000 1.1834544 9.0000000 9.0000000 1.1383280 9.0000000 1.2090810 1.2232515 9.0000000 1.2418731 1.1475080 9.0000000 1.1274583 9.0000000 9.0000000 1.1149728 9.0000000 0.9462014 1.5968934 0.0000000 2.7807919 0.9090037 9.0000000 1.0787172 9.0000000 9.0000000 1.2652793 1.1512118 9.0000000 1.1991207 
taxon_21   1.1991207 9.0000000 1.1605518 1.1643207 9.0000000 1.2335397 9.0000000 9.0000000 1.1238697 9.0000000 9.0000000 1.2171456 9.0000000 1.1512118 1.1493576 9.0000000 1.0313674 3.4054732 0.7188769 2.7807919 0.0000000 1.9622873 1.0974895 9.0000000 1.1328734 1.2030890 9.0000000 9.0000000 1.1475080 9.0000000 
taxon_22   9.0000000 1.1662123 9.0000000 9.0000000 1.2090810 9.0000000 1.1493576 1.1586745 9.0000000 1.1951734 1.2674438 9.0000000 1.1951734 9.0000000 9.0000000 1.0753540 9.0000000 0.9130469 1.3260321 0.9090037 1.9622873 0.0000000 9.0000000 1.1624339 9.0000000 9.0000000 1.2070784 1.1530705 9.0000000 1.0940412 
taxon_23   1.1991207 9.0000000 1.1456630 1.1951734 9.0000000 1.1662123 9.0000000 9.0000000 1.1662123 9.0000000 9.0000000 1.2110891 9.0000000 1.1738265 1.1700097 9.0000000 1.0172604 9.0000000 1.0736780 9.0000000 1.0974895 9.0000000 0.0000000 9.0000000 1.0266356 1.1383280 9.0000000 9.0000000 1.2050810 9.0000000 
taxon_24   9.0000000 1.2011023 9.0000000 9.0000000 1.1971445 9.0000000 1.2314708 1.2294075 9.0000000 1.3260321 1.2191754 9.0000000 1.1892910 9.0000000 9.0000000 1.1202983 2.7807919 1.0888984 9.0000000 1.0787172 9.0000000 1.1624339 9.0000000 0.0000000 0.8996536 9.0000000 1.2294075 1.2397811 9.0000000 1.1310640 
taxon_25   1.1568018 9.0000000 1.1530705 1.1256618 9.0000000 1.1700097 9.0000000 9.0000000 1.1365054 9.0000000 9.0000000 1.1738265 9.0000000 1.1991207 1.1873404 9.0000000 0.9647915 9.0000000 1.1026919 9.0000000 1.1328734 9.0000000 1.0266356 0.8996536 0.0000000 1.2916750 9.0000000 9.0000000 1.1873404 9.0000000 
taxon_26   1.2131025 9.0000000 1.2011023 1.1549338 9.0000000 1.2397811 9.0000000 9.0000000 1.1834544 9.0000000 9.0000000 1.1971445 9.0000000 1.2212107 1.2191754 9.0000000 1.1624339 9.0000000 1.1419866 9.0000000 1.2030890 9.0000000 1.1383280 9.0000000 1.2916750 0.0000000 1.6208133 9.0000000 1.0126165 2.2691283 
taxon_27   9.0000000 1.1605518 9.0000000 9.0000000 1.1475080 9.0000000 1.2273499 1.2294075 9.0000000 1.1912467 1.2191754 9.0000000 1.1795884 9.0000000 9.0000000 1.1815189 9.0000000 1.1815189 9.0000000 1.2652793 9.0000000 1.2070784 9.0000000 1.2294075 9.0000000 1.6208133 0.0000000 1.0974895 9.0000000 0.7552088 
taxon_28   9.0000000 1.1662123 9.0000000 9.0000000 1.1700097 9.0000000 1.1132060 1.1132060 9.0000000 1.1834544 1.3669732 9.0000000 1.2294075 9.0000000 9.0000000 1.1912467 9.0000000 1.2212107 9.0000000 1.1512118 9.0000000 1.1530705 9.0000000 1.2397811 9.0000000 9.0000000 1.0974895 0.0000000 1.9677818 0.8761326 
taxon_29   1.1815189 9.0000000 1.0787172 1.1932074 9.0000000 1.2335397 9.0000000 9.0000000 1.1853949 9.0000000 9.0000000 1.1401550 9.0000000 1.1114434 1.2030890 9.0000000 1.1238697 9.0000000 1.1383280 9.0000000 1.1475080 9.0000000 1.2050810 9.0000000 1.1873404 1.0126165 9.0000000 1.9677818 0.0000000 1.5386748 
taxon_30   9.0000000 1.0571210 3.0298923 9.0000000 1.0871919 9.0000000 1.1586745 1.1401550 9.0000000 1.1681086 1.1346872 9.0000000 1.1365054 9.0000000 9.0000000 1.1401550 2.3751870 1.1310640 9.0000000 1.1991207 9.0000000 1.0940412 9.0000000 1.1310640 9.0000000 2.2691283 0.7552088 0.8761326 1.5386748 0.0000000 
