30
taxon_1    0.0000000 0.4974707 1.7835695 9.0000000 1.5714934 3.8294578 9.0000000 9.0000000 1.7690059 1.7835695 1.6093803 9.0000000 1.6616803 9.0000000 1.5939951 9.0000000 9.0000000 1.5789192 9.0000000 1.8999999 9.0000000 1.7269388 9.0000000 9.0000000 4.2125783 4.5166766 9.0000000 1.8238476 1.6914292 1.7314981 
taxon_2    0.4974707 0.0000000 1.6785349 9.0000000 1.4909961 2.6849169 9.0000000 9.0000000 1.6370879 1.8186930 1.6330665 9.0000000 1.6828084 9.0000000 1.6785349 9.0000000 9.0000000 1.7089739 9.0000000 1.8774418 9.0000000 1.7134249 9.0000000 9.0000000 9.0000000 9.0000000 9.0000000 1.8501661 1.7453447 1.6616803 
taxon_3    1.7835695 1.6785349 0.0000000 9.0000000 1.5180259 3.2047773 9.0000000 9.0000000 1.9057471 1.8238476 1.6785349 9.0000000 1.9057471 9.0000000 1.7407007 9.0000000 9.0000000 1.6828084 9.0000000 1.7642136 3.2381161 1.7594517 9.0000000 9.0000000 9.0000000 9.0000000 9.0000000 1.7224071 1.8186930 1.7179026 
taxon_4    9.0000000 9.0000000 9.0000000 0.0000000 1.4366014 1.5460664 1.8084887 1.9657791 9.0000000 9.0000000 9.0000000 1.7835695 9.0000000 1.8395276 9.0000000 1.7089739 1.8342645 9.0000000 1.7547198 9.0000000 1.7407007 9.0000000 1.7642136 1.8886361 1.9472597 1.7690059 1.9057471 9.0000000 9.0000000 9.0000000 
taxon_5    1.5714934 1.4909961 1.5180259 1.4366014 0.0000000 2.2332853 9.0000000 9.0000000 1.7738291 1.6957771 1.7089739 9.0000000 1.6575252 9.0000000 1.5604899 9.0000000 9.0000000 1.7642136 9.0000000 1.6533929 3.9084788 1.6828084 9.0000000 9.0000000 9.0000000 9.0000000 9.0000000 1.8448280 1.6828084 1.7134249 
taxon_6    3.8294578 2.6849169 3.2047773 1.5460664 2.2332853 0.0000000 1.6451961 1.7407007 9.0000000 9.0000000 5.5562928 1.6700603 9.0000000 1.8501661 3.3480687 1.7500176 1.6533929 9.0000000 1.6785349 9.0000000 1.5249384 2.4141568 1.6533929 1.6957771 1.5389574 1.5460664 1.7269388 3.3095982 2.8482095 1.1092060 
taxon_7    9.0000000 9.0000000 9.0000000 1.8084887 9.0000000 1.6451961 0.0000000 1.4811059 2.4372355 1.9232576 9.0000000 1.7001503 9.0000000 1.6828084 9.0000000 1.6957771 1.7134249 9.0000000 1.8034382 9.0000000 1.8501661 9.0000000 1.7045491 1.8448280 1.8886361 1.8034382 1.6785349 9.0000000 9.0000000 4.0969653 
taxon_8    9.0000000 9.0000000 9.0000000 1.9657791 9.0000000 1.7407007 1.4811059 0.0000000 1.9720553 1.7934380 9.0000000 1.9173752 9.0000000 1.7134249 9.0000000 1.8395276 1.9411868 9.0000000 1.9173752 9.0000000 1.6742856 9.0000000 1.7045491 1.8342645 1.8238476 1.7134249 1.6957771 9.0000000 9.0000000 9.0000000 
taxon_9    1.7690059 1.6370879 1.9057471 9.0000000 1.7738291 9.0000000 2.4372355 1.9720553 0.0000000 0.9862206 1.8084887 9.0000000 1.9291865 9.0000000 1.8942965 9.0000000 9.0000000 1.9976988 9.0000000 1.8135735 9.0000000 1.7884875 9.0000000 9.0000000 9.0000000 3.9968166 9.0000000 1.8186930 1.8886361 1.7134249 
taxon_10   1.7835695 1.8186930 1.8238476 9.0000000 1.6957771 9.0000000 1.9232576 1.7934380 0.9862206 0.0000000 1.8448280 9.0000000 1.8342645 9.0000000 1.7360853 9.0000000 9.0000000 1.6575252 9.0000000 1.6616803 3.2047773 1.7786835 9.0000000 9.0000000 9.0000000 9.0000000 9.0000000 1.7500176 1.8395276 1.7360853 
taxon_11   1.6093803 1.6330665 1.6785349 9.0000000 1.7089739 5.5562928 9.0000000 9.0000000 1.8084887 1.8448280 0.0000000 2.8282083 1.3383846 4.7324386 1.1846886 2.3488983 2.1983953 1.6616803 9.0000000 1.7269388 9.0000000 1.4123079 9.0000000 3.1422411 9.0000000 5.0365368 9.0000000 1.7594517 1.8774418 1.6533929 
taxon_12   9.0000000 9.0000000 9.0000000 1.7835695 9.0000000 1.6700603 1.7001503 1.9173752 9.0000000 9.0000000 2.8282083 0.0000000 0.5706316 1.4183079 1.6451961 1.3410970 1.3687754 5.5562928 1.7984215 9.0000000 1.6055043 2.4490468 1.8034382 1.6575252 1.6411311 1.5678070 1.6575252 9.0000000 9.0000000 9.0000000 
taxon_13   1.6616803 1.6828084 1.9057471 9.0000000 1.6575252 9.0000000 9.0000000 9.0000000 1.9291865 1.8342645 1.3383846 0.5706316 0.0000000 2.2069668 0.9075389 1.8664122 1.8942965 1.4778379 9.0000000 1.6914292 3.9084788 1.3830073 4.5166766 2.6849169 3.0054998 2.9340172 9.0000000 1.7089739 1.7269388 1.7314981 
taxon_14   9.0000000 9.0000000 9.0000000 1.8395276 9.0000000 1.8501661 1.6828084 1.7134249 9.0000000 9.0000000 4.7324386 1.4183079 2.2069668 0.0000000 1.2491454 1.2048091 1.2048091 9.0000000 1.8942965 9.0000000 1.7134249 2.8482095 1.7690059 1.6016483 1.4649066 1.5354280 1.6785349 9.0000000 4.7324386 9.0000000 
taxon_15   1.5939951 1.6785349 1.7407007 9.0000000 1.5604899 3.3480687 9.0000000 9.0000000 1.8942965 1.7360853 1.1846886 1.6451961 0.9075389 1.2491454 0.0000000 0.9090648 0.8909553 1.4396942 4.2125783 1.7001503 2.6075278 1.2443531 3.0054998 3.0309259 2.5508976 2.3700264 9.0000000 1.6492833 1.8238476 1.5284186 
taxon_16   9.0000000 9.0000000 9.0000000 1.7089739 9.0000000 1.7500176 1.6957771 1.8395276 9.0000000 9.0000000 2.3488983 1.3410970 1.8664122 1.2048091 0.9090648 0.0000000 0.8645854 9.0000000 1.8886361 9.0000000 1.5789192 2.7354978 1.6575252 1.6330665 1.5496464 1.6451961 1.7407007 9.0000000 9.0000000 9.0000000 
taxon_17   9.0000000 9.0000000 9.0000000 1.8342645 9.0000000 1.6533929 1.7134249 1.9411868 9.0000000 9.0000000 2.1983953 1.3687754 1.8942965 1.2048091 0.8909553 0.8645854 0.0000000 5.5562928 1.8084887 9.0000000 1.6914292 2.6687872 1.6132764 1.5284186 1.6914292 1.5532435 1.7134249 9.0000000 9.0000000 9.0000000 
taxon_18   1.5789192 1.7089739 1.6828084 9.0000000 1.7642136 9.0000000 9.0000000 9.0000000 1.9976988 1.6575252 1.6616803 5.5562928 1.4778379 9.0000000 1.4396942 9.0000000 5.5562928 0.0000000 2.4256074 1.4213260 1.6658586 0.7574517 2.0175238 1.7134249 1.3975145 1.2637090 9.0000000 1.6370879 1.8719068 1.7360853 
taxon_19   9.0000000 9.0000000 9.0000000 1.7547198 9.0000000 1.6785349 1.8034382 1.9173752 9.0000000 9.0000000 9.0000000 1.7984215 9.0000000 1.8942965 4.2125783 1.8886361 1.8084887 2.4256074 0.0000000 2.3700264 1.1152141 2.3182818 1.5425035 1.4273989 1.5460664 1.3772821 1.8719068 9.0000000 9.0000000 9.0000000 
taxon_20   1.8999999 1.8774418 1.7642136 9.0000000 1.6533929 9.0000000 9.0000000 9.0000000 1.8135735 1.6616803 1.7269388 9.0000000 1.6914292 9.0000000 1.7001503 9.0000000 9.0000000 1.4213260 2.3700264 0.0000000 0.7173612 1.2139277 3.2047773 2.4490468 2.7182557 2.1176723 9.0000000 1.8774418 1.9411868 1.8774418 
taxon_21   9.0000000 9.0000000 3.2381161 1.7407007 3.9084788 1.5249384 1.8501661 1.6742856 9.0000000 3.2047773 9.0000000 1.6055043 3.9084788 1.7134249 2.6075278 1.5789192 1.6914292 1.6658586 1.1152141 0.7173612 0.0000000 1.3065777 1.3830073 1.2937129 1.1868978 1.0388122 1.8238476 9.0000000 9.0000000 9.0000000 
taxon_22   1.7269388 1.7134249 1.7594517 9.0000000 1.6828084 2.4141568 9.0000000 9.0000000 1.7884875 1.7786835 1.4123079 2.4490468 1.3830073 2.8482095 1.2443531 2.7354978 2.6687872 0.7574517 2.3182818 1.2139277 1.3065777 0.0000000 1.4063555 1.3091774 1.0173310 0.7624601 9.0000000 1.7045491 1.7642136 1.5532435 
taxon_23   9.0000000 9.0000000 9.0000000 1.7642136 9.0000000 1.6533929 1.7045491 1.7045491 9.0000000 9.0000000 9.0000000 1.8034382 4.5166766 1.7690059 3.0054998 1.6575252 1.6132764 2.0175238 1.5425035 3.2047773 1.3830073 1.4063555 0.0000000 0.3644150 1.0497880 0.9167414 2.0242503 9.0000000 9.0000000 9.0000000 
taxon_24   9.0000000 9.0000000 9.0000000 1.8886361 9.0000000 1.6957771 1.8448280 1.8342645 9.0000000 9.0000000 3.1422411 1.6575252 2.6849169 1.6016483 3.0309259 1.6330665 1.5284186 1.7134249 1.4273989 2.4490468 1.2937129 1.3091774 0.3644150 0.0000000 0.9981662 0.8984479 1.9595550 9.0000000 9.0000000 3.7579749 
taxon_25   4.2125783 9.0000000 9.0000000 1.9472597 9.0000000 1.5389574 1.8886361 1.8238476 9.0000000 9.0000000 9.0000000 1.6411311 3.0054998 1.4649066 2.5508976 1.5496464 1.6914292 1.3975145 1.5460664 2.7182557 1.1868978 1.0173310 1.0497880 0.9981662 0.0000000 0.6748211 1.9411868 9.0000000 9.0000000 9.0000000 
taxon_26   4.5166766 9.0000000 9.0000000 1.7690059 9.0000000 1.5460664 1.8034382 1.7134249 3.9968166 9.0000000 5.0365368 1.5678070 2.9340172 1.5354280 2.3700264 1.6451961 1.5532435 1.2637090 1.3772821 2.1176723 1.0388122 0.7624601 0.9167414 0.8984479 0.6748211 0.0000000 1.8609577 9.0000000 9.0000000 4.0969653 
taxon_27   9.0000000 9.0000000 9.0000000 1.9057471 9.0000000 1.7269388 1.6785349 1.6957771 9.0000000 9.0000000 9.0000000 1.6575252 9.0000000 1.6785349 9.0000000 1.7407007 1.7134249 9.0000000 1.8719068 9.0000000 1.8238476 9.0000000 2.0242503 1.9595550 1.9411868 1.8609577 0.0000000 2.1025203 1.4745841 9.0000000 
taxon_28   1.8238476 1.8501661 1.7224071 9.0000000 1.8448280 3.3095982 9.0000000 9.0000000 1.8186930 1.7500176 1.7594517 9.0000000 1.7089739 9.0000000 1.6492833 9.0000000 9.0000000 1.6370879 9.0000000 1.8774418 9.0000000 1.7045491 9.0000000 9.0000000 9.0000000 9.0000000 2.1025203 0.0000000 0.8909553 1.7594517 
taxon_29   1.6914292 1.7453447 1.8186930 9.0000000 1.6828084 2.8482095 9.0000000 9.0000000 1.8886361 1.8395276 1.8774418 9.0000000 1.7269388 4.7324386 1.8238476 9.0000000 9.0000000 1.8719068 9.0000000 1.9411868 9.0000000 1.7642136 9.0000000 9.0000000 9.0000000 9.0000000 1.4745841 0.8909553 0.0000000 1.3520461 
taxon_30   1.7314981 1.6616803 1.7179026 9.0000000 1.7134249 1.1092060 4.0969653 9.0000000 1.7134249 1.7360853 1.6533929 9.0000000 1.7314981 9.0000000 1.5284186 9.0000000 9.0000000 1.7360853 9.0000000 1.8774418 9.0000000 1.5532435 9.0000000 3.7579749 9.0000000 4.0969653 9.0000000 1.7594517 1.3520461 0.0000000 
