30
taxon_1    0.0000000 9.0000000 9.0000000 2.2311108 9.0000000 3.6716745 2.5922618 2.6738638 2.4141568 2.6078873 3.8983850 2.1583264 2.6568177 9.0000000 1.6994018 2.9159433 1.6994018 1.9222500 2.4516646 3.8983850 2.5047841 9.0000000 2.0310376 2.3224397 2.7654407 2.6568177 2.8477147 2.1244224 2.3784358 0.5142712 
taxon_2    9.0000000 0.0000000 1.9350163 9.0000000 2.5047841 2.5047841 9.0000000 2.7654407 9.0000000 9.0000000 2.3901548 3.1682983 9.0000000 2.2504667 9.0000000 3.4009145 3.8983850 2.5328248 2.8262848 3.0744259 9.0000000 2.8262848 9.0000000 9.0000000 2.8697751 3.1044299 2.7654407 9.0000000 9.0000000 9.0000000 
taxon_3    9.0000000 1.9350163 0.0000000 9.0000000 2.4020598 2.9159433 3.4978233 3.0744259 9.0000000 5.1993310 2.5922618 9.0000000 9.0000000 2.5047841 2.6401503 2.4516646 2.3555333 2.0237560 2.3011616 2.4777542 9.0000000 2.5328248 9.0000000 9.0000000 2.6238454 2.5047841 2.5328248 9.0000000 9.0000000 2.4020598 
taxon_4    2.2311108 9.0000000 9.0000000 0.0000000 2.3443390 2.3117252 1.9883721 1.5020862 1.4396946 1.8556741 2.3224397 1.6808250 2.4911474 4.3753767 2.4777542 9.0000000 2.3011616 9.0000000 5.1993310 3.4978233 2.6078873 4.8162156 2.5619546 2.2804707 9.0000000 9.0000000 9.0000000 2.7654407 2.8477147 1.8912539 
taxon_5    9.0000000 2.5047841 2.4020598 2.3443390 0.0000000 0.5418877 2.5769551 1.5942737 2.1670475 3.6091383 2.1758711 2.7091644 9.0000000 2.6738638 2.8925040 2.5619546 2.7462089 2.3901548 2.0608923 2.4020598 3.7399033 2.2504667 3.3151067 2.7274580 3.1044299 2.3901548 2.3784358 9.0000000 9.0000000 9.0000000 
taxon_6    3.6716745 2.5047841 2.9159433 2.3117252 0.5418877 0.0000000 2.4389525 1.5020862 2.0023260 3.1044299 2.6078873 2.5769551 9.0000000 2.5922618 3.1356844 3.1356844 2.6738638 2.5328248 2.3784358 2.8925040 9.0000000 2.3784358 9.0000000 3.2023950 2.3668971 2.3443390 2.3011616 6.0226461 9.0000000 9.0000000 
taxon_7    2.5922618 9.0000000 3.4978233 1.9883721 2.5769551 2.4389525 0.0000000 1.3578525 1.4039736 2.0310376 2.5328248 1.8272616 2.3117252 3.8983850 2.7462089 9.0000000 2.3784358 9.0000000 4.3753767 9.0000000 2.6913065 3.4978233 2.5922618 2.5922618 9.0000000 9.0000000 9.0000000 2.3668971 2.7462089 2.6913065 
taxon_8    2.6738638 2.7654407 3.0744259 1.5020862 1.5942737 1.5020862 1.3578525 0.0000000 0.7435491 1.4737141 1.4167671 1.3698768 3.2381161 2.5922618 3.2381161 2.5328248 6.0226461 2.4264522 2.3011616 2.4141568 6.0226461 2.6913065 9.0000000 3.0744259 2.6568177 2.6401503 2.6078873 9.0000000 9.0000000 2.2029825 
taxon_9    2.4141568 9.0000000 9.0000000 1.4396946 2.1670475 2.0023260 1.4039736 0.7435491 0.0000000 1.2680257 1.2977058 1.0982908 2.4264522 9.0000000 2.0023260 3.6716745 2.1411828 2.8697751 2.7274580 3.5514175 2.3443390 9.0000000 2.5769551 2.5186734 3.4978233 3.9922572 3.6091383 2.4645960 2.5769551 1.8161913 
taxon_10   2.6078873 9.0000000 5.1993310 1.8556741 3.6091383 3.1044299 2.0310376 1.4737141 1.2680257 0.0000000 1.8161913 1.4807071 2.5047841 3.9922572 3.2756239 3.0744259 2.9651421 9.0000000 9.0000000 9.0000000 2.6238454 9.0000000 2.2216170 2.2603352 3.7399033 4.5638620 3.8983850 2.5047841 2.6078873 2.1497056 
taxon_11   3.8983850 2.3901548 2.5922618 2.3224397 2.1758711 2.6078873 2.5328248 1.4167671 1.2977058 1.8161913 0.0000000 1.3060085 6.0226461 2.8477147 4.2248678 2.1161805 9.0000000 2.5328248 2.3555333 3.1682983 9.0000000 3.8149659 9.0000000 9.0000000 3.1356844 3.1044299 2.8262848 3.6091383 3.8149659 2.8925040 
taxon_12   2.1583264 3.1682983 9.0000000 1.6808250 2.7091644 2.5769551 1.8272616 1.3698768 1.0982908 1.4807071 1.3060085 0.0000000 2.6078873 2.9401388 2.5472483 9.0000000 2.4516646 9.0000000 9.0000000 3.1682983 2.4911474 4.0995819 3.1682983 2.9401388 9.0000000 9.0000000 9.0000000 2.4911474 2.4911474 2.0685455 
taxon_13   2.6568177 9.0000000 9.0000000 2.4911474 9.0000000 9.0000000 2.3117252 3.2381161 2.4264522 2.5047841 6.0226461 2.6078873 0.0000000 1.0126541 2.5769551 3.3151067 2.3224397 2.6401503 2.8477147 3.0455762 2.2122418 9.0000000 3.2381161 2.2907448 9.0000000 9.0000000 9.0000000 2.7851787 2.2311108 2.2504667 
taxon_14   9.0000000 2.2504667 2.5047841 4.3753767 2.6738638 2.5922618 3.8983850 2.5922618 9.0000000 3.9922572 2.8477147 2.9401388 1.0126541 0.0000000 2.5922618 2.4264522 2.6401503 2.2804707 2.2029825 2.1670475 9.0000000 2.4911474 9.0000000 9.0000000 2.7462089 2.7091644 2.6738638 9.0000000 9.0000000 2.9401388 
taxon_15   1.6994018 9.0000000 2.6401503 2.4777542 2.8925040 3.1356844 2.7462089 3.2381161 2.0023260 3.2756239 4.2248678 2.5472483 2.5769551 2.5922618 0.0000000 2.1497056 1.0940832 1.2218572 1.8499048 2.5328248 2.0608923 2.8477147 1.8556741 2.5186734 3.2756239 2.7851787 2.7462089 1.9814913 2.0023260 1.1621123 
taxon_16   2.9159433 3.4009145 2.4516646 9.0000000 2.5619546 3.1356844 9.0000000 2.5328248 3.6716745 3.0744259 2.1161805 9.0000000 3.3151067 2.4264522 2.1497056 0.0000000 2.7654407 2.0023260 2.2703354 2.4777542 9.0000000 2.9159433 9.0000000 9.0000000 2.3555333 2.1938360 2.3224397 3.2023950 9.0000000 2.6401503 
taxon_17   1.6994018 3.8983850 2.3555333 2.3011616 2.7462089 2.6738638 2.3784358 6.0226461 2.1411828 2.9651421 9.0000000 2.4516646 2.3224397 2.6401503 1.0940832 2.7654407 0.0000000 0.7812928 1.2218572 2.0608923 1.7232892 3.3151067 1.4948919 1.9746731 2.7274580 2.2029825 2.3333094 1.5821113 1.7786835 1.3144041 
taxon_18   1.9222500 2.5328248 2.0237560 9.0000000 2.3901548 2.5328248 9.0000000 2.4264522 2.8697751 9.0000000 2.5328248 9.0000000 2.6401503 2.2804707 1.2218572 2.0023260 0.7812928 0.0000000 0.7716773 1.3668526 1.5901977 1.8441796 1.1306234 1.9222500 1.7330613 1.4702418 1.4772024 1.4135482 1.4232466 1.4807071 
taxon_19   2.4516646 2.8262848 2.3011616 5.1993310 2.0608923 2.3784358 4.3753767 2.3011616 2.7274580 9.0000000 2.3555333 9.0000000 2.8477147 2.2029825 1.8499048 2.2703354 1.2218572 0.7716773 0.0000000 1.5093502 1.6854262 1.9034991 1.3489591 1.9414818 1.9414818 1.7429624 1.7330613 1.5661956 1.7136427 1.8384978 
taxon_20   3.8983850 3.0744259 2.4777542 3.4978233 2.4020598 2.8925040 9.0000000 2.4141568 3.5514175 9.0000000 3.1682983 3.1682983 3.0455762 2.1670475 2.5328248 2.4777542 2.0608923 1.3668526 1.5093502 0.0000000 0.3599048 1.5130088 0.9460637 1.8673475 1.8973515 1.7136427 1.6854262 1.5130088 1.4396946 2.3555333 
taxon_21   2.5047841 9.0000000 9.0000000 2.6078873 3.7399033 9.0000000 2.6913065 6.0226461 2.3443390 2.6238454 9.0000000 2.4911474 2.2122418 9.0000000 2.0608923 9.0000000 1.7232892 1.5901977 1.6854262 0.3599048 0.0000000 1.6024930 0.8357589 1.5130088 2.0608923 1.7786835 1.7429624 1.3115951 1.2343993 1.9096974 
taxon_22   9.0000000 2.8262848 2.5328248 4.8162156 2.2504667 2.3784358 3.4978233 2.6913065 9.0000000 9.0000000 3.8149659 4.0995819 9.0000000 2.4911474 2.8477147 2.9159433 3.3151067 1.8441796 1.9034991 1.5130088 1.6024930 0.0000000 0.9977468 1.9883721 2.0094015 1.8217060 1.8792054 1.9746731 1.8973515 3.5514175 
taxon_23   2.0310376 9.0000000 9.0000000 2.5619546 3.3151067 9.0000000 2.5922618 9.0000000 2.5769551 2.2216170 9.0000000 3.1682983 3.2381161 9.0000000 1.8556741 9.0000000 1.4948919 1.1306234 1.3489591 0.9460637 0.8357589 0.9977468 0.0000000 1.3372630 1.4531178 1.3115951 1.3172236 0.9375019 0.9009498 1.7232892 
taxon_24   2.3224397 9.0000000 9.0000000 2.2804707 2.7274580 3.2023950 2.5922618 3.0744259 2.5186734 2.2603352 9.0000000 2.9401388 2.2907448 9.0000000 2.5186734 9.0000000 1.9746731 1.9222500 1.9414818 1.8673475 1.5130088 1.9883721 1.3372630 0.0000000 1.4667856 1.2867766 1.2813712 1.3913947 1.3945197 2.1161805 
taxon_25   2.7654407 2.8697751 2.6238454 9.0000000 3.1044299 2.3668971 9.0000000 2.6568177 3.4978233 3.7399033 3.1356844 9.0000000 9.0000000 2.7462089 3.2756239 2.3555333 2.7274580 1.7330613 1.9414818 1.8973515 2.0608923 2.0094015 1.4531178 1.4667856 0.0000000 0.2942851 0.2849549 1.9096974 1.7088657 2.7462089 
taxon_26   2.6568177 3.1044299 2.5047841 9.0000000 2.3901548 2.3443390 9.0000000 2.6401503 3.9922572 4.5638620 3.1044299 9.0000000 9.0000000 2.7091644 2.7851787 2.1938360 2.2029825 1.4702418 1.7429624 1.7136427 1.7786835 1.8217060 1.3115951 1.2867766 0.2942851 0.0000000 0.0426536 1.6149933 1.4877660 2.4777542 
taxon_27   2.8477147 2.7654407 2.5328248 9.0000000 2.3784358 2.3011616 9.0000000 2.6078873 3.6091383 3.8983850 2.8262848 9.0000000 9.0000000 2.6738638 2.7462089 2.3224397 2.3333094 1.4772024 1.7330613 1.6854262 1.7429624 1.8792054 1.3172236 1.2813712 0.2849549 0.0426536 0.0000000 1.5741112 1.4531178 2.6568177 
taxon_28   2.1244224 9.0000000 9.0000000 2.7654407 9.0000000 6.0226461 2.3668971 9.0000000 2.4645960 2.5047841 3.6091383 2.4911474 2.7851787 9.0000000 1.9814913 3.2023950 1.5821113 1.4135482 1.5661956 1.5130088 1.3115951 1.9746731 0.9375019 1.3913947 1.9096974 1.6149933 1.5741112 0.0000000 0.5348876 1.9286060 
taxon_29   2.3784358 9.0000000 9.0000000 2.8477147 9.0000000 9.0000000 2.7462089 9.0000000 2.5769551 2.6078873 3.8149659 2.4911474 2.2311108 9.0000000 2.0023260 9.0000000 1.7786835 1.4232466 1.7136427 1.4396946 1.2343993 1.8973515 0.9009498 1.3945197 1.7088657 1.4877660 1.4531178 0.5348876 0.0000000 1.8852055 
taxon_30   0.5142712 9.0000000 2.4020598 1.8912539 9.0000000 9.0000000 2.6913065 2.2029825 1.8161913 2.1497056 2.8925040 2.0685455 2.2504667 2.9401388 1.1621123 2.6401503 1.3144041 1.4807071 1.8384978 2.3555333 1.9096974 3.5514175 1.7232892 2.1161805 2.7462089 2.4777542 2.6568177 1.9286060 1.8852055 0.0000000 
