RF=0.595745
WRF=0.029600
