30
taxon_1    0.0000000 0.7178345 2.9594434 2.6640152 3.2381161 2.1618027 1.8228138 3.4054737 2.3426742 2.8856134 2.4659015 3.9253341 2.8184042 9.0000000 4.1410957 3.2015235 9.0000000 3.5612033 9.0000000 3.2381161 3.4538776 4.2778369 9.0000000 9.0000000 9.0000000 9.0000000 9.0000000 9.0000000 9.0000000 2.6640152 
taxon_2    0.7178345 0.0000000 2.5815145 2.4395830 2.6467731 1.9527676 1.8285173 9.0000000 2.2368653 2.6816631 2.1707848 9.0000000 2.6467731 3.4054737 9.0000000 3.6864938 9.0000000 3.1013749 9.0000000 3.5612033 4.0254827 2.6640152 3.2015235 3.3171365 4.0254827 9.0000000 3.6212353 3.7579765 4.9650549 2.5660501 
taxon_3    2.9594434 2.5815145 0.0000000 1.8757770 1.7170049 0.9969631 1.3115250 2.7372441 2.1798759 2.0385754 1.7370061 9.0000000 2.4267622 3.1013749 2.7972761 2.9340173 9.0000000 2.3895645 3.0413429 2.9094249 4.6609561 3.2765861 4.1410957 2.8856134 3.5612033 3.0707584 4.6609561 4.1410957 4.1410957 1.7170049 
taxon_4    2.6640152 2.4395830 1.8757770 0.0000000 0.4146043 1.1516760 1.7072008 2.6640152 2.4141569 3.2765861 2.4526268 2.5660501 3.1013749 9.0000000 3.5056223 2.9857619 3.2381161 4.6609561 4.1410957 2.4931773 9.0000000 3.5612033 2.8856134 4.0254827 2.9094249 3.0707584 3.4054737 3.2381161 9.0000000 2.4659015 
taxon_5    3.2381161 2.6467731 1.7170049 0.4146043 0.0000000 0.9709704 1.5943759 2.8625346 2.4267622 2.7372441 2.1441548 3.4054737 3.5612033 3.2015235 9.0000000 2.8625346 2.9857619 2.5071964 2.6816631 2.6299184 9.0000000 3.6212353 3.2765861 3.9253341 2.6816631 4.2778369 3.2015235 3.5612033 9.0000000 2.1017707 
taxon_6    2.1618027 1.9527676 0.9969631 1.1516760 0.9709704 0.0000000 0.7593259 1.7733454 1.6028030 1.7472103 1.3902262 2.5508980 1.6692180 2.8401449 2.1890784 2.0695076 2.5508980 2.1184380 2.5973046 2.5815145 2.3775642 2.6997362 2.9857619 3.2015235 2.8856134 4.9650549 2.5360461 3.4054737 2.5660501 1.2020950 
taxon_7    1.8228138 1.8285173 1.3115250 1.7072008 1.5943759 0.7593259 0.0000000 1.5656053 1.3231082 1.4499923 1.0957634 2.6816631 1.5819103 2.2670707 2.1100580 2.1798759 3.1666335 2.2985439 2.6467731 2.4267622 2.3426742 9.0000000 3.2381161 3.0413429 2.4794154 2.6816631 2.1618027 2.4267622 2.2985439 1.0538531 
taxon_8    3.4054737 9.0000000 2.7372441 2.6640152 2.8625346 1.7733454 1.5656053 0.0000000 2.0935739 2.2879054 2.1184380 3.6864938 2.9094249 3.5612033 2.8184042 9.0000000 3.4538776 9.0000000 3.6212353 3.0413429 4.9650549 9.0000000 3.2765861 9.0000000 9.0000000 9.0000000 2.7372441 2.4395830 3.1332946 2.2368653 
taxon_9    2.3426742 2.2368653 2.1798759 2.4141569 2.4267622 1.6028030 1.3231082 2.0935739 0.0000000 1.1776629 0.8468036 2.7182557 2.5360461 2.9340173 4.1410957 2.7767269 3.3600053 2.5660501 3.1666335 2.8625346 3.1332946 2.3657530 3.0413429 4.0254827 4.6609561 2.8625346 3.2765861 4.6609561 3.0413429 1.8636800 
taxon_10   2.8856134 2.6816631 2.0385754 3.2765861 2.7372441 1.7472103 1.4499923 2.2879054 1.1776629 0.0000000 0.4846977 9.0000000 3.0413429 3.1013749 2.9857619 3.1666335 3.5056223 3.3600053 4.4451945 2.8625346 4.4451945 9.0000000 2.6467731 3.3171365 3.8369969 3.6864938 2.9857619 3.4538776 2.5660501 2.1100580 
taxon_11   2.4659015 2.1707848 1.7370061 2.4526268 2.1441548 1.3902262 1.0957634 2.1184380 0.8468036 0.4846977 0.0000000 3.2765861 2.4141569 2.7372441 2.6640152 3.2381161 3.6212353 3.3600053 3.5056223 2.5660501 3.3171365 3.7579765 3.1666335 9.0000000 9.0000000 2.8856134 2.3775642 2.6299184 2.2173837 1.7219554 
taxon_12   3.9253341 9.0000000 9.0000000 2.5660501 3.4054737 2.5508980 2.6816631 3.6864938 2.7182557 9.0000000 3.2765861 0.0000000 2.2774157 3.1332946 3.2381161 2.9094249 4.1410957 9.0000000 9.0000000 2.9857619 9.0000000 3.4054737 3.7579765 2.7767269 3.1013749 2.9594434 4.9650549 5.4849153 9.0000000 2.3313958 
taxon_13   2.8184042 2.6467731 2.4267622 3.1013749 3.5612033 1.6692180 1.5819103 2.9094249 2.5360461 3.0413429 2.4141569 2.2774157 0.0000000 2.4267622 2.2879054 2.4794154 3.0130376 2.4267622 2.5508980 2.8856134 2.8856134 2.7767269 2.2879054 4.1410957 3.3171365 2.6816631 2.2879054 3.2015235 2.7767269 1.0893256 
taxon_14   9.0000000 3.4054737 3.1013749 9.0000000 3.2015235 2.8401449 2.2670707 3.5612033 2.9340173 3.1013749 2.7372441 3.1332946 2.4267622 0.0000000 2.3775642 2.6640152 2.7567257 3.2381161 3.3171365 3.1332946 3.0413429 9.0000000 9.0000000 9.0000000 3.2015235 9.0000000 2.9594434 3.0707584 3.4054737 1.9197226 
taxon_15   4.1410957 9.0000000 2.7972761 3.5056223 9.0000000 2.1890784 2.1100580 2.8184042 4.1410957 2.9857619 2.6640152 3.2381161 2.2879054 2.3775642 0.0000000 1.4604333 1.8757770 1.5378976 9.0000000 2.6467731 2.9094249 2.8856134 2.7372441 3.4538776 3.4538776 9.0000000 3.4054737 3.5612033 5.4849153 1.8517750 
taxon_16   3.2015235 3.6864938 2.9340173 2.9857619 2.8625346 2.0695076 2.1798759 9.0000000 2.7767269 3.1666335 3.2381161 2.9094249 2.4794154 2.6640152 1.4604333 0.0000000 1.7269388 1.3086569 9.0000000 2.7567257 2.7567257 3.6864938 3.1013749 9.0000000 2.9094249 2.6134342 2.5973046 3.1332946 4.6609561 1.7420909 
taxon_17   9.0000000 9.0000000 9.0000000 3.2381161 2.9857619 2.5508980 3.1666335 3.4538776 3.3600053 3.5056223 3.6212353 4.1410957 3.0130376 2.7567257 1.8757770 1.7269388 0.0000000 1.2095826 9.0000000 9.0000000 2.6640152 2.8184042 2.9340173 9.0000000 9.0000000 3.1332946 3.3600053 3.6864938 3.2015235 2.0854657 
taxon_18   3.5612033 3.1013749 2.3895645 4.6609561 2.5071964 2.1184380 2.2985439 9.0000000 2.5660501 3.3600053 3.3600053 9.0000000 2.4267622 3.2381161 1.5378976 1.3086569 1.2095826 0.0000000 3.1666335 3.0130376 3.1666335 3.2765861 2.7567257 9.0000000 9.0000000 9.0000000 9.0000000 9.0000000 9.0000000 1.9733169 
taxon_19   9.0000000 9.0000000 3.0413429 4.1410957 2.6816631 2.5973046 2.6467731 3.6212353 3.1666335 4.4451945 3.5056223 9.0000000 2.5508980 3.3171365 9.0000000 9.0000000 9.0000000 3.1666335 0.0000000 2.7182557 2.5973046 3.0707584 2.8625346 4.4451945 4.4451945 4.0254827 3.6864938 9.0000000 3.2765861 2.0538821 
taxon_20   3.2381161 3.5612033 2.9094249 2.4931773 2.6299184 2.5815145 2.4267622 3.0413429 2.8625346 2.8625346 2.5660501 2.9857619 2.8856134 3.1332946 2.6467731 2.7567257 9.0000000 3.0130376 2.7182557 0.0000000 0.9913169 3.0707584 2.4794154 3.2381161 2.9857619 9.0000000 9.0000000 9.0000000 9.0000000 2.1798759 
taxon_21   3.4538776 4.0254827 4.6609561 9.0000000 9.0000000 2.3775642 2.3426742 4.9650549 3.1332946 4.4451945 3.3171365 9.0000000 2.8856134 3.0413429 2.9094249 2.7567257 2.6640152 3.1666335 2.5973046 0.9913169 0.0000000 2.9094249 2.5815145 3.6864938 3.1013749 3.2765861 3.3171365 9.0000000 5.4849153 2.0616541 
taxon_22   4.2778369 2.6640152 3.2765861 3.5612033 3.6212353 2.6997362 9.0000000 9.0000000 2.3657530 9.0000000 3.7579765 3.4054737 2.7767269 9.0000000 2.8856134 3.6864938 2.8184042 3.2765861 3.0707584 3.0707584 2.9094249 0.0000000 1.0724235 9.0000000 9.0000000 5.4849153 9.0000000 9.0000000 9.0000000 2.2078294 
taxon_23   9.0000000 3.2015235 4.1410957 2.8856134 3.2765861 2.9857619 3.2381161 3.2765861 3.0413429 2.6467731 3.1666335 3.7579765 2.2879054 9.0000000 2.7372441 3.1013749 2.9340173 2.7567257 2.8625346 2.4794154 2.5815145 1.0724235 0.0000000 4.9650549 3.0707584 9.0000000 2.6299184 3.6864938 3.2381161 1.8458926 
taxon_24   9.0000000 3.3171365 2.8856134 4.0254827 3.9253341 3.2015235 3.0413429 9.0000000 4.0254827 3.3171365 9.0000000 2.7767269 4.1410957 9.0000000 3.4538776 9.0000000 9.0000000 9.0000000 4.4451945 3.2381161 3.6864938 9.0000000 4.9650549 0.0000000 0.3161959 0.7389627 1.7733454 2.4794154 2.2568665 1.9802937 
taxon_25   9.0000000 4.0254827 3.5612033 2.9094249 2.6816631 2.8856134 2.4794154 9.0000000 4.6609561 3.8369969 9.0000000 3.1013749 3.3171365 3.2015235 3.4538776 2.9094249 9.0000000 9.0000000 4.4451945 2.9857619 3.1013749 9.0000000 3.0707584 0.3161959 0.0000000 0.7036467 1.7269388 2.1890784 2.1890784 1.7523650 
taxon_26   9.0000000 9.0000000 3.0707584 3.0707584 4.2778369 4.9650549 2.6816631 9.0000000 2.8625346 3.6864938 2.8856134 2.9594434 2.6816631 9.0000000 9.0000000 2.6134342 3.1332946 9.0000000 4.0254827 9.0000000 3.2765861 5.4849153 9.0000000 0.7389627 0.7036467 0.0000000 1.1728706 1.5696484 1.5340217 1.4963253 
taxon_27   9.0000000 3.6212353 4.6609561 3.4054737 3.2015235 2.5360461 2.1618027 2.7372441 3.2765861 2.9857619 2.3775642 4.9650549 2.2879054 2.9594434 3.4054737 2.5973046 3.3600053 9.0000000 3.6864938 9.0000000 3.3171365 9.0000000 2.6299184 1.7733454 1.7269388 1.1728706 0.0000000 0.5933457 0.5546552 1.4499923 
taxon_28   9.0000000 3.7579765 4.1410957 3.2381161 3.5612033 3.4054737 2.4267622 2.4395830 4.6609561 3.4538776 2.6299184 5.4849153 3.2015235 3.0707584 3.5612033 3.1332946 3.6864938 9.0000000 9.0000000 9.0000000 9.0000000 9.0000000 3.6864938 2.4794154 2.1890784 1.5696484 0.5933457 0.0000000 0.8608519 1.6975233 
taxon_29   9.0000000 4.9650549 4.1410957 9.0000000 9.0000000 2.5660501 2.2985439 3.1332946 3.0413429 2.5660501 2.2173837 9.0000000 2.7767269 3.4054737 5.4849153 4.6609561 3.2015235 9.0000000 3.2765861 9.0000000 5.4849153 9.0000000 3.2381161 2.2568665 2.1890784 1.5340217 0.5546552 0.8608519 0.0000000 1.6509244 
taxon_30   2.6640152 2.5660501 1.7170049 2.4659015 2.1017707 1.2020950 1.0538531 2.2368653 1.8636800 2.1100580 1.7219554 2.3313958 1.0893256 1.9197226 1.8517750 1.7420909 2.0854657 1.9733169 2.0538821 2.1798759 2.0616541 2.2078294 1.8458926 1.9802937 1.7523650 1.4963253 1.4499923 1.6975233 1.6509244 0.0000000 
