RF=0.574468
WRF=0.035436
