30
taxon_1    0.0000000 0.7006710 1.2824040 1.2359608 0.5926107 1.0051945 0.5518671 1.5602481 1.4745846 0.7964692 0.7736827 0.7488490 1.4627734 0.7443383 1.3538868 1.4817617 0.7680926 1.5846626 0.8110706 0.8239592 0.8219619 0.8013048 0.7802573 1.4938783 1.4351620 1.3599927 1.4841694 1.3765223 0.7945436 1.3786143 
taxon_2    0.7006710 0.0000000 1.3891629 1.4020203 0.6466676 1.1922260 0.6880518 1.4374244 1.5710010 0.8179831 0.8071490 0.8130391 1.5710010 0.7935827 1.4890082 1.5314488 0.8051959 1.5187150 0.8042212 0.8330136 0.7812015 0.7983997 0.7993668 1.5819103 1.4914393 1.4306576 1.5263293 1.4041848 0.7897513 1.4745846 
taxon_3    1.2824040 1.3891629 0.0000000 0.4253997 1.0972015 0.6372533 1.2307824 0.7926230 0.7916646 1.4841694 1.4963253 1.4604333 0.8380915 1.4914393 0.8120542 0.8411548 1.5656053 0.7907073 1.5901976 1.5111773 1.5549289 1.5187150 1.5012433 0.8309921 0.7746184 0.7802573 0.7793147 0.7680926 1.4374244 0.7579510 
taxon_4    1.2359608 1.4020203 0.4253997 0.0000000 1.1073467 0.6187714 1.2256396 0.7993668 0.7974338 1.5444025 1.5061939 1.5391941 0.8299833 1.5136814 0.8110706 0.8360562 1.4817617 0.8140253 1.5391941 1.4581005 1.6330664 1.6013919 1.5522834 0.8140253 0.7935827 0.8032478 0.7802573 0.7783731 1.4722075 0.7878429 
taxon_5    0.5926107 0.6466676 1.0972015 1.1073467 0.0000000 0.6814073 0.5616711 1.4557749 1.5391941 0.7964692 0.7736827 0.8051959 1.4396946 0.7389626 1.3807122 1.5340217 0.7830930 1.5136814 0.7926230 0.7793147 0.8051959 0.8179831 0.8081275 1.5985776 1.4284155 1.4107159 1.4651208 1.3702809 0.7680926 1.3870413 
taxon_6    1.0051945 1.1922260 0.6372533 0.6187714 0.6814073 0.0000000 1.0180373 0.7821467 0.8120542 1.5086814 1.5061939 1.4627734 0.8081275 1.3682119 0.7616229 0.7736827 1.5288847 0.8130391 1.5602481 1.4374244 1.5929806 1.5496472 1.5549289 0.8120542 0.7774326 0.7653131 0.8199698 0.7588673 1.5012433 0.7755553 
taxon_7    0.5518671 0.6880518 1.2307824 1.2256396 0.5616711 1.0180373 0.0000000 1.3955641 1.3744360 0.7336246 0.6855532 0.6905587 1.4374244 0.6233490 1.0703366 1.5496472 0.7265657 1.3786143 0.7887965 0.7774326 0.7634651 0.6847222 0.6913963 1.3786143 1.1432096 1.1571136 1.2991751 1.0090243 0.6674801 1.0731197 
taxon_8    1.5602481 1.4374244 0.7926230 0.7993668 1.4557749 0.7821467 1.3955641 0.0000000 0.7187031 1.3067509 1.1618054 1.4841694 0.8042212 1.4173045 0.7479448 0.8249599 1.4674756 0.8081275 1.6185029 1.5874250 1.5061939 1.4793617 1.5037145 0.8380915 0.7616229 0.7955058 0.7926230 0.7515680 1.4914393 0.7533862 
taxon_9    1.4745846 1.5710010 0.7916646 0.7974338 1.5391941 0.8120542 1.3744360 0.7187031 0.0000000 1.1325716 0.9382401 1.3807122 0.8032478 1.3786143 0.7274445 0.8091072 1.5037145 0.8042212 1.5314488 1.5549289 1.4306576 1.3702809 1.4581005 0.7945436 0.7653131 0.7690214 0.7926230 0.7327386 1.4041848 0.7006710 
taxon_10   0.7964692 0.8179831 1.4841694 1.5444025 0.7964692 1.5086814 0.7336246 1.3067509 1.1325716 0.0000000 0.2804748 0.7625435 1.5496472 0.7309697 1.3438196 1.4674756 0.8299833 1.5012433 0.8330136 0.8081275 0.7821467 0.7616229 0.7671649 1.5522834 1.4745846 1.4627734 1.4351620 1.3438196 0.7671649 1.3559166 
taxon_11   0.7736827 0.8071490 1.4963253 1.5061939 0.7736827 1.5061939 0.6855532 1.1618054 0.9382401 0.2804748 0.0000000 0.7371790 1.4745846 0.6610145 1.1987911 1.4793617 0.8081275 1.5037145 0.8269652 0.7993668 0.7887965 0.7461398 0.7570359 1.4865849 1.3744360 1.3438196 1.4442539 1.2325046 0.7230610 1.2325046 
taxon_12   0.7488490 0.8130391 1.4604333 1.5391941 0.8051959 1.4627734 0.6905587 1.4841694 1.3807122 0.7625435 0.7371790 0.0000000 1.3620391 0.5845736 1.0154511 1.4151019 0.7283242 1.3661487 0.7452389 0.7690214 0.7849894 0.7300869 0.7380703 1.3955641 1.2750692 1.2824040 1.4129057 1.1280580 0.6822346 1.1696926 
taxon_13   1.4627734 1.5710010 0.8380915 0.8299833 1.4396946 0.8081275 1.4374244 0.8042212 0.8032478 1.5496472 1.4745846 1.3620391 0.0000000 1.0039222 0.6855532 0.7887965 1.3828160 0.7830930 1.4890082 1.4890082 1.4914393 1.5187150 1.4534565 0.7945436 0.7542970 0.7579510 0.8022757 0.7524766 1.4129057 0.7443383 
taxon_14   0.7443383 0.7935827 1.4914393 1.5136814 0.7389626 1.3682119 0.6233490 1.4173045 1.3786143 0.7309697 0.6610145 0.5845736 1.0039222 0.0000000 0.7300869 1.3144041 0.7015198 1.1857188 0.7178345 0.7135068 0.7470418 0.6855532 0.7049247 1.3744360 1.1478160 1.1681086 1.3620391 1.0284722 0.6650489 1.0620499 
taxon_15   1.3538868 1.4890082 0.8120542 0.8110706 1.3807122 0.7616229 1.0703366 0.7479448 0.7274445 1.3438196 1.1987911 1.0154511 0.6855532 0.7300869 0.0000000 0.6490398 1.0871917 0.6180111 1.1586744 1.1540016 1.4581005 1.3338857 1.3124834 0.7643889 0.6435164 0.6748211 0.7126442 0.5708911 1.1808749 0.5766218 
taxon_16   1.4817617 1.5314488 0.8411548 0.8360562 1.5340217 0.7736827 1.5496472 0.8249599 0.8091072 1.4674756 1.4793617 1.4151019 0.7887965 1.3144041 0.6490398 0.0000000 1.2991751 0.7955058 1.4239513 1.3438196 1.5187150 1.5237826 1.5496472 0.8061718 0.7964692 0.7955058 0.7974338 0.7955058 1.4987803 0.7955058 
taxon_17   0.7680926 0.8051959 1.5656053 1.4817617 0.7830930 1.5288847 0.7265657 1.4674756 1.5037145 0.8299833 0.8081275 0.7283242 1.3828160 0.7015198 1.0871917 1.2991751 0.0000000 1.1220819 0.6897222 0.6789307 0.8100883 0.7907073 0.7552088 1.4722075 1.4151019 1.5012433 1.5136814 1.4396946 0.8003352 1.3765223 
taxon_18   1.5846626 1.5187150 0.7907073 0.8140253 1.5136814 0.8130391 1.3786143 0.8081275 0.8042212 1.5012433 1.5037145 1.3661487 0.7830930 1.1857188 0.6180111 0.7955058 1.1220819 0.0000000 1.1971445 1.1938614 1.5791680 1.5136814 1.5111773 0.7926230 0.7607033 0.7607033 0.7727477 0.7488490 1.4914393 0.7292050 
taxon_19   0.8110706 0.8042212 1.5901976 1.5391941 0.7926230 1.5602481 0.7887965 1.6185029 1.5314488 0.8330136 0.8269652 0.7452389 1.4890082 0.7178345 1.1586744 1.4239513 0.6897222 1.1971445 0.0000000 0.4808906 0.7821467 0.8179831 0.7945436 1.4865849 1.3807122 1.4745846 1.5417938 1.4239513 0.7662384 1.3849257 
taxon_20   0.8239592 0.8330136 1.5111773 1.4581005 0.7793147 1.4374244 0.7774326 1.5874250 1.5549289 0.8081275 0.7993668 0.7690214 1.4890082 0.7135068 1.1540016 1.3438196 0.6789307 1.1938614 0.4808906 0.0000000 0.8229599 0.8130391 0.7907073 1.4698378 1.4987803 1.4581005 1.5136814 1.4511452 0.7916646 1.4329064 
taxon_21   0.8219619 0.7812015 1.5549289 1.6330664 0.8051959 1.5929806 0.7634651 1.5061939 1.4306576 0.7821467 0.7887965 0.7849894 1.4914393 0.7470418 1.4581005 1.5187150 0.8100883 1.5791680 0.7821467 0.8229599 0.0000000 0.3436221 0.6248811 1.4284155 1.2696146 1.2972930 1.4817617 1.2087470 0.7926230 1.4173045 
taxon_22   0.8013048 0.7983997 1.5187150 1.6013919 0.8179831 1.5496472 0.6847222 1.4793617 1.3702809 0.7616229 0.7461398 0.7300869 1.5187150 0.6855532 1.3338857 1.5237826 0.7907073 1.5136814 0.8179831 0.8130391 0.3436221 0.0000000 0.4733338 1.3498437 1.1250640 1.1649507 1.3498437 0.9963336 0.7625435 1.3338857 
taxon_23   0.7802573 0.7993668 1.5012433 1.5522834 0.8081275 1.5549289 0.6913963 1.5037145 1.4581005 0.7671649 0.7570359 0.7380703 1.4534565 0.7049247 1.3124834 1.5496472 0.7552088 1.5111773 0.7945436 0.7907073 0.6248811 0.4733338 0.0000000 1.3599927 1.0634238 1.1146781 1.2239324 0.9221104 0.7283242 1.2879530 
taxon_24   1.4938783 1.5819103 0.8309921 0.8140253 1.5985776 0.8120542 1.3786143 0.8380915 0.7945436 1.5522834 1.4865849 1.3955641 0.7945436 1.3744360 0.7643889 0.8061718 1.4722075 0.7926230 1.4865849 1.4698378 1.4284155 1.3498437 1.3599927 0.0000000 0.6570017 0.7006710 0.7497543 0.6044568 1.4020203 0.7671649 
taxon_25   1.4351620 1.4914393 0.7746184 0.7935827 1.4284155 0.7774326 1.1432096 0.7616229 0.7653131 1.4745846 1.3744360 1.2750692 0.7542970 1.1478160 0.6435164 0.7964692 1.4151019 0.7607033 1.3807122 1.4987803 1.2696146 1.1250640 1.0634238 0.6570017 0.0000000 0.5258845 0.6014777 0.3726372 1.1987911 0.6210567 
taxon_26   1.3599927 1.4306576 0.7802573 0.8032478 1.4107159 0.7653131 1.1571136 0.7955058 0.7690214 1.4627734 1.3438196 1.2824040 0.7579510 1.1681086 0.6748211 0.7955058 1.5012433 0.7607033 1.4745846 1.4581005 1.2972930 1.1649507 1.1146781 0.7006710 0.5258845 0.0000000 0.6149779 0.3892553 1.2517140 0.6450903 
taxon_27   1.4841694 1.5263293 0.7793147 0.7802573 1.4651208 0.8199698 1.2991751 0.7926230 0.7926230 1.4351620 1.4442539 1.4129057 0.8022757 1.3620391 0.7126442 0.7974338 1.5136814 0.7727477 1.5417938 1.5136814 1.4817617 1.3498437 1.2239324 0.7497543 0.6014777 0.6149779 0.0000000 0.4652324 1.3299487 0.7327386 
taxon_28   1.3765223 1.4041848 0.7680926 0.7783731 1.3702809 0.7588673 1.0090243 0.7515680 0.7327386 1.3438196 1.2325046 1.1280580 0.7524766 1.0284722 0.5708911 0.7955058 1.4396946 0.7488490 1.4239513 1.4511452 1.2087470 0.9963336 0.9221104 0.6044568 0.3726372 0.3892553 0.4652324 0.0000000 1.1044340 0.5644960 
taxon_29   0.7945436 0.7897513 1.4374244 1.4722075 0.7680926 1.5012433 0.6674801 1.4914393 1.4041848 0.7671649 0.7230610 0.6822346 1.4129057 0.6650489 1.1808749 1.4987803 0.8003352 1.4914393 0.7662384 0.7916646 0.7926230 0.7625435 0.7283242 1.4020203 1.1987911 1.2517140 1.3299487 1.1044340 0.0000000 0.9913169 
taxon_30   1.3786143 1.4745846 0.7579510 0.7878429 1.3870413 0.7755553 1.0731197 0.7533862 0.7006710 1.3559166 1.2325046 1.1696926 0.7443383 1.0620499 0.5766218 0.7955058 1.3765223 0.7292050 1.3849257 1.4329064 1.4173045 1.3338857 1.2879530 0.7671649 0.6210567 0.6450903 0.7327386 0.5644960 0.9913169 0.0000000 
