RF=0.638298
WRF=0.030999
