30
taxon_1    0.0000000 1.1202983 9.0000000 9.0000000 9.0000000 9.0000000 1.1438226 9.0000000 9.0000000 1.1757423 1.1932075 9.0000000 9.0000000 1.1662123 1.1512118 9.0000000 1.1624339 9.0000000 9.0000000 1.1912467 1.2191755 9.0000000 1.2545496 9.0000000 1.1238698 9.0000000 1.1776629 1.1795884 1.1681086 9.0000000 
taxon_2    1.1202983 0.0000000 1.4208426 9.0000000 9.0000000 9.0000000 1.1643207 9.0000000 9.0000000 1.2151214 1.2418732 9.0000000 9.0000000 1.2070784 1.2011023 9.0000000 1.2314708 9.0000000 9.0000000 1.1951734 1.2916750 9.0000000 1.2273499 9.0000000 1.1892910 9.0000000 1.3052296 1.2545496 1.2252979 9.0000000 
taxon_3    9.0000000 1.4208426 0.0000000 1.1586745 1.1114434 1.1932075 9.0000000 1.2783611 1.2050811 9.0000000 9.0000000 1.2070784 1.1892910 9.0000000 9.0000000 1.1991208 9.0000000 1.2376949 1.2294075 9.0000000 9.0000000 1.2376949 9.0000000 1.2397812 9.0000000 1.3378435 9.0000000 9.0000000 9.0000000 1.3098028 
taxon_4    9.0000000 9.0000000 1.1586745 0.0000000 0.8812961 1.1346873 9.0000000 1.2212107 1.1419866 9.0000000 9.0000000 1.1438226 1.0888984 9.0000000 9.0000000 1.2827729 9.0000000 1.2171457 1.1456631 9.0000000 9.0000000 1.1757423 9.0000000 1.1700098 9.0000000 1.2674439 9.0000000 9.0000000 9.0000000 1.1605519 
taxon_5    9.0000000 9.0000000 1.1114434 0.8812961 0.0000000 1.1114434 9.0000000 1.1475081 1.2090811 9.0000000 9.0000000 1.1238698 1.0554853 9.0000000 9.0000000 1.2212107 9.0000000 1.1568019 1.1853949 9.0000000 9.0000000 1.2011023 9.0000000 1.1096849 9.0000000 1.2110891 9.0000000 9.0000000 9.0000000 1.1795884 
taxon_6    9.0000000 9.0000000 1.1932075 1.1346873 1.1114434 0.0000000 2.5941199 1.1256619 1.2252979 9.0000000 9.0000000 1.0141613 0.9322085 9.0000000 9.0000000 1.1834544 9.0000000 1.1719157 1.1757423 9.0000000 9.0000000 1.1310641 9.0000000 1.0409217 9.0000000 1.1892910 9.0000000 9.0000000 9.0000000 1.1401551 
taxon_7    1.1438226 1.1643207 9.0000000 9.0000000 9.0000000 2.5941199 0.0000000 9.0000000 9.0000000 1.0393209 0.9363790 1.7492678 1.3845034 1.0126165 1.1892910 9.0000000 1.1475081 9.0000000 9.0000000 1.1530705 1.1991208 9.0000000 1.1456631 1.8182820 0.9561542 9.0000000 1.0923231 1.0620499 1.1419866 9.0000000 
taxon_8    9.0000000 9.0000000 1.2783611 1.2212107 1.1475081 1.1256619 9.0000000 0.0000000 0.9532970 1.7052552 1.1757423 0.6723661 0.7064629 9.0000000 9.0000000 1.1132061 9.0000000 1.0670113 1.1096849 9.0000000 9.0000000 1.1185190 9.0000000 0.8227602 5.1324010 1.1493577 9.0000000 9.0000000 9.0000000 1.1328735 
taxon_9    9.0000000 9.0000000 1.2050811 1.1419866 1.2090811 1.2252979 9.0000000 0.9532970 0.0000000 1.4646507 1.6785349 0.9547243 0.9575869 9.0000000 9.0000000 1.1605519 9.0000000 1.1643207 1.1815189 9.0000000 9.0000000 1.1438226 9.0000000 1.0473595 9.0000000 1.1202983 9.0000000 9.0000000 9.0000000 1.1328735 
taxon_10   1.1757423 1.2151214 9.0000000 9.0000000 9.0000000 9.0000000 1.0393209 1.7052552 1.4646507 0.0000000 0.5759030 1.8505946 1.8319601 1.0377234 1.1719157 9.0000000 1.1401551 9.0000000 9.0000000 1.1310641 1.1310641 9.0000000 1.1132061 2.7807919 1.0018911 9.0000000 1.1401551 1.0297868 1.1815189 9.0000000 
taxon_11   1.1932075 1.2418732 9.0000000 9.0000000 9.0000000 9.0000000 0.9363790 1.1757423 1.6785349 0.5759030 0.0000000 1.2460749 1.2566833 1.0034139 1.1624339 9.0000000 1.1292590 9.0000000 9.0000000 1.0736780 1.1079306 9.0000000 1.0686724 1.8048488 0.9377744 9.0000000 1.0820956 1.0720058 1.1932075 9.0000000 
taxon_12   9.0000000 9.0000000 1.2070784 1.1438226 1.1238698 1.0141613 1.7492678 0.6723661 0.9547243 1.8505946 1.2460749 0.0000000 0.3297319 2.1909326 9.0000000 1.1383280 9.0000000 1.0003713 1.0736780 9.0000000 9.0000000 1.0219334 9.0000000 0.5299277 1.7091513 1.0473595 9.0000000 3.4439437 9.0000000 0.9184718 
taxon_13   9.0000000 9.0000000 1.1892910 1.0888984 1.0554853 0.9322085 1.3845034 0.7064629 0.9575869 1.8319601 1.2566833 0.3297319 0.0000000 1.7575552 9.0000000 1.0554853 9.0000000 0.9280610 0.9853408 3.9253333 4.3084528 0.9883229 2.9857618 0.3303530 1.2961661 0.9720661 2.8141307 2.1476513 9.0000000 0.8179831 
taxon_14   1.1662123 1.2070784 9.0000000 9.0000000 9.0000000 9.0000000 1.0126165 9.0000000 9.0000000 1.0377234 1.0034139 2.1909326 1.7575552 0.0000000 0.8458764 2.0616534 0.7651281 1.4703111 2.1269127 0.8050009 0.7411086 2.2212397 0.7945437 1.1719157 1.0018911 9.0000000 1.0686724 1.1185190 1.1238698 9.0000000 
taxon_15   1.1512118 1.2011023 9.0000000 9.0000000 9.0000000 9.0000000 1.1892910 9.0000000 9.0000000 1.1719157 1.1624339 9.0000000 9.0000000 0.8458764 0.0000000 0.2874842 0.1718706 4.3084528 9.0000000 1.0219334 0.9433819 3.7885930 0.9853408 2.9646337 1.1951734 9.0000000 1.1912467 1.1238698 1.1795884 9.0000000 
taxon_16   9.0000000 9.0000000 1.1991208 1.2827729 1.2212107 1.1834544 9.0000000 1.1132061 1.1605519 9.0000000 9.0000000 1.1383280 1.0554853 2.0616534 0.2874842 0.0000000 0.4200119 0.9691478 1.0234975 9.0000000 2.7182557 0.9853408 4.0926918 0.9157545 9.0000000 1.1951734 9.0000000 9.0000000 9.0000000 1.1586745 
taxon_17   1.1624339 1.2314708 9.0000000 9.0000000 9.0000000 9.0000000 1.1475081 9.0000000 9.0000000 1.1401551 1.1292590 9.0000000 9.0000000 0.7651281 0.1718706 0.4200119 0.0000000 2.9440845 5.6522725 0.9662408 0.9076608 3.6212352 0.9575869 2.2691283 1.1202983 9.0000000 1.1568019 1.0906088 1.1776629 9.0000000 
taxon_18   9.0000000 9.0000000 1.2376949 1.2171457 1.1568019 1.1719157 9.0000000 1.0670113 1.1643207 9.0000000 9.0000000 1.0003713 0.9280610 1.4703111 4.3084528 0.9691478 2.9440845 0.0000000 0.8215630 1.8893128 1.5141833 0.8684533 2.0132497 0.7899424 9.0000000 1.1549339 9.0000000 9.0000000 9.0000000 1.1568019 
taxon_19   9.0000000 9.0000000 1.2294075 1.1456631 1.1853949 1.1757423 9.0000000 1.1096849 1.1815189 9.0000000 9.0000000 1.0736780 0.9853408 2.1269127 9.0000000 1.0234975 5.6522725 0.8215630 0.0000000 1.6563658 2.1983953 0.9433819 2.4344284 0.9547243 9.0000000 1.1274583 9.0000000 9.0000000 9.0000000 1.0923231 
taxon_20   1.1912467 1.1951734 9.0000000 9.0000000 9.0000000 9.0000000 1.1530705 9.0000000 9.0000000 1.1310641 1.0736780 9.0000000 3.9253333 0.8050009 1.0219334 9.0000000 0.9662408 1.8893128 1.6563658 0.0000000 0.8508351 2.3657530 0.8608519 2.6745540 1.0923231 9.0000000 1.2191755 1.2252979 1.2376949 9.0000000 
taxon_21   1.2191755 1.2916750 9.0000000 9.0000000 9.0000000 9.0000000 1.1991208 9.0000000 9.0000000 1.1310641 1.1079306 9.0000000 4.3084528 0.7411086 0.9433819 2.7182557 0.9076608 1.5141833 2.1983953 0.8508351 0.0000000 1.1700098 0.4981769 2.1133978 1.1643207 9.0000000 1.1873405 1.1114434 1.1167438 9.0000000 
taxon_22   9.0000000 9.0000000 1.2376949 1.1757423 1.2011023 1.1310641 9.0000000 1.1185190 1.1438226 9.0000000 9.0000000 1.0219334 0.9883229 2.2212397 3.7885930 0.9853408 3.6212352 0.8684533 0.9433819 2.3657530 1.1700098 0.0000000 0.8372768 0.9103490 9.0000000 1.1951734 9.0000000 9.0000000 9.0000000 1.1475081 
taxon_23   1.2545496 1.2273499 9.0000000 9.0000000 9.0000000 9.0000000 1.1456631 9.0000000 9.0000000 1.1132061 1.0686724 9.0000000 2.9857618 0.7945437 0.9853408 4.0926918 0.9575869 2.0132497 2.4344284 0.8608519 0.4981769 0.8372768 0.0000000 2.2774157 1.1549339 9.0000000 1.1096849 1.1079306 1.1419866 9.0000000 
taxon_24   9.0000000 9.0000000 1.2397812 1.1700098 1.1096849 1.0409217 1.8182820 0.8227602 1.0473595 2.7807919 1.8048488 0.5299277 0.3303530 1.1719157 2.9646337 0.9157545 2.2691283 0.7899424 0.9547243 2.6745540 2.1133978 0.9103490 2.2774157 0.0000000 1.7209626 1.0653539 2.9857618 2.6745540 9.0000000 0.8878009 
taxon_25   1.1238698 1.1892910 9.0000000 9.0000000 9.0000000 9.0000000 0.9561542 5.1324010 9.0000000 1.0018911 0.9377744 1.7091513 1.2961661 1.0018911 1.1951734 9.0000000 1.1202983 9.0000000 9.0000000 1.0923231 1.1643207 9.0000000 1.1549339 1.7209626 0.0000000 9.0000000 1.0871919 1.0080011 1.1149729 9.0000000 
taxon_26   9.0000000 9.0000000 1.3378435 1.2674439 1.2110891 1.1892910 9.0000000 1.1493577 1.1202983 9.0000000 9.0000000 1.0473595 0.9720661 9.0000000 9.0000000 1.1951734 9.0000000 1.1549339 1.1274583 9.0000000 9.0000000 1.1951734 9.0000000 1.0653539 9.0000000 0.0000000 1.6491193 9.0000000 9.0000000 1.1079306 
taxon_27   1.1776629 1.3052296 9.0000000 9.0000000 9.0000000 9.0000000 1.0923231 9.0000000 9.0000000 1.1401551 1.0820956 9.0000000 2.8141307 1.0686724 1.1912467 9.0000000 1.1568019 9.0000000 9.0000000 1.2191755 1.1873405 9.0000000 1.1096849 2.9857618 1.0871919 1.6491193 0.0000000 1.0604033 1.1328735 9.0000000 
taxon_28   1.1795884 1.2545496 9.0000000 9.0000000 9.0000000 9.0000000 1.0620499 9.0000000 9.0000000 1.0297868 1.0720058 3.4439437 2.1476513 1.1185190 1.1238698 9.0000000 1.0906088 9.0000000 9.0000000 1.2252979 1.1114434 9.0000000 1.1079306 2.6745540 1.0080011 9.0000000 1.0604033 0.0000000 1.0670113 2.1909326 
taxon_29   1.1681086 1.2252979 9.0000000 9.0000000 9.0000000 9.0000000 1.1419866 9.0000000 9.0000000 1.1815189 1.1932075 9.0000000 9.0000000 1.1238698 1.1795884 9.0000000 1.1776629 9.0000000 9.0000000 1.2376949 1.1167438 9.0000000 1.1419866 9.0000000 1.1149729 9.0000000 1.1328735 1.0670113 0.0000000 2.3657530 
taxon_30   9.0000000 9.0000000 1.3098028 1.1605519 1.1795884 1.1401551 9.0000000 1.1328735 1.1328735 9.0000000 9.0000000 0.9184718 0.8179831 9.0000000 9.0000000 1.1586745 9.0000000 1.1568019 1.0923231 9.0000000 9.0000000 1.1475081 9.0000000 0.8878009 9.0000000 1.1079306 9.0000000 2.1909326 2.3657530 0.0000000 
