30
taxon_1    0.0000000 1.2030891 1.2335398 9.0000000 1.2418732 1.2356145 1.1475081 9.0000000 1.1873405 1.2050811 1.2294076 9.0000000 9.0000000 1.1912467 9.0000000 9.0000000 1.2151214 1.1662123 1.1971445 9.0000000 1.1383280 9.0000000 9.0000000 9.0000000 9.0000000 9.0000000 1.1719157 9.0000000 9.0000000 9.0000000 
taxon_2    1.2030891 0.0000000 0.8558263 2.4766931 0.7095470 0.8800013 1.1079306 3.6212353 0.9590213 1.1776629 1.2030891 9.0000000 9.0000000 1.2212108 9.0000000 9.0000000 1.1662123 1.1493577 1.1873405 9.0000000 1.1662123 9.0000000 9.0000000 9.0000000 9.0000000 9.0000000 1.2460749 9.0000000 9.0000000 9.0000000 
taxon_3    1.2335398 0.8558263 0.0000000 2.3028418 0.6704077 0.8384988 1.1795884 9.0000000 0.9898184 1.2131026 1.1991208 9.0000000 9.0000000 1.2652794 9.0000000 9.0000000 1.1681086 1.1456631 1.2151214 9.0000000 1.1873405 9.0000000 9.0000000 9.0000000 9.0000000 9.0000000 1.3167153 9.0000000 9.0000000 9.0000000 
taxon_4    9.0000000 2.4766931 2.3028418 0.0000000 1.3972805 2.1983953 9.0000000 1.0653539 2.8856134 9.0000000 9.0000000 1.2110891 1.1971445 9.0000000 1.2212108 1.1873405 9.0000000 9.0000000 9.0000000 1.1568019 9.0000000 1.1605519 1.1549339 1.1346873 1.1738266 1.2070784 9.0000000 1.1624339 1.1149729 1.1256619 
taxon_5    1.2418732 0.7095470 0.6704077 1.3972805 0.0000000 0.6304237 1.0923231 2.3564358 0.7718144 1.1256619 1.1681086 9.0000000 9.0000000 1.1853949 9.0000000 9.0000000 1.1149729 1.1456631 1.2376949 9.0000000 1.1185190 9.0000000 9.0000000 9.0000000 9.0000000 9.0000000 1.2191755 9.0000000 9.0000000 9.0000000 
taxon_6    1.2356145 0.8800013 0.8384988 2.1983953 0.6304237 0.0000000 0.9308226 1.3595841 0.4406000 1.0219334 1.1662123 9.0000000 9.0000000 1.1456631 9.0000000 9.0000000 1.0313675 1.0992197 1.1149729 9.0000000 0.9547233 9.0000000 9.0000000 9.0000000 9.0000000 3.0767818 1.1971445 9.0000000 9.0000000 9.0000000 
taxon_7    1.1475081 1.1079306 1.1795884 9.0000000 1.0923231 0.9308226 0.0000000 1.1757423 0.9116960 1.2050811 1.1624339 9.0000000 9.0000000 1.1873405 9.0000000 9.0000000 1.1815189 1.1530705 1.2314708 9.0000000 1.1419866 9.0000000 9.0000000 9.0000000 9.0000000 9.0000000 1.1700098 9.0000000 9.0000000 9.0000000 
taxon_8    9.0000000 3.6212353 9.0000000 1.0653539 2.3564358 1.3595841 1.1757423 0.0000000 1.2460749 9.0000000 9.0000000 1.1815189 1.1530705 9.0000000 1.1795884 1.1681086 9.0000000 9.0000000 9.0000000 1.1738266 9.0000000 1.2191755 1.2212108 1.2131026 1.1419866 1.0489777 9.0000000 1.2609690 1.1365054 1.1238698 
taxon_9    1.1873405 0.9590213 0.9898184 2.8856134 0.7718144 0.4406000 0.9116960 1.2460749 0.0000000 1.0473595 1.1132061 9.0000000 9.0000000 1.2151214 9.0000000 9.0000000 1.0554853 1.1185190 1.1114434 9.0000000 0.9633450 9.0000000 9.0000000 9.0000000 9.0000000 2.8490207 1.2011023 9.0000000 9.0000000 9.0000000 
taxon_10   1.2050811 1.1776629 1.2131026 9.0000000 1.1256619 1.0219334 1.2050811 9.0000000 1.0473595 0.0000000 1.0637001 9.0000000 3.1013743 1.0770337 9.0000000 3.7285608 0.8014986 1.0188149 1.0425260 3.1013743 0.7116103 9.0000000 9.0000000 9.0000000 9.0000000 9.0000000 1.2460749 9.0000000 9.0000000 9.0000000 
taxon_11   1.2294076 1.2030891 1.1991208 9.0000000 1.1681086 1.1662123 1.1624339 9.0000000 1.1132061 1.0637001 0.0000000 2.4987535 9.0000000 1.1456631 9.0000000 9.0000000 0.9838541 1.1132061 1.1419866 9.0000000 0.9253079 9.0000000 9.0000000 9.0000000 9.0000000 9.0000000 1.1971445 9.0000000 9.0000000 9.0000000 
taxon_12   9.0000000 9.0000000 9.0000000 1.2110891 9.0000000 9.0000000 9.0000000 1.1815189 9.0000000 9.0000000 2.4987535 0.0000000 0.9868303 9.0000000 1.1292590 1.0787172 2.3202844 9.0000000 9.0000000 0.9898184 1.8843621 1.2090811 1.2314708 1.2418732 1.0992197 1.1114434 9.0000000 1.1586745 1.1365054 1.1549339 
taxon_13   9.0000000 9.0000000 9.0000000 1.1971445 9.0000000 9.0000000 9.0000000 1.1530705 9.0000000 3.1013743 9.0000000 0.9868303 0.0000000 9.0000000 1.0034139 0.8800013 1.2273499 9.0000000 9.0000000 0.9853408 1.4846519 1.1757423 1.1738266 1.2252980 1.1568019 1.0940413 9.0000000 1.1401551 1.1419866 1.1346873 
taxon_14   1.1912467 1.2212108 1.2652794 9.0000000 1.1853949 1.1456631 1.1873405 9.0000000 1.2151214 1.0770337 1.1456631 9.0000000 9.0000000 0.0000000 2.6888401 9.0000000 0.8372763 1.1096849 1.1456631 9.0000000 0.9958304 9.0000000 9.0000000 9.0000000 9.0000000 9.0000000 1.1912467 9.0000000 9.0000000 9.0000000 
taxon_15   9.0000000 9.0000000 9.0000000 1.2212108 9.0000000 9.0000000 9.0000000 1.1795884 9.0000000 9.0000000 9.0000000 1.1292590 1.0034139 2.6888401 0.0000000 1.0473595 1.7617335 9.0000000 9.0000000 1.0313675 2.4552630 1.2070784 1.1991208 1.1892910 1.1873405 1.1202983 9.0000000 1.2030891 1.1815189 1.1971445 
taxon_16   9.0000000 9.0000000 9.0000000 1.1873405 9.0000000 9.0000000 9.0000000 1.1681086 9.0000000 3.7285608 9.0000000 1.0787172 0.8800013 9.0000000 1.0473595 0.0000000 0.9913169 9.0000000 9.0000000 1.0141613 1.6491194 1.2939172 1.3075127 1.2717917 1.2652794 1.1892910 9.0000000 1.2171457 1.2588231 1.2110891 
taxon_17   1.2151214 1.1662123 1.1681086 9.0000000 1.1149729 1.0313675 1.1815189 9.0000000 1.0554853 0.8014986 0.9838541 2.3202844 1.2273499 0.8372763 1.7617335 0.9913169 0.0000000 0.9239356 0.9116960 1.7013793 0.4228182 9.0000000 9.0000000 9.0000000 9.0000000 9.0000000 1.2545496 9.0000000 9.0000000 9.0000000 
taxon_18   1.1662123 1.1493577 1.1456631 9.0000000 1.1456631 1.0992197 1.1530705 9.0000000 1.1185190 1.0188149 1.1132061 9.0000000 9.0000000 1.1096849 9.0000000 9.0000000 0.9239356 0.0000000 0.7421837 1.1114434 0.7085175 9.0000000 9.0000000 9.0000000 9.0000000 9.0000000 1.2849885 9.0000000 9.0000000 9.0000000 
taxon_19   1.1971445 1.1873405 1.2151214 9.0000000 1.2376949 1.1149729 1.2314708 9.0000000 1.1114434 1.0425260 1.1419866 9.0000000 9.0000000 1.1456631 9.0000000 9.0000000 0.9116960 0.7421837 0.0000000 0.8659104 0.6962723 9.0000000 9.0000000 9.0000000 9.0000000 9.0000000 1.2545496 9.0000000 9.0000000 9.0000000 
taxon_20   9.0000000 9.0000000 9.0000000 1.1568019 9.0000000 9.0000000 9.0000000 1.1738266 9.0000000 3.1013743 9.0000000 0.9898184 0.9853408 9.0000000 1.0313675 1.0141613 1.7013793 1.1114434 0.8659104 0.0000000 1.0234975 1.2252980 1.2524219 1.2545496 1.2294076 1.0837905 9.0000000 1.1681086 1.1586745 1.1795884 
taxon_21   1.1383280 1.1662123 1.1873405 9.0000000 1.1185190 0.9547233 1.1419866 9.0000000 0.9633450 0.7116103 0.9253079 1.8843621 1.4846519 0.9958304 2.4552630 1.6491194 0.4228182 0.7085175 0.6962723 1.0234975 0.0000000 9.0000000 9.0000000 9.0000000 9.0000000 2.4766931 1.2872108 9.0000000 9.0000000 9.0000000 
taxon_22   9.0000000 9.0000000 9.0000000 1.1605519 9.0000000 9.0000000 9.0000000 1.2191755 9.0000000 9.0000000 9.0000000 1.2090811 1.1757423 9.0000000 1.2070784 1.2939172 9.0000000 9.0000000 9.0000000 1.2252980 9.0000000 0.0000000 0.0761370 0.1683583 0.8287742 1.1365054 9.0000000 1.2171457 1.2439711 1.2131026 
taxon_23   9.0000000 9.0000000 9.0000000 1.1549339 9.0000000 9.0000000 9.0000000 1.2212108 9.0000000 9.0000000 9.0000000 1.2314708 1.1738266 9.0000000 1.1991208 1.3075127 9.0000000 9.0000000 9.0000000 1.2524219 9.0000000 0.0761370 0.0000000 0.1559449 0.7910898 1.1310641 9.0000000 1.1951734 1.2294076 1.1971445 
taxon_24   9.0000000 9.0000000 9.0000000 1.1346873 9.0000000 9.0000000 9.0000000 1.2131026 9.0000000 9.0000000 9.0000000 1.2418732 1.2252980 9.0000000 1.1892910 1.2717917 9.0000000 9.0000000 9.0000000 1.2545496 9.0000000 0.1683583 0.1559449 0.0000000 0.7706958 1.1220819 9.0000000 1.2356145 1.2011023 1.1991208 
taxon_25   9.0000000 9.0000000 9.0000000 1.1738266 9.0000000 9.0000000 9.0000000 1.1419866 9.0000000 9.0000000 9.0000000 1.0992197 1.1568019 9.0000000 1.1873405 1.2652794 9.0000000 9.0000000 9.0000000 1.2294076 9.0000000 0.8287742 0.7910898 0.7706958 0.0000000 0.8263627 9.0000000 1.1605519 1.0957634 1.0266356 
taxon_26   9.0000000 9.0000000 9.0000000 1.2070784 9.0000000 3.0767818 9.0000000 1.0489777 2.8490207 9.0000000 9.0000000 1.1114434 1.0940413 9.0000000 1.1202983 1.1892910 9.0000000 9.0000000 9.0000000 1.0837905 2.4766931 1.1365054 1.1310641 1.1220819 0.8263627 0.0000000 9.0000000 0.9076602 0.5605441 0.5656288 
taxon_27   1.1719157 1.2460749 1.3167153 9.0000000 1.2191755 1.1971445 1.1700098 9.0000000 1.2011023 1.2460749 1.1971445 9.0000000 9.0000000 1.1912467 9.0000000 9.0000000 1.2545496 1.2849885 1.2545496 9.0000000 1.2872108 9.0000000 9.0000000 9.0000000 9.0000000 9.0000000 0.0000000 9.0000000 9.0000000 9.0000000 
taxon_28   9.0000000 9.0000000 9.0000000 1.1624339 9.0000000 9.0000000 9.0000000 1.2609690 9.0000000 9.0000000 9.0000000 1.1586745 1.1401551 9.0000000 1.2030891 1.2171457 9.0000000 9.0000000 9.0000000 1.1681086 9.0000000 1.2171457 1.1951734 1.2356145 1.1605519 0.9076602 9.0000000 0.0000000 0.7314997 0.9103483 
taxon_29   9.0000000 9.0000000 9.0000000 1.1149729 9.0000000 9.0000000 9.0000000 1.1365054 9.0000000 9.0000000 9.0000000 1.1365054 1.1419866 9.0000000 1.1815189 1.2588231 9.0000000 9.0000000 9.0000000 1.1586745 9.0000000 1.2439711 1.2294076 1.2011023 1.0957634 0.5605441 9.0000000 0.7314997 0.0000000 0.4478325 
taxon_30   9.0000000 9.0000000 9.0000000 1.1256619 9.0000000 9.0000000 9.0000000 1.1238698 9.0000000 9.0000000 9.0000000 1.1549339 1.1346873 9.0000000 1.1971445 1.2110891 9.0000000 9.0000000 9.0000000 1.1795884 9.0000000 1.2131026 1.1971445 1.1991208 1.0266356 0.5656288 9.0000000 0.9103483 0.4478325 0.0000000 
