50
taxon_1    0.0000000 0.1107952 0.0879624 0.0760633 0.1415566 0.1015785 0.1395464 0.1363413 0.1496516 0.1598949 0.1553706 0.1468084 0.1574237 0.0928508 0.2014544 0.2027637 0.2049509 0.1949421 0.1833605 0.1808109 0.2067053 0.1984083 0.1876292 0.1799630 0.2204428 0.2191023 0.1476197 0.2124356 0.2124356 0.2137642 0.1880574 0.2159838 0.2071446 0.2075841 0.1932150 0.2182100 0.1997123 0.1867735 0.1958071 0.1979741 0.2164285 0.2271814 0.2262794 0.1842123 0.2115512 0.2106678 0.1833605 0.2231310 0.2177642 0.2075841 
taxon_2    0.1107952 0.0000000 0.0962539 0.0860906 0.1549607 0.1201266 0.1586583 0.1553706 0.1694439 0.1765808 0.1732138 0.1640317 0.1782700 0.1115684 0.2199957 0.2213378 0.2217857 0.2164285 0.2071446 0.2075841 0.2249284 0.2191023 0.2111093 0.2027637 0.2426834 0.2380906 0.1715359 0.2321618 0.2422229 0.2408429 0.2115512 0.2353484 0.2253785 0.2258288 0.2128782 0.2408429 0.2249284 0.2097854 0.2191023 0.2222338 0.2408429 0.2528877 0.2505563 0.2045130 0.2294411 0.2262794 0.2018906 0.2426834 0.2348923 0.2235799 
taxon_3    0.0879624 0.0962539 0.0000000 0.0453435 0.1335480 0.0951178 0.1315591 0.1287835 0.1439759 0.1512812 0.1504660 0.1387438 0.1516891 0.0853433 0.1945099 0.1962400 0.1984083 0.1880574 0.1765808 0.1774249 0.1988427 0.1906317 0.1825097 0.1736338 0.2115512 0.2089041 0.1403498 0.2032006 0.2080238 0.2071446 0.1803868 0.2014544 0.1932150 0.1958071 0.1803868 0.2067053 0.1923529 0.1774249 0.1893434 0.1893434 0.2075841 0.2177642 0.2155393 0.1774249 0.2023270 0.2040753 0.1778473 0.2155393 0.2080238 0.1975402 
taxon_4    0.0760633 0.0860906 0.0453435 0.0000000 0.1213012 0.0834780 0.1205179 0.1181729 0.1315591 0.1411541 0.1371413 0.1260182 0.1411541 0.0734853 0.1846385 0.1889145 0.1884858 0.1778473 0.1648618 0.1690262 0.1910617 0.1833605 0.1706984 0.1648618 0.2023270 0.1992774 0.1327518 0.1962400 0.1997123 0.1958071 0.1723744 0.2001474 0.1893434 0.1902021 0.1753164 0.1992774 0.1833605 0.1723744 0.1812353 0.1816598 0.2005828 0.2097854 0.2089041 0.1669411 0.1936464 0.1927838 0.1665248 0.2080238 0.2005828 0.1893434 
taxon_5    0.1415566 0.1549607 0.1335480 0.1213012 0.0000000 0.1256240 0.1727940 0.1677744 0.1854918 0.1906317 0.1940780 0.1842123 0.1893434 0.1252300 0.2367183 0.2413026 0.2399244 0.2326162 0.2217857 0.2231310 0.2417626 0.2344366 0.2267302 0.2195489 0.2533548 0.2542900 0.1859188 0.2440668 0.2533548 0.2538222 0.2249284 0.2505563 0.2380906 0.2454527 0.2303469 0.2514880 0.2348923 0.2240292 0.2312538 0.2321618 0.2505563 0.2613411 0.2603971 0.2186560 0.2445284 0.2422229 0.2173187 0.2561638 0.2514880 0.2408429 
taxon_6    0.1015785 0.1201266 0.0951178 0.0834780 0.1256240 0.0000000 0.1339464 0.1295755 0.1407519 0.1512812 0.1484318 0.1399480 0.1574237 0.0883373 0.1962400 0.1992774 0.2018906 0.1889145 0.1808109 0.1778473 0.1992774 0.1923529 0.1812353 0.1736338 0.2124356 0.2084638 0.1455932 0.2084638 0.2115512 0.2119932 0.1859188 0.2111093 0.2001474 0.2045130 0.1884858 0.2128782 0.1966732 0.1867735 0.1919222 0.1953745 0.2106678 0.2253785 0.2244787 0.1812353 0.2084638 0.2045130 0.1795394 0.2168735 0.2067053 0.1992774 
taxon_7    0.1395464 0.1586583 0.1315591 0.1205179 0.1727940 0.1339464 0.0000000 0.0471161 0.1088657 0.1166137 0.1541415 0.1464031 0.1623742 0.0924737 0.2137642 0.2155393 0.2217857 0.2128782 0.1997123 0.1971066 0.2164285 0.2097854 0.2001474 0.1902021 0.2298938 0.2231310 0.1594825 0.2240292 0.2213378 0.2253785 0.2005828 0.2289886 0.2191023 0.2191023 0.2040753 0.2249284 0.2093446 0.1984083 0.2062663 0.2062663 0.2231310 0.2339810 0.2317076 0.1906317 0.2186560 0.2150952 0.1893434 0.2339810 0.2195489 0.2150952 
taxon_8    0.1363413 0.1553706 0.1287835 0.1181729 0.1677744 0.1295755 0.0471161 0.0000000 0.1042550 0.1154464 0.1561912 0.1455932 0.1582466 0.0890876 0.2142076 0.2106678 0.2182100 0.2093446 0.1962400 0.1945099 0.2168735 0.2097854 0.2005828 0.1893434 0.2244787 0.2199957 0.1553706 0.2177642 0.2191023 0.2208901 0.1945099 0.2244787 0.2142076 0.2191023 0.2018906 0.2213378 0.2080238 0.1927838 0.2049509 0.2036378 0.2208901 0.2321618 0.2298938 0.1906317 0.2150952 0.2137642 0.1863460 0.2308002 0.2173187 0.2128782 
taxon_9    0.1496516 0.1694439 0.1439759 0.1315591 0.1854918 0.1407519 0.1088657 0.1042550 0.0000000 0.1170032 0.1698618 0.1611336 0.1727940 0.1057887 0.2289886 0.2271814 0.2321618 0.2249284 0.2097854 0.2080238 0.2317076 0.2249284 0.2155393 0.2040753 0.2417626 0.2380906 0.1727940 0.2399244 0.2390070 0.2390070 0.2097854 0.2426834 0.2335258 0.2339810 0.2186560 0.2403835 0.2276328 0.2137642 0.2226823 0.2240292 0.2422229 0.2538222 0.2491609 0.2071446 0.2380906 0.2294411 0.2058276 0.2482322 0.2353484 0.2249284 
taxon_10   0.1598949 0.1765808 0.1512812 0.1411541 0.1906317 0.1512812 0.1166137 0.1154464 0.1170032 0.0000000 0.1799630 0.1702800 0.1846385 0.1127297 0.2390070 0.2399244 0.2463780 0.2348923 0.2208901 0.2213378 0.2408429 0.2371755 0.2249284 0.2164285 0.2524208 0.2477682 0.1859188 0.2510220 0.2556949 0.2505563 0.2244787 0.2566330 0.2486964 0.2463780 0.2339810 0.2580423 0.2394655 0.2258288 0.2353484 0.2330709 0.2524208 0.2603971 0.2575722 0.2150952 0.2454527 0.2390070 0.2142076 0.2556949 0.2422229 0.2358048 
taxon_11   0.1553706 0.1732138 0.1504660 0.1371413 0.1940780 0.1484318 0.1541415 0.1561912 0.1698618 0.1799630 0.0000000 0.0582009 0.1574237 0.0932282 0.2285364 0.2312538 0.2339810 0.2235799 0.2102265 0.2097854 0.2348923 0.2271814 0.2137642 0.2062663 0.2477682 0.2486964 0.1761591 0.2422229 0.2422229 0.2440668 0.2177642 0.2440668 0.2348923 0.2380906 0.2217857 0.2463780 0.2312538 0.2182100 0.2213378 0.2267302 0.2422229 0.2542900 0.2524208 0.2049509 0.2362614 0.2330709 0.2089041 0.2454527 0.2344366 0.2249284 
taxon_12   0.1468084 0.1640317 0.1387438 0.1260182 0.1842123 0.1399480 0.1464031 0.1455932 0.1611336 0.1702800 0.0582009 0.0000000 0.1533231 0.0845966 0.2186560 0.2204428 0.2262794 0.2146512 0.2036378 0.2023270 0.2267302 0.2173187 0.2071446 0.1984083 0.2390070 0.2376329 0.1698618 0.2371755 0.2362614 0.2394655 0.2111093 0.2353484 0.2244787 0.2298938 0.2142076 0.2417626 0.2262794 0.2080238 0.2155393 0.2217857 0.2385487 0.2477682 0.2463780 0.1992774 0.2276328 0.2235799 0.1992774 0.2394655 0.2267302 0.2164285 
taxon_13   0.1574237 0.1782700 0.1516891 0.1411541 0.1893434 0.1574237 0.1623742 0.1582466 0.1727940 0.1846385 0.1574237 0.1533231 0.0000000 0.0962539 0.2380906 0.2394655 0.2417626 0.2339810 0.2159838 0.2168735 0.2403835 0.2321618 0.2222338 0.2137642 0.2542900 0.2524208 0.1859188 0.2524208 0.2519542 0.2524208 0.2217857 0.2575722 0.2449904 0.2440668 0.2317076 0.2575722 0.2403835 0.2276328 0.2371755 0.2362614 0.2561638 0.2679825 0.2660790 0.2150952 0.2440668 0.2417626 0.2164285 0.2561638 0.2468411 0.2394655 
taxon_14   0.0928508 0.1115684 0.0853433 0.0734853 0.1252300 0.0883373 0.0924737 0.0890876 0.1057887 0.1127297 0.0932282 0.0845966 0.0962539 0.0000000 0.1656928 0.1652772 0.1694439 0.1611336 0.1480256 0.1472139 0.1723744 0.1623742 0.1529143 0.1439759 0.1799630 0.1770027 0.1111817 0.1765808 0.1791160 0.1795394 0.1504660 0.1782700 0.1694439 0.1719550 0.1570127 0.1803868 0.1656928 0.1496516 0.1582466 0.1607204 0.1765808 0.1876292 0.1859188 0.1472139 0.1753164 0.1727940 0.1459981 0.1850650 0.1765808 0.1665248 
taxon_15   0.2014544 0.2199957 0.1945099 0.1846385 0.2367183 0.1962400 0.2137642 0.2142076 0.2289886 0.2390070 0.2285364 0.2186560 0.2380906 0.1656928 0.0000000 0.0894631 0.0943614 0.1073256 0.0951178 0.0894631 0.1142809 0.1061727 0.0954963 0.0860906 0.1880574 0.1799630 0.1166137 0.1820846 0.1850650 0.1833605 0.1553706 0.1795394 0.1711171 0.1740541 0.1619605 0.1876292 0.1711171 0.1529143 0.1570127 0.1632025 0.1782700 0.1884858 0.1846385 0.1910617 0.2168735 0.2119932 0.1872012 0.2191023 0.2150952 0.2049509 
taxon_16   0.2027637 0.2213378 0.1962400 0.1889145 0.2413026 0.1992774 0.2155393 0.2106678 0.2271814 0.2399244 0.2312538 0.2204428 0.2394655 0.1652772 0.0894631 0.0000000 0.0853433 0.1096369 0.0989115 0.0909669 0.1158353 0.1084804 0.0977714 0.0875876 0.1889145 0.1846385 0.1205179 0.1867735 0.1893434 0.1837863 0.1598949 0.1816598 0.1740541 0.1782700 0.1665248 0.1872012 0.1744746 0.1594825 0.1636170 0.1698618 0.1867735 0.1966732 0.1958071 0.1872012 0.2182100 0.2111093 0.1859188 0.2213378 0.2168735 0.2036378 
taxon_17   0.2049509 0.2217857 0.1984083 0.1884858 0.2399244 0.2018906 0.2217857 0.2182100 0.2321618 0.2463780 0.2339810 0.2262794 0.2417626 0.1694439 0.0943614 0.0853433 0.0000000 0.1123424 0.1008155 0.0939835 0.1201266 0.1111817 0.0981512 0.0905907 0.1923529 0.1863460 0.1236560 0.1859188 0.1919222 0.1897726 0.1640317 0.1859188 0.1782700 0.1846385 0.1711171 0.1897726 0.1765808 0.1627883 0.1669411 0.1748954 0.1889145 0.2005828 0.1997123 0.1932150 0.2226823 0.2128782 0.1889145 0.2271814 0.2213378 0.2119932 
taxon_18   0.1949421 0.2164285 0.1880574 0.1778473 0.2326162 0.1889145 0.2128782 0.2093446 0.2249284 0.2348923 0.2235799 0.2146512 0.2339810 0.1611336 0.1073256 0.1096369 0.1123424 0.0000000 0.0585613 0.0864646 0.1080953 0.0989115 0.0898388 0.0808745 0.1850650 0.1778473 0.1096369 0.1744746 0.1791160 0.1761591 0.1525057 0.1723744 0.1640317 0.1681915 0.1549607 0.1774249 0.1627883 0.1516891 0.1553706 0.1644466 0.1770027 0.1842123 0.1842123 0.1880574 0.2133211 0.2071446 0.1825097 0.2262794 0.2186560 0.2075841 
taxon_19   0.1833605 0.2071446 0.1765808 0.1648618 0.2217857 0.1808109 0.1997123 0.1962400 0.2097854 0.2208901 0.2102265 0.2036378 0.2159838 0.1480256 0.0951178 0.0989115 0.1008155 0.0585613 0.0000000 0.0738530 0.0970123 0.0879624 0.0775404 0.0687211 0.1690262 0.1632025 0.1008155 0.1665248 0.1727940 0.1698618 0.1435722 0.1665248 0.1561912 0.1570127 0.1447841 0.1694439 0.1533231 0.1423622 0.1443799 0.1533231 0.1665248 0.1748954 0.1740541 0.1753164 0.1988427 0.1936464 0.1681915 0.2124356 0.2023270 0.1927838 
taxon_20   0.1808109 0.2075841 0.1774249 0.1690262 0.2231310 0.1778473 0.1971066 0.1945099 0.2080238 0.2213378 0.2097854 0.2023270 0.2168735 0.1472139 0.0894631 0.0909669 0.0939835 0.0864646 0.0738530 0.0000000 0.0790204 0.0694521 0.0571210 0.0481817 0.1636170 0.1578350 0.0977714 0.1615469 0.1681915 0.1636170 0.1391450 0.1619605 0.1520973 0.1549607 0.1411541 0.1644466 0.1488382 0.1379421 0.1395464 0.1459981 0.1615469 0.1694439 0.1686087 0.1694439 0.1958071 0.1897726 0.1656928 0.2071446 0.1923529 0.1880574 
taxon_21   0.2067053 0.2249284 0.1988427 0.1910617 0.2417626 0.1992774 0.2164285 0.2168735 0.2317076 0.2408429 0.2348923 0.2267302 0.2403835 0.1723744 0.1142809 0.1158353 0.1201266 0.1080953 0.0970123 0.0790204 0.0000000 0.0428688 0.0749573 0.0658042 0.1949421 0.1893434 0.1236560 0.1833605 0.1910617 0.1872012 0.1615469 0.1829350 0.1715359 0.1799630 0.1648618 0.1884858 0.1723744 0.1623742 0.1611336 0.1690262 0.1842123 0.1927838 0.1914918 0.1927838 0.2217857 0.2119932 0.1884858 0.2317076 0.2195489 0.2124356 
taxon_22   0.1984083 0.2191023 0.1906317 0.1833605 0.2344366 0.1923529 0.2097854 0.2097854 0.2249284 0.2371755 0.2271814 0.2173187 0.2321618 0.1623742 0.1061727 0.1084804 0.1111817 0.0989115 0.0879624 0.0694521 0.0428688 0.0000000 0.0650767 0.0564019 0.1837863 0.1782700 0.1123424 0.1753164 0.1816598 0.1808109 0.1533231 0.1744746 0.1632025 0.1706984 0.1570127 0.1808109 0.1636170 0.1520973 0.1525057 0.1611336 0.1770027 0.1854918 0.1837863 0.1803868 0.2133211 0.2040753 0.1795394 0.2240292 0.2102265 0.2040753 
taxon_23   0.1876292 0.2111093 0.1825097 0.1706984 0.2267302 0.1812353 0.2001474 0.2005828 0.2155393 0.2249284 0.2137642 0.2071446 0.2222338 0.1529143 0.0954963 0.0977714 0.0981512 0.0898388 0.0775404 0.0571210 0.0749573 0.0650767 0.0000000 0.0327027 0.1723744 0.1673577 0.1023422 0.1640317 0.1753164 0.1698618 0.1435722 0.1656928 0.1537322 0.1615469 0.1476197 0.1719550 0.1520973 0.1439759 0.1447841 0.1529143 0.1686087 0.1757376 0.1753164 0.1765808 0.2018906 0.1949421 0.1719550 0.2137642 0.2014544 0.1932150 
taxon_24   0.1799630 0.2027637 0.1736338 0.1648618 0.2195489 0.1736338 0.1902021 0.1893434 0.2040753 0.2164285 0.2062663 0.1984083 0.2137642 0.1439759 0.0860906 0.0875876 0.0905907 0.0808745 0.0687211 0.0481817 0.0658042 0.0564019 0.0327027 0.0000000 0.1611336 0.1561912 0.0943614 0.1578350 0.1644466 0.1607204 0.1331498 0.1566018 0.1459981 0.1520973 0.1371413 0.1598949 0.1451886 0.1339464 0.1371413 0.1439759 0.1598949 0.1669411 0.1665248 0.1665248 0.1936464 0.1859188 0.1627883 0.2049509 0.1910617 0.1846385 
taxon_25   0.2204428 0.2426834 0.2115512 0.2023270 0.2533548 0.2124356 0.2298938 0.2244787 0.2417626 0.2524208 0.2477682 0.2390070 0.2542900 0.1799630 0.1880574 0.1889145 0.1923529 0.1850650 0.1690262 0.1636170 0.1949421 0.1837863 0.1723744 0.1611336 0.0000000 0.0621740 0.1287835 0.1919222 0.1923529 0.1927838 0.1661087 0.1936464 0.1846385 0.1876292 0.1732138 0.1988427 0.1846385 0.1661087 0.1715359 0.1774249 0.1914918 0.1997123 0.1979741 0.2018906 0.2348923 0.2289886 0.2014544 0.2394655 0.2267302 0.2173187 
taxon_26   0.2191023 0.2380906 0.2089041 0.1992774 0.2542900 0.2084638 0.2231310 0.2199957 0.2380906 0.2477682 0.2486964 0.2376329 0.2524208 0.1770027 0.1799630 0.1846385 0.1863460 0.1778473 0.1632025 0.1578350 0.1893434 0.1782700 0.1673577 0.1561912 0.0621740 0.0000000 0.1232630 0.1897726 0.1880574 0.1876292 0.1615469 0.1889145 0.1786929 0.1820846 0.1661087 0.1945099 0.1808109 0.1611336 0.1656928 0.1723744 0.1854918 0.1975402 0.1945099 0.2001474 0.2321618 0.2231310 0.1979741 0.2367183 0.2253785 0.2173187 
taxon_27   0.1476197 0.1715359 0.1403498 0.1327518 0.1859188 0.1455932 0.1594825 0.1553706 0.1727940 0.1859188 0.1761591 0.1698618 0.1859188 0.1111817 0.1166137 0.1205179 0.1236560 0.1096369 0.1008155 0.0977714 0.1236560 0.1123424 0.1023422 0.0943614 0.1287835 0.1232630 0.0000000 0.1000533 0.1054050 0.1008155 0.0771708 0.1061727 0.0954963 0.0966330 0.0816175 0.1092512 0.0905907 0.0771708 0.0831056 0.0887124 0.1015785 0.1123424 0.1111817 0.1315591 0.1619605 0.1566018 0.1311620 0.1686087 0.1582466 0.1500587 
taxon_28   0.2124356 0.2321618 0.2032006 0.1962400 0.2440668 0.2084638 0.2240292 0.2177642 0.2399244 0.2510220 0.2422229 0.2371755 0.2524208 0.1765808 0.1820846 0.1867735 0.1859188 0.1744746 0.1665248 0.1615469 0.1833605 0.1753164 0.1640317 0.1578350 0.1919222 0.1897726 0.1000533 0.0000000 0.1375416 0.1335480 0.1096369 0.1623742 0.1496516 0.1529143 0.1371413 0.1669411 0.1508735 0.1363413 0.1411541 0.1484318 0.1586583 0.1677744 0.1665248 0.1914918 0.2271814 0.2222338 0.1945099 0.2362614 0.2226823 0.2150952 
taxon_29   0.2124356 0.2422229 0.2080238 0.1997123 0.2533548 0.2115512 0.2213378 0.2191023 0.2390070 0.2556949 0.2422229 0.2362614 0.2519542 0.1791160 0.1850650 0.1893434 0.1919222 0.1791160 0.1727940 0.1681915 0.1910617 0.1816598 0.1753164 0.1644466 0.1923529 0.1880574 0.1054050 0.1375416 0.0000000 0.1343450 0.1088657 0.1627883 0.1537322 0.1545510 0.1407519 0.1652772 0.1545510 0.1403498 0.1464031 0.1496516 0.1648618 0.1711171 0.1681915 0.1975402 0.2303469 0.2249284 0.1988427 0.2371755 0.2231310 0.2119932 
taxon_30   0.2137642 0.2408429 0.2071446 0.1958071 0.2538222 0.2119932 0.2253785 0.2208901 0.2390070 0.2505563 0.2440668 0.2394655 0.2524208 0.1795394 0.1833605 0.1837863 0.1897726 0.1761591 0.1698618 0.1636170 0.1872012 0.1808109 0.1698618 0.1607204 0.1927838 0.1876292 0.1008155 0.1335480 0.1343450 0.0000000 0.0917199 0.1648618 0.1508735 0.1516891 0.1379421 0.1652772 0.1508735 0.1343450 0.1407519 0.1455932 0.1566018 0.1652772 0.1644466 0.1936464 0.2240292 0.2213378 0.1932150 0.2362614 0.2235799 0.2124356 
taxon_31   0.1880574 0.2115512 0.1803868 0.1723744 0.2249284 0.1859188 0.2005828 0.1945099 0.2097854 0.2244787 0.2177642 0.2111093 0.2217857 0.1504660 0.1553706 0.1598949 0.1640317 0.1525057 0.1435722 0.1391450 0.1615469 0.1533231 0.1435722 0.1331498 0.1661087 0.1615469 0.0771708 0.1096369 0.1088657 0.0917199 0.0000000 0.1399480 0.1264126 0.1295755 0.1127297 0.1415566 0.1279924 0.1104089 0.1158353 0.1216931 0.1335480 0.1447841 0.1419593 0.1694439 0.2032006 0.1962400 0.1694439 0.2106678 0.2023270 0.1923529 
taxon_32   0.2159838 0.2353484 0.2014544 0.2001474 0.2505563 0.2111093 0.2289886 0.2244787 0.2426834 0.2566330 0.2440668 0.2353484 0.2575722 0.1782700 0.1795394 0.1816598 0.1859188 0.1723744 0.1665248 0.1619605 0.1829350 0.1744746 0.1656928 0.1566018 0.1936464 0.1889145 0.1061727 0.1623742 0.1627883 0.1648618 0.1399480 0.0000000 0.0460520 0.1189538 0.1023422 0.1640317 0.1480256 0.1303683 0.1379421 0.1407519 0.1557808 0.1656928 0.1656928 0.1966732 0.2222338 0.2204428 0.1919222 0.2358048 0.2249284 0.2177642 
taxon_33   0.2071446 0.2253785 0.1932150 0.1893434 0.2380906 0.2001474 0.2191023 0.2142076 0.2335258 0.2486964 0.2348923 0.2244787 0.2449904 0.1694439 0.1711171 0.1740541 0.1782700 0.1640317 0.1561912 0.1520973 0.1715359 0.1632025 0.1537322 0.1459981 0.1846385 0.1786929 0.0954963 0.1496516 0.1537322 0.1508735 0.1264126 0.0460520 0.0000000 0.1054050 0.0894631 0.1508735 0.1375416 0.1173929 0.1264126 0.1283879 0.1447841 0.1561912 0.1557808 0.1859188 0.2124356 0.2084638 0.1820846 0.2235799 0.2124356 0.2045130 
taxon_34   0.2075841 0.2258288 0.1958071 0.1902021 0.2454527 0.2045130 0.2191023 0.2191023 0.2339810 0.2463780 0.2380906 0.2298938 0.2440668 0.1719550 0.1740541 0.1782700 0.1846385 0.1681915 0.1570127 0.1549607 0.1799630 0.1706984 0.1615469 0.1520973 0.1876292 0.1820846 0.0966330 0.1529143 0.1545510 0.1516891 0.1295755 0.1189538 0.1054050 0.0000000 0.0396990 0.1537322 0.1335480 0.1189538 0.1264126 0.1295755 0.1459981 0.1561912 0.1553706 0.1872012 0.2137642 0.2102265 0.1837863 0.2267302 0.2177642 0.2111093 
taxon_35   0.1932150 0.2128782 0.1803868 0.1753164 0.2303469 0.1884858 0.2040753 0.2018906 0.2186560 0.2339810 0.2217857 0.2142076 0.2317076 0.1570127 0.1619605 0.1665248 0.1711171 0.1549607 0.1447841 0.1411541 0.1648618 0.1570127 0.1476197 0.1371413 0.1732138 0.1661087 0.0816175 0.1371413 0.1407519 0.1379421 0.1127297 0.1023422 0.0894631 0.0396990 0.0000000 0.1403498 0.1232630 0.1054050 0.1142809 0.1170032 0.1319565 0.1423622 0.1415566 0.1753164 0.2010185 0.1988427 0.1711171 0.2137642 0.2045130 0.1984083 
taxon_36   0.2182100 0.2408429 0.2067053 0.1992774 0.2514880 0.2128782 0.2249284 0.2213378 0.2403835 0.2580423 0.2463780 0.2417626 0.2575722 0.1803868 0.1876292 0.1872012 0.1897726 0.1774249 0.1694439 0.1644466 0.1884858 0.1808109 0.1719550 0.1598949 0.1988427 0.1945099 0.1092512 0.1669411 0.1652772 0.1652772 0.1415566 0.1640317 0.1508735 0.1537322 0.1403498 0.0000000 0.0917199 0.1201266 0.1299718 0.1331498 0.1459981 0.1566018 0.1566018 0.1966732 0.2276328 0.2231310 0.1966732 0.2408429 0.2326162 0.2191023 
taxon_37   0.1997123 0.2249284 0.1923529 0.1833605 0.2348923 0.1966732 0.2093446 0.2080238 0.2276328 0.2394655 0.2312538 0.2262794 0.2403835 0.1656928 0.1711171 0.1744746 0.1765808 0.1627883 0.1533231 0.1488382 0.1723744 0.1636170 0.1520973 0.1451886 0.1846385 0.1808109 0.0905907 0.1508735 0.1545510 0.1508735 0.1279924 0.1480256 0.1375416 0.1335480 0.1232630 0.0917199 0.0000000 0.1038721 0.1104089 0.1146692 0.1275971 0.1395464 0.1383429 0.1863460 0.2115512 0.2137642 0.1872012 0.2276328 0.2173187 0.2053891 
taxon_38   0.1867735 0.2097854 0.1774249 0.1723744 0.2240292 0.1867735 0.1984083 0.1927838 0.2137642 0.2258288 0.2182100 0.2080238 0.2276328 0.1496516 0.1529143 0.1594825 0.1627883 0.1516891 0.1423622 0.1379421 0.1623742 0.1520973 0.1439759 0.1339464 0.1661087 0.1611336 0.0771708 0.1363413 0.1403498 0.1343450 0.1104089 0.1303683 0.1173929 0.1189538 0.1054050 0.1201266 0.1038721 0.0000000 0.0668967 0.0716493 0.0860906 0.0943614 0.0932282 0.1727940 0.2036378 0.1992774 0.1719550 0.2080238 0.2018906 0.1927838 
taxon_39   0.1958071 0.2191023 0.1893434 0.1812353 0.2312538 0.1919222 0.2062663 0.2049509 0.2226823 0.2353484 0.2213378 0.2155393 0.2371755 0.1582466 0.1570127 0.1636170 0.1669411 0.1553706 0.1443799 0.1395464 0.1611336 0.1525057 0.1447841 0.1371413 0.1715359 0.1656928 0.0831056 0.1411541 0.1464031 0.1407519 0.1158353 0.1379421 0.1264126 0.1264126 0.1142809 0.1299718 0.1104089 0.0668967 0.0000000 0.0499611 0.0654404 0.0731177 0.0712827 0.1786929 0.2080238 0.2049509 0.1786929 0.2150952 0.2062663 0.2010185 
taxon_40   0.1979741 0.2222338 0.1893434 0.1816598 0.2321618 0.1953745 0.2062663 0.2036378 0.2240292 0.2330709 0.2267302 0.2217857 0.2362614 0.1607204 0.1632025 0.1698618 0.1748954 0.1644466 0.1533231 0.1459981 0.1690262 0.1611336 0.1529143 0.1439759 0.1774249 0.1723744 0.0887124 0.1484318 0.1496516 0.1455932 0.1216931 0.1407519 0.1283879 0.1295755 0.1170032 0.1331498 0.1146692 0.0716493 0.0499611 0.0000000 0.0521019 0.0592824 0.0578408 0.1820846 0.2093446 0.2089041 0.1808109 0.2217857 0.2084638 0.2005828 
taxon_41   0.2164285 0.2408429 0.2075841 0.2005828 0.2505563 0.2106678 0.2231310 0.2208901 0.2422229 0.2524208 0.2422229 0.2385487 0.2561638 0.1765808 0.1782700 0.1867735 0.1889145 0.1770027 0.1665248 0.1615469 0.1842123 0.1770027 0.1686087 0.1598949 0.1914918 0.1854918 0.1015785 0.1586583 0.1648618 0.1566018 0.1335480 0.1557808 0.1447841 0.1459981 0.1319565 0.1459981 0.1275971 0.0860906 0.0654404 0.0521019 0.0000000 0.0679908 0.0679908 0.1949421 0.2231310 0.2217857 0.1932150 0.2353484 0.2258288 0.2195489 
taxon_42   0.2271814 0.2528877 0.2177642 0.2097854 0.2613411 0.2253785 0.2339810 0.2321618 0.2538222 0.2603971 0.2542900 0.2477682 0.2679825 0.1876292 0.1884858 0.1966732 0.2005828 0.1842123 0.1748954 0.1694439 0.1927838 0.1854918 0.1757376 0.1669411 0.1997123 0.1975402 0.1123424 0.1677744 0.1711171 0.1652772 0.1447841 0.1656928 0.1561912 0.1561912 0.1423622 0.1566018 0.1395464 0.0943614 0.0731177 0.0592824 0.0679908 0.0000000 0.0158326 0.2084638 0.2344366 0.2339810 0.2067053 0.2486964 0.2403835 0.2330709 
taxon_43   0.2262794 0.2505563 0.2155393 0.2089041 0.2603971 0.2244787 0.2317076 0.2298938 0.2491609 0.2575722 0.2524208 0.2463780 0.2660790 0.1859188 0.1846385 0.1958071 0.1997123 0.1842123 0.1740541 0.1686087 0.1914918 0.1837863 0.1753164 0.1665248 0.1979741 0.1945099 0.1111817 0.1665248 0.1681915 0.1644466 0.1419593 0.1656928 0.1557808 0.1553706 0.1415566 0.1566018 0.1383429 0.0932282 0.0712827 0.0578408 0.0679908 0.0158326 0.0000000 0.2058276 0.2303469 0.2317076 0.2045130 0.2473045 0.2371755 0.2289886 
taxon_44   0.1842123 0.2045130 0.1774249 0.1669411 0.2186560 0.1812353 0.1906317 0.1906317 0.2071446 0.2150952 0.2049509 0.1992774 0.2150952 0.1472139 0.1910617 0.1872012 0.1932150 0.1880574 0.1753164 0.1694439 0.1927838 0.1803868 0.1765808 0.1665248 0.2018906 0.2001474 0.1315591 0.1914918 0.1975402 0.1936464 0.1694439 0.1966732 0.1859188 0.1872012 0.1753164 0.1966732 0.1863460 0.1727940 0.1786929 0.1820846 0.1949421 0.2084638 0.2058276 0.0000000 0.1027244 0.0992919 0.0745891 0.2027637 0.1872012 0.1795394 
taxon_45   0.2115512 0.2294411 0.2023270 0.1936464 0.2445284 0.2084638 0.2186560 0.2150952 0.2380906 0.2454527 0.2362614 0.2276328 0.2440668 0.1753164 0.2168735 0.2182100 0.2226823 0.2133211 0.1988427 0.1958071 0.2217857 0.2133211 0.2018906 0.1936464 0.2348923 0.2321618 0.1619605 0.2271814 0.2303469 0.2240292 0.2032006 0.2222338 0.2124356 0.2137642 0.2010185 0.2276328 0.2115512 0.2036378 0.2080238 0.2093446 0.2231310 0.2344366 0.2303469 0.1027244 0.0000000 0.0936057 0.0679908 0.2240292 0.2115512 0.2049509 
taxon_46   0.2106678 0.2262794 0.2040753 0.1927838 0.2422229 0.2045130 0.2150952 0.2137642 0.2294411 0.2390070 0.2330709 0.2235799 0.2417626 0.1727940 0.2119932 0.2111093 0.2128782 0.2071446 0.1936464 0.1897726 0.2119932 0.2040753 0.1949421 0.1859188 0.2289886 0.2231310 0.1566018 0.2222338 0.2249284 0.2213378 0.1962400 0.2204428 0.2084638 0.2102265 0.1988427 0.2231310 0.2137642 0.1992774 0.2049509 0.2089041 0.2217857 0.2339810 0.2317076 0.0992919 0.0936057 0.0000000 0.0358430 0.2191023 0.2075841 0.2045130 
taxon_47   0.1833605 0.2018906 0.1778473 0.1665248 0.2173187 0.1795394 0.1893434 0.1863460 0.2058276 0.2142076 0.2089041 0.1992774 0.2164285 0.1459981 0.1872012 0.1859188 0.1889145 0.1825097 0.1681915 0.1656928 0.1884858 0.1795394 0.1719550 0.1627883 0.2014544 0.1979741 0.1311620 0.1945099 0.1988427 0.1932150 0.1694439 0.1919222 0.1820846 0.1837863 0.1711171 0.1966732 0.1872012 0.1719550 0.1786929 0.1808109 0.1932150 0.2067053 0.2045130 0.0745891 0.0679908 0.0358430 0.0000000 0.1962400 0.1799630 0.1782700 
taxon_48   0.2231310 0.2426834 0.2155393 0.2080238 0.2561638 0.2168735 0.2339810 0.2308002 0.2482322 0.2556949 0.2454527 0.2394655 0.2561638 0.1850650 0.2191023 0.2213378 0.2271814 0.2262794 0.2124356 0.2071446 0.2317076 0.2240292 0.2137642 0.2049509 0.2394655 0.2367183 0.1686087 0.2362614 0.2371755 0.2362614 0.2106678 0.2358048 0.2235799 0.2267302 0.2137642 0.2408429 0.2276328 0.2080238 0.2150952 0.2217857 0.2353484 0.2486964 0.2473045 0.2027637 0.2240292 0.2191023 0.1962400 0.0000000 0.1407519 0.1335480 
taxon_49   0.2177642 0.2348923 0.2080238 0.2005828 0.2514880 0.2067053 0.2195489 0.2173187 0.2353484 0.2422229 0.2344366 0.2267302 0.2468411 0.1765808 0.2150952 0.2168735 0.2213378 0.2186560 0.2023270 0.1923529 0.2195489 0.2102265 0.2014544 0.1910617 0.2267302 0.2253785 0.1582466 0.2226823 0.2231310 0.2235799 0.2023270 0.2249284 0.2124356 0.2177642 0.2045130 0.2326162 0.2173187 0.2018906 0.2062663 0.2084638 0.2258288 0.2403835 0.2371755 0.1872012 0.2115512 0.2075841 0.1799630 0.1407519 0.0000000 0.0834780 
taxon_50   0.2075841 0.2235799 0.1975402 0.1893434 0.2408429 0.1992774 0.2150952 0.2128782 0.2249284 0.2358048 0.2249284 0.2164285 0.2394655 0.1665248 0.2049509 0.2036378 0.2119932 0.2075841 0.1927838 0.1880574 0.2124356 0.2040753 0.1932150 0.1846385 0.2173187 0.2173187 0.1500587 0.2150952 0.2119932 0.2124356 0.1923529 0.2177642 0.2045130 0.2111093 0.1984083 0.2191023 0.2053891 0.1927838 0.2010185 0.2005828 0.2195489 0.2330709 0.2289886 0.1795394 0.2049509 0.2045130 0.1782700 0.1335480 0.0834780 0.0000000 
