30
taxon_1    0.0000000 1.1292590 1.2090811 1.2397812 9.0000000 1.2397812 9.0000000 1.1971445 9.0000000 5.6522725 9.0000000 9.0000000 3.8538515 9.0000000 9.0000000 1.1776629 1.2335398 1.2191755 9.0000000 1.2090811 9.0000000 9.0000000 1.0703373 1.1912467 1.1475081 3.4439431 1.1185190 1.2151214 9.0000000 3.0529709 
taxon_2    1.1292590 0.0000000 0.8774200 0.7774327 1.0604033 0.8545757 1.1114434 1.0282089 4.0926915 9.0000000 9.0000000 2.8856134 1.8648809 4.0926915 2.2135473 1.1346873 1.1274583 1.0906088 2.9440845 1.0992197 3.3688811 9.0000000 1.1044340 1.1292590 1.0820956 2.1133988 1.2030891 1.1681086 3.5273629 2.3751871 
taxon_3    1.2090811 0.8774200 0.0000000 0.6558819 1.3307344 1.1493577 2.7807916 1.1365054 9.0000000 9.0000000 9.0000000 9.0000000 9.0000000 5.6522725 9.0000000 1.2232516 1.2631211 1.1549339 9.0000000 1.1815189 9.0000000 9.0000000 1.2232516 1.2652794 1.2335398 9.0000000 1.2110891 1.2503003 9.0000000 3.8538515 
taxon_4    1.2397812 0.7774327 0.6558819 0.0000000 1.1167438 1.1256619 2.3472335 1.0888984 3.6729799 9.0000000 4.3084517 9.0000000 2.8490207 9.0000000 9.0000000 1.1132061 1.2110891 1.1530705 9.0000000 1.1971445 9.0000000 9.0000000 1.2110891 1.1700098 1.1624339 4.4451945 1.1795884 1.1719157 9.0000000 9.0000000 
taxon_5    9.0000000 1.0604033 1.3307344 1.1167438 0.0000000 3.0075025 0.9363789 4.1928403 1.1624339 1.2503003 1.1475081 1.1853949 1.0587604 1.1586745 1.1346873 9.0000000 9.0000000 9.0000000 1.2191755 9.0000000 1.1912467 1.1274583 3.4439431 4.0926915 3.1013744 1.1328735 9.0000000 9.0000000 1.1815189 1.1662123 
taxon_6    1.2397812 0.8545757 1.1493577 1.1256619 3.0075025 0.0000000 1.5386753 1.1719157 9.0000000 9.0000000 9.0000000 9.0000000 4.6125508 9.0000000 9.0000000 1.2090811 1.2631211 1.2849885 9.0000000 1.2609690 9.0000000 9.0000000 1.1132061 1.1009538 1.0703373 9.0000000 1.2090811 1.2030891 9.0000000 3.0529709 
taxon_7    9.0000000 1.1114434 2.7807916 2.3472335 0.9363789 1.5386753 0.0000000 2.7034037 1.1605519 1.1438226 1.1512118 1.1662123 1.0940413 1.2090811 1.1719157 9.0000000 9.0000000 9.0000000 1.2030891 9.0000000 1.2030891 1.1700098 9.0000000 9.0000000 4.3084517 1.1044340 9.0000000 9.0000000 1.1096849 1.0804045 
taxon_8    1.1971445 1.0282089 1.1365054 1.0888984 4.1928403 1.1719157 2.7034037 0.0000000 2.7334077 2.7972755 2.8670939 2.4659015 1.6313037 4.1928403 2.0492572 1.0686724 1.1238698 1.1493577 3.0767823 1.1328735 3.1268011 3.2087006 1.0637001 1.1383280 1.1061803 2.0250615 1.1149729 1.2232516 9.0000000 2.3564361 
taxon_9    9.0000000 4.0926915 9.0000000 3.6729799 1.1624339 9.0000000 1.1605519 2.7334077 0.0000000 0.7400349 1.0770337 0.9808894 1.0992197 1.0854893 1.1238698 9.0000000 9.0000000 9.0000000 1.2273499 9.0000000 1.1971445 1.2030891 9.0000000 9.0000000 9.0000000 1.0457440 9.0000000 9.0000000 1.2696146 1.1383280 
taxon_10   5.6522725 9.0000000 9.0000000 9.0000000 1.2503003 9.0000000 1.1438226 2.7972755 0.7400349 0.0000000 1.0457440 0.9349861 1.0871919 1.2503003 1.1549339 9.0000000 9.0000000 9.0000000 1.1419866 9.0000000 1.1951734 1.1719157 9.0000000 9.0000000 9.0000000 1.0686724 9.0000000 9.0000000 1.2131026 1.1719157 
taxon_11   9.0000000 9.0000000 9.0000000 4.3084517 1.1475081 9.0000000 1.1512118 2.8670939 1.0770337 1.0457440 0.0000000 0.6962725 1.0653539 1.1873405 1.1167438 9.0000000 9.0000000 4.4451945 1.1568019 9.0000000 1.0871919 1.1991208 9.0000000 4.0926915 4.4451945 1.0670113 5.1324010 9.0000000 1.1815189 1.1719157 
taxon_12   9.0000000 2.8856134 9.0000000 9.0000000 1.1853949 9.0000000 1.1662123 2.4659015 0.9808894 0.9349861 0.6962725 0.0000000 0.9706052 1.1274583 1.0571211 9.0000000 9.0000000 9.0000000 1.1026919 9.0000000 1.0770337 1.1605519 3.6212353 3.4844941 2.7807916 1.0188143 3.7885924 9.0000000 1.1643207 1.0770337 
taxon_13   3.8538515 1.8648809 9.0000000 2.8490207 1.0587604 4.6125508 1.0940413 1.6313037 1.0992197 1.0871919 1.0653539 0.9706052 0.0000000 1.0080006 0.5854463 2.2135473 2.0806425 2.2448019 0.8996536 2.8141298 0.9794116 0.9575866 1.5263293 1.9568327 1.7534000 0.6294973 2.6605349 3.0529709 1.0906088 0.8179831 
taxon_14   9.0000000 4.0926915 5.6522725 9.0000000 1.1586745 9.0000000 1.2090811 4.1928403 1.0854893 1.2503003 1.1873405 1.1274583 1.0080006 0.0000000 0.6606927 9.0000000 9.0000000 4.4451945 1.1238698 3.1803953 1.1549339 1.1873405 3.3339911 9.0000000 9.0000000 1.0854893 9.0000000 4.8283096 1.2191755 1.1114434 
taxon_15   9.0000000 2.2135473 9.0000000 9.0000000 1.1346873 9.0000000 1.1719157 2.0492572 1.1238698 1.1549339 1.1167438 1.0571211 0.5854463 0.6606927 0.0000000 3.7885924 2.9046017 2.2942696 0.9764646 2.7334077 1.0064684 0.9808894 1.7873043 2.6605349 2.3751871 0.8621134 3.6212353 5.1324010 1.1549339 0.9619011 
taxon_16   1.1776629 1.1346873 1.2232516 1.1132061 9.0000000 1.2090811 9.0000000 1.0686724 9.0000000 9.0000000 9.0000000 9.0000000 2.2135473 9.0000000 3.7885924 0.0000000 0.9363789 1.1700098 9.0000000 1.1951734 3.4844941 4.1928403 1.1512118 1.1568019 1.1700098 2.8313729 1.2273499 1.1834544 9.0000000 3.5273629 
taxon_17   1.2335398 1.1274583 1.2631211 1.2110891 9.0000000 1.2631211 9.0000000 1.1238698 9.0000000 9.0000000 9.0000000 9.0000000 2.0806425 9.0000000 2.9046017 0.9363789 0.0000000 1.1700098 2.9857619 1.1185190 3.3006523 3.2087006 1.0554843 1.1795884 1.1149729 2.9440845 1.2609690 1.2481846 9.0000000 9.0000000 
taxon_18   1.2191755 1.0906088 1.1549339 1.1530705 9.0000000 1.2849885 9.0000000 1.1493577 9.0000000 9.0000000 4.4451945 9.0000000 2.2448019 4.4451945 2.2942696 1.1700098 1.1700098 0.0000000 2.8856134 1.1009538 3.7285608 2.8856134 1.0219328 1.1624339 1.1475081 2.4987534 1.1167438 1.1238698 9.0000000 3.1268011 
taxon_19   9.0000000 2.9440845 9.0000000 9.0000000 1.2191755 9.0000000 1.2030891 3.0767823 1.2273499 1.1419866 1.1568019 1.1026919 0.8996536 1.1238698 0.9764646 9.0000000 2.9857619 2.8856134 0.0000000 1.5968941 0.6952610 1.0489768 1.8319603 4.0043545 3.7285608 1.0522235 9.0000000 9.0000000 1.1605519 1.0736780 
taxon_20   1.2090811 1.0992197 1.1815189 1.1971445 9.0000000 1.2609690 9.0000000 1.1328735 9.0000000 9.0000000 9.0000000 9.0000000 2.8141298 3.1803953 2.7334077 1.1951734 1.1185190 1.1009538 1.5968941 0.0000000 1.3522670 9.0000000 1.0329507 1.1624339 1.1892910 9.0000000 1.1605519 1.2783611 9.0000000 9.0000000 
taxon_21   9.0000000 3.3688811 9.0000000 9.0000000 1.1912467 9.0000000 1.2030891 3.1268011 1.1971445 1.1951734 1.0871919 1.0770337 0.9794116 1.1549339 1.0064684 3.4844941 3.3006523 3.7285608 0.6952610 1.3522670 0.0000000 1.0505984 1.9901715 3.0075025 2.9646337 1.1079306 9.0000000 9.0000000 1.2011023 1.1328735 
taxon_22   9.0000000 9.0000000 9.0000000 9.0000000 1.1274583 9.0000000 1.1700098 3.2087006 1.2030891 1.1719157 1.1991208 1.1605519 0.9575866 1.1873405 0.9808894 4.1928403 3.2087006 2.8856134 1.0489768 9.0000000 1.0505984 0.0000000 1.5672199 3.4439431 2.7646621 1.0538521 9.0000000 9.0000000 1.2252980 1.1383280 
taxon_23   1.0703373 1.1044340 1.2232516 1.2110891 3.4439431 1.1132061 9.0000000 1.0637001 9.0000000 9.0000000 9.0000000 3.6212353 1.5263293 3.3339911 1.7873043 1.1512118 1.0554843 1.0219328 1.8319603 1.0329507 1.9901715 1.5672199 0.0000000 1.1149729 1.0686724 2.1835433 1.1009538 1.1456631 9.0000000 2.4447733 
taxon_24   1.1912467 1.1292590 1.2652794 1.1700098 4.0926915 1.1009538 9.0000000 1.1383280 9.0000000 9.0000000 4.0926915 3.4844941 1.9568327 9.0000000 2.6605349 1.1568019 1.1795884 1.1624339 4.0043545 1.1624339 3.0075025 3.4439431 1.1149729 0.0000000 0.1608850 1.2739751 1.0957634 1.1419866 4.3084517 2.6069407 
taxon_25   1.1475081 1.0820956 1.2335398 1.1624339 3.1013744 1.0703373 4.3084517 1.1061803 9.0000000 9.0000000 4.4451945 2.7807916 1.7534000 9.0000000 2.3751871 1.1700098 1.1149729 1.1475081 3.7285608 1.1892910 2.9646337 2.7646621 1.0686724 0.1608850 0.0000000 1.1149729 1.1044340 1.1932075 3.7885924 2.7034037 
taxon_26   3.4439431 2.1133988 9.0000000 4.4451945 1.1328735 9.0000000 1.1044340 2.0250615 1.0457440 1.0686724 1.0670113 1.0188143 0.6294973 1.0854893 0.8621134 2.8313729 2.9440845 2.4987534 1.0522235 9.0000000 1.1079306 1.0538521 2.1835433 1.2739751 1.1149729 0.0000000 2.8670939 2.9440845 1.0297862 0.8446417 
taxon_27   1.1185190 1.2030891 1.2110891 1.1795884 9.0000000 1.2090811 9.0000000 1.1149729 9.0000000 9.0000000 5.1324010 3.7885924 2.6605349 9.0000000 3.6212353 1.2273499 1.2609690 1.1167438 9.0000000 1.1605519 9.0000000 9.0000000 1.1009538 1.0957634 1.1044340 2.8670939 0.0000000 1.1892910 9.0000000 2.0554300 
taxon_28   1.2151214 1.1681086 1.2503003 1.1719157 9.0000000 1.2030891 9.0000000 1.2232516 9.0000000 9.0000000 9.0000000 9.0000000 3.0529709 4.8283096 5.1324010 1.1834544 1.2481846 1.1238698 9.0000000 1.2783611 9.0000000 9.0000000 1.1456631 1.1419866 1.1932075 2.9440845 1.1892910 0.0000000 2.7646621 1.8319603 
taxon_29   9.0000000 3.5273629 9.0000000 9.0000000 1.1815189 9.0000000 1.1096849 9.0000000 1.2696146 1.2131026 1.1815189 1.1643207 1.0906088 1.2191755 1.1549339 9.0000000 9.0000000 9.0000000 1.1605519 9.0000000 1.2011023 1.2252980 9.0000000 4.3084517 3.7885924 1.0297862 9.0000000 2.7646621 0.0000000 0.6922348 
taxon_30   3.0529709 2.3751871 3.8538515 9.0000000 1.1662123 3.0529709 1.0804045 2.3564361 1.1383280 1.1719157 1.1719157 1.0770337 0.8179831 1.1114434 0.9619011 3.5273629 9.0000000 3.1268011 1.0736780 9.0000000 1.1328735 1.1383280 2.4447733 2.6069407 2.7034037 0.8446417 2.0554300 1.8319603 0.6922348 0.0000000 
