30
taxon_1    0.0000000 0.8279699 0.8110706 9.0000000 9.0000000 0.7755544 9.0000000 0.8219619 0.8239592 9.0000000 9.0000000 9.0000000 9.0000000 0.8411548 0.8299833 9.0000000 0.7774317 0.5659124 1.3765223 1.5901970 0.6157353 9.0000000 9.0000000 0.8032478 0.8042212 9.0000000 0.8130391 0.8091072 9.0000000 9.0000000 
taxon_2    0.8279699 0.0000000 0.2204428 9.0000000 4.7492932 0.7336241 1.8818995 0.8120542 0.8249599 9.0000000 9.0000000 9.0000000 9.0000000 0.7945437 0.7812015 9.0000000 0.7443385 0.8061718 9.0000000 9.0000000 0.7916646 9.0000000 9.0000000 0.8042212 0.8340265 9.0000000 0.8071490 0.8239592 9.0000000 9.0000000 
taxon_3    0.8110706 0.2204428 0.0000000 4.5819356 3.1897122 0.7023698 1.8266112 0.7830931 0.7793138 9.0000000 9.0000000 9.0000000 9.0000000 0.8209652 0.7983997 9.0000000 0.7552081 0.7935828 9.0000000 9.0000000 0.8051959 9.0000000 9.0000000 0.8042212 0.8504206 9.0000000 0.8140253 0.8209652 9.0000000 9.0000000 
taxon_4    9.0000000 9.0000000 4.5819356 0.0000000 0.3644643 1.4151023 0.6748209 9.0000000 9.0000000 0.7964692 0.7945437 0.8130391 0.8071490 9.0000000 9.0000000 0.7755544 9.0000000 9.0000000 0.8071490 0.7859394 9.0000000 0.8120542 0.8504206 9.0000000 9.0000000 0.8120542 9.0000000 9.0000000 0.8032478 0.8320022 
taxon_5    9.0000000 4.7492932 3.1897122 0.3644643 0.0000000 0.9394056 0.5306036 9.0000000 9.0000000 0.7407500 0.7887965 0.8150128 0.7983997 9.0000000 9.0000000 0.7774317 9.0000000 9.0000000 0.7616223 0.7783721 9.0000000 0.8269652 0.8462883 9.0000000 9.0000000 0.8249599 9.0000000 9.0000000 0.7983997 0.8279699 
taxon_6    0.7755544 0.7336241 0.7023698 1.4151023 0.9394056 0.0000000 1.3048498 0.7907074 0.7935828 3.1013744 9.0000000 9.0000000 9.0000000 0.7887965 0.7653123 9.0000000 0.7479442 0.7434398 4.4451945 9.0000000 0.7955058 9.0000000 9.0000000 0.8309921 0.8504206 9.0000000 0.8483516 0.8309921 9.0000000 9.0000000 
taxon_7    9.0000000 1.8818995 1.8266112 0.6748209 0.5306036 1.3048498 0.0000000 9.0000000 9.0000000 0.6490397 0.7461392 0.7416455 0.7840406 9.0000000 9.0000000 0.8003352 1.9920678 2.6698518 0.6814071 0.7161001 5.2691537 0.7964692 0.8462883 9.0000000 9.0000000 0.8219619 9.0000000 9.0000000 0.8360563 0.8360563 
taxon_8    0.8219619 0.8120542 0.7830931 9.0000000 9.0000000 0.7907074 9.0000000 0.0000000 0.7006710 1.5710010 9.0000000 9.0000000 9.0000000 0.7964692 0.8189758 9.0000000 0.7524759 0.7868906 9.0000000 9.0000000 0.8160016 9.0000000 9.0000000 0.8545757 0.8071490 9.0000000 0.8370732 0.8071490 9.0000000 9.0000000 
taxon_9    0.8239592 0.8249599 0.7793138 9.0000000 9.0000000 0.7935828 9.0000000 0.7006710 0.0000000 1.3182601 9.0000000 9.0000000 9.0000000 0.8693027 0.8432040 9.0000000 0.7755544 0.7579504 9.0000000 9.0000000 0.8061718 9.0000000 9.0000000 0.8042212 0.8340265 9.0000000 0.8380915 0.8140253 9.0000000 9.0000000 
taxon_10   9.0000000 9.0000000 9.0000000 0.7964692 0.7407500 3.1013744 0.6490397 1.5710010 1.3182601 0.0000000 0.7690205 0.7542963 0.7812015 9.0000000 9.0000000 0.7783721 1.9595550 2.9681140 0.6748209 0.7274440 3.9253341 0.8032478 0.8452588 9.0000000 9.0000000 0.8483516 9.0000000 9.0000000 0.8120542 0.7983997 
taxon_11   9.0000000 9.0000000 9.0000000 0.7945437 0.7887965 9.0000000 0.7461392 9.0000000 9.0000000 0.7690205 0.0000000 0.7699505 0.8051959 9.0000000 9.0000000 0.7812015 2.6936633 9.0000000 0.7897513 0.7955058 9.0000000 0.8239592 0.8209652 9.0000000 9.0000000 0.8370732 9.0000000 9.0000000 0.8411548 0.8452588 
taxon_12   9.0000000 9.0000000 9.0000000 0.8130391 0.8150128 9.0000000 0.7416455 9.0000000 9.0000000 0.7542963 0.7699505 0.0000000 0.7524759 9.0000000 3.8097202 0.7470412 1.5737134 9.0000000 0.7588667 0.7926231 9.0000000 0.8493854 0.8483516 9.0000000 9.0000000 0.7935828 9.0000000 9.0000000 0.8022757 0.7926231 
taxon_13   9.0000000 9.0000000 9.0000000 0.8071490 0.7983997 9.0000000 0.7840406 9.0000000 9.0000000 0.7812015 0.8051959 0.7524759 0.0000000 9.0000000 9.0000000 0.7371786 1.6013912 9.0000000 0.7974339 0.8013048 9.0000000 0.8279699 0.8042212 9.0000000 9.0000000 0.8524953 9.0000000 9.0000000 0.8013048 0.8081275 
taxon_14   0.8411548 0.7945437 0.8209652 9.0000000 9.0000000 0.7887965 9.0000000 0.7964692 0.8693027 9.0000000 9.0000000 9.0000000 9.0000000 0.0000000 0.3233436 0.8239592 0.5730349 0.8199698 9.0000000 9.0000000 0.8219619 9.0000000 9.0000000 0.7764925 0.8179831 9.0000000 0.8081275 0.8473193 9.0000000 9.0000000 
taxon_15   0.8299833 0.7812015 0.7983997 9.0000000 9.0000000 0.7653123 9.0000000 0.8189758 0.8432040 9.0000000 9.0000000 3.8097202 9.0000000 0.3233436 0.0000000 0.8442307 0.5889468 0.7993668 9.0000000 9.0000000 0.8199698 9.0000000 9.0000000 0.8042212 0.8452588 9.0000000 0.8071490 0.8671811 9.0000000 9.0000000 
taxon_16   9.0000000 9.0000000 9.0000000 0.7755544 0.7774317 9.0000000 0.8003352 9.0000000 9.0000000 0.7783721 0.7812015 0.7470412 0.7371786 0.8239592 0.8442307 0.0000000 1.6449238 9.0000000 0.7974339 0.7974339 9.0000000 0.8189758 0.8199698 9.0000000 9.0000000 0.8199698 9.0000000 9.0000000 0.8160016 0.8566619 
taxon_17   0.7774317 0.7443385 0.7552081 9.0000000 9.0000000 0.7479442 1.9920678 0.7524759 0.7755544 1.9595550 2.6936633 1.5737134 1.6013912 0.5730349 0.5889468 1.6449238 0.0000000 0.6998231 2.7058587 3.2135237 0.7802565 9.0000000 9.0000000 0.8013048 0.8061718 9.0000000 0.8432040 0.8682411 9.0000000 9.0000000 
taxon_18   0.5659124 0.8061718 0.7935828 9.0000000 9.0000000 0.7434398 2.6698518 0.7868906 0.7579504 2.9681140 9.0000000 9.0000000 9.0000000 0.8199698 0.7993668 9.0000000 0.6998231 0.0000000 0.6947555 1.0957634 0.4846977 9.0000000 9.0000000 0.8421787 0.8219619 9.0000000 0.8279699 0.8757039 9.0000000 9.0000000 
taxon_19   1.3765223 9.0000000 9.0000000 0.8071490 0.7616223 4.4451945 0.6814071 9.0000000 9.0000000 0.6748209 0.7897513 0.7588667 0.7974339 9.0000000 9.0000000 0.7974339 2.7058587 0.6947555 0.0000000 0.2941649 1.1355956 0.7274440 0.8100883 9.0000000 9.0000000 0.8629557 9.0000000 9.0000000 0.8411548 0.8462883 
taxon_20   1.5901970 9.0000000 9.0000000 0.7859394 0.7783721 9.0000000 0.7161001 9.0000000 9.0000000 0.7274440 0.7955058 0.7926231 0.8013048 9.0000000 9.0000000 0.7974339 3.2135237 1.0957634 0.2941649 0.0000000 0.8854093 0.7040724 0.7964692 9.0000000 9.0000000 0.8514572 9.0000000 9.0000000 0.8340265 0.8598022 
taxon_21   0.6157353 0.7916646 0.8051959 9.0000000 9.0000000 0.7955058 5.2691537 0.8160016 0.8061718 3.9253341 9.0000000 9.0000000 9.0000000 0.8219619 0.8199698 9.0000000 0.7802565 0.4846977 1.1355956 0.8854093 0.0000000 3.1897122 9.0000000 0.7680918 0.7935828 9.0000000 0.8071490 0.8199698 9.0000000 9.0000000 
taxon_22   9.0000000 9.0000000 9.0000000 0.8120542 0.8269652 9.0000000 0.7964692 9.0000000 9.0000000 0.8032478 0.8239592 0.8493854 0.8279699 9.0000000 9.0000000 0.8189758 9.0000000 9.0000000 0.7274440 0.7040724 3.1897122 0.0000000 0.7434398 9.0000000 9.0000000 0.8545757 9.0000000 9.0000000 0.8249599 0.8452588 
taxon_23   9.0000000 9.0000000 9.0000000 0.8504206 0.8462883 9.0000000 0.8462883 9.0000000 9.0000000 0.8452588 0.8209652 0.8483516 0.8042212 9.0000000 9.0000000 0.8199698 9.0000000 9.0000000 0.8100883 0.7964692 9.0000000 0.7434398 0.0000000 9.0000000 9.0000000 0.8421787 9.0000000 9.0000000 0.8013048 0.8370732 
taxon_24   0.8032478 0.8042212 0.8042212 9.0000000 9.0000000 0.8309921 9.0000000 0.8545757 0.8042212 9.0000000 9.0000000 9.0000000 9.0000000 0.7764925 0.8042212 9.0000000 0.8013048 0.8421787 9.0000000 9.0000000 0.7680918 9.0000000 9.0000000 0.0000000 0.8110706 9.0000000 0.6715493 0.6691050 4.1410953 2.8701489 
taxon_25   0.8042212 0.8340265 0.8504206 9.0000000 9.0000000 0.8504206 9.0000000 0.8071490 0.8340265 9.0000000 9.0000000 9.0000000 9.0000000 0.8179831 0.8452588 9.0000000 0.8061718 0.8219619 9.0000000 9.0000000 0.7935828 9.0000000 9.0000000 0.8110706 0.0000000 0.7802565 0.5245416 0.7389622 9.0000000 9.0000000 
taxon_26   9.0000000 9.0000000 9.0000000 0.8120542 0.8249599 9.0000000 0.8219619 9.0000000 9.0000000 0.8483516 0.8370732 0.7935828 0.8524953 9.0000000 9.0000000 0.8199698 9.0000000 9.0000000 0.8629557 0.8514572 9.0000000 0.8545757 0.8421787 9.0000000 0.7802565 0.0000000 1.3240816 3.3454417 0.7907074 0.7470412 
taxon_27   0.8130391 0.8071490 0.8140253 9.0000000 9.0000000 0.8483516 9.0000000 0.8370732 0.8380915 9.0000000 9.0000000 9.0000000 9.0000000 0.8081275 0.8071490 9.0000000 0.8432040 0.8279699 9.0000000 9.0000000 0.8071490 9.0000000 9.0000000 0.6715493 0.5245416 1.3240816 0.0000000 0.5687533 2.6026427 2.2843925 
taxon_28   0.8091072 0.8239592 0.8209652 9.0000000 9.0000000 0.8309921 9.0000000 0.8071490 0.8140253 9.0000000 9.0000000 9.0000000 9.0000000 0.8473193 0.8671811 9.0000000 0.8682411 0.8757039 9.0000000 9.0000000 0.8199698 9.0000000 9.0000000 0.6691050 0.7389622 3.3454417 0.5687533 0.0000000 1.6042161 1.4890082 
taxon_29   9.0000000 9.0000000 9.0000000 0.8032478 0.7983997 9.0000000 0.8360563 9.0000000 9.0000000 0.8120542 0.8411548 0.8022757 0.8013048 9.0000000 9.0000000 0.8160016 9.0000000 9.0000000 0.8411548 0.8340265 9.0000000 0.8249599 0.8013048 4.1410953 9.0000000 0.7907074 2.6026427 1.6042161 0.0000000 0.6419456 
taxon_30   9.0000000 9.0000000 9.0000000 0.8320022 0.8279699 9.0000000 0.8360563 9.0000000 9.0000000 0.7983997 0.8452588 0.7926231 0.8081275 9.0000000 9.0000000 0.8566619 9.0000000 9.0000000 0.8462883 0.8598022 9.0000000 0.8452588 0.8370732 2.8701489 9.0000000 0.7470412 2.2843925 1.4890082 0.6419456 0.0000000 
