30
taxon_1    0.0000000 1.5821113 2.9910067 3.2023950 3.2023950 2.8697751 2.5047841 9.0000000 4.0995819 4.0995819 9.0000000 3.4009145 2.9401388 2.8925040 2.5328248 3.1044299 9.0000000 2.8262848 9.0000000 2.7091644 2.7091644 2.7091644 9.0000000 9.0000000 3.1356844 9.0000000 3.6716745 9.0000000 2.9651421 2.5472483 
taxon_2    1.5821113 0.0000000 2.2311108 3.2756239 2.5328248 9.0000000 2.2804707 6.0226461 3.0744259 2.4389525 9.0000000 2.3555333 9.0000000 2.8262848 2.8477147 2.7091644 9.0000000 2.2703354 3.2756239 2.5922618 2.2907448 4.8162156 9.0000000 9.0000000 2.5186734 9.0000000 9.0000000 9.0000000 2.7462089 2.9910067 
taxon_3    2.9910067 2.2311108 0.0000000 2.1758711 2.0458164 2.3668971 3.4009145 2.5186734 2.4141568 2.7091644 2.7091644 2.8262848 2.0383906 2.8054501 2.5472483 3.5514175 2.0840901 3.0455762 2.0533165 9.0000000 9.0000000 2.2907448 2.4645960 2.7274580 2.8262848 2.5186734 2.2122418 2.2504667 2.7462089 3.3567841 
taxon_4    3.2023950 3.2756239 2.1758711 0.0000000 1.7683027 2.4020598 9.0000000 2.5922618 2.8477147 9.0000000 2.3011616 3.4009145 3.0455762 2.6238454 4.2248678 9.0000000 2.4645960 9.0000000 2.7091644 4.8162156 3.4009145 2.8925040 2.9159433 2.8054501 4.3753767 2.7851787 2.8925040 2.4516646 9.0000000 9.0000000 
taxon_5    3.2023950 2.5328248 2.0458164 1.7683027 0.0000000 2.4911474 2.2407263 2.8054501 2.9910067 2.2216170 2.9401388 1.9222500 9.0000000 2.3555333 1.6671883 2.0310376 2.2703354 2.0685455 2.2407263 2.1758711 2.0608923 3.6716745 2.9159433 2.4389525 2.2703354 2.7851787 9.0000000 2.4645960 2.1938360 2.3901548 
taxon_6    2.8697751 9.0000000 2.3668971 2.4020598 2.4911474 0.0000000 1.7786835 2.6401503 2.5619546 3.4978233 2.5186734 3.2023950 3.0744259 9.0000000 3.0177952 9.0000000 2.3668971 9.0000000 2.8262848 3.2023950 9.0000000 2.4141568 2.9159433 2.6401503 6.0226461 2.4264522 2.3668971 2.4645960 9.0000000 9.0000000 
taxon_7    2.5047841 2.2804707 3.4009145 9.0000000 2.2407263 1.7786835 0.0000000 3.0455762 9.0000000 2.9651421 3.4009145 2.2703354 4.3753767 2.6913065 2.2804707 2.4264522 2.9401388 2.3011616 2.9910067 2.6078873 2.3117252 9.0000000 3.4978233 2.6913065 2.2703354 9.0000000 9.0000000 3.2381161 3.4009145 2.6913065 
taxon_8    9.0000000 6.0226461 2.5186734 2.5922618 2.8054501 2.6401503 3.0455762 0.0000000 2.1080283 2.3443390 2.0533165 2.0840901 2.4516646 3.2756239 2.9910067 3.6091383 2.1497056 3.1356844 2.2703354 6.0226461 6.0226461 2.6078873 2.9159433 1.9350163 3.0744259 2.1161805 2.3901548 2.3443390 9.0000000 9.0000000 
taxon_9    4.0995819 3.0744259 2.4141568 2.8477147 2.9910067 2.5619546 9.0000000 2.1080283 0.0000000 2.1327558 1.6762518 1.5821113 2.1080283 2.2804707 2.5619546 9.0000000 2.1758711 9.0000000 2.5472483 9.0000000 9.0000000 2.0919849 2.8477147 2.5769551 9.0000000 2.6401503 2.7462089 3.1356844 9.0000000 9.0000000 
taxon_10   4.0995819 2.4389525 2.7091644 9.0000000 2.2216170 3.4978233 2.9651421 2.3443390 2.1327558 0.0000000 1.6363015 1.1350417 2.4020598 1.7631657 2.4264522 2.9401388 2.7091644 2.3901548 2.7274580 2.3443390 2.4141568 9.0000000 9.0000000 9.0000000 3.8983850 9.0000000 3.5514175 3.3567841 2.9910067 2.6913065 
taxon_11   9.0000000 9.0000000 2.7091644 2.3011616 2.9401388 2.5186734 3.4009145 2.0533165 1.6762518 1.6363015 0.0000000 0.7370045 1.9679163 2.4911474 3.6091383 4.3753767 2.2029825 9.0000000 2.4516646 6.0226461 9.0000000 2.2907448 2.5186734 2.9651421 4.2248678 2.7462089 3.0177952 2.1080283 9.0000000 9.0000000 
taxon_12   3.4009145 2.3555333 2.8262848 3.4009145 1.9222500 3.2023950 2.2703354 2.0840901 1.5821113 1.1350417 0.7370045 0.0000000 1.9480036 1.6319912 2.0919849 2.6078873 2.8477147 2.5186734 2.7654407 2.3555333 2.2907448 2.7462089 3.1682983 9.0000000 2.3784358 2.9159433 3.3151067 2.8925040 2.1670475 2.5619546 
taxon_13   2.9401388 9.0000000 2.0383906 3.0455762 9.0000000 3.0744259 4.3753767 2.4516646 2.1080283 2.4020598 1.9679163 1.9480036 0.0000000 3.3151067 2.9910067 6.0226461 2.4777542 9.0000000 2.4645960 3.5514175 2.9910067 2.6078873 2.8477147 2.7654407 3.9922572 2.7091644 4.5638620 2.5769551 9.0000000 9.0000000 
taxon_14   2.8925040 2.8262848 2.8054501 2.6238454 2.3555333 9.0000000 2.6913065 3.2756239 2.2804707 1.7631657 2.4911474 1.6319912 3.3151067 0.0000000 2.4777542 2.5047841 2.6401503 2.9401388 4.0995819 2.7274580 2.7851787 9.0000000 3.9922572 9.0000000 3.3567841 9.0000000 9.0000000 2.9651421 2.8054501 2.4777542 
taxon_15   2.5328248 2.8477147 2.5472483 4.2248678 1.6671883 3.0177952 2.2804707 2.9910067 2.5619546 2.4264522 3.6091383 2.0919849 2.9910067 2.4777542 0.0000000 1.6024930 0.8522926 2.0458164 2.1938360 2.1583264 2.1244224 4.2248678 2.7091644 2.7274580 1.9612198 2.2504667 3.8983850 2.7091644 2.2029825 2.3117252 
taxon_16   3.1044299 2.7091644 3.5514175 9.0000000 2.0310376 9.0000000 2.4264522 3.6091383 9.0000000 2.9401388 4.3753767 2.6078873 6.0226461 2.5047841 1.6024930 0.0000000 1.6024930 3.0177952 3.5514175 2.3901548 2.4645960 9.0000000 4.5638620 9.0000000 2.5922618 9.0000000 3.0744259 4.2248678 3.1044299 3.2023950 
taxon_17   9.0000000 9.0000000 2.0840901 2.4645960 2.2703354 2.3668971 2.9401388 2.1497056 2.1758711 2.7091644 2.2029825 2.8477147 2.4777542 2.6401503 0.8522926 1.6024930 0.0000000 3.3151067 1.9814913 2.3224397 2.7851787 2.3668971 2.2907448 2.0165444 2.9651421 2.1327558 2.3443390 2.4911474 3.5514175 2.9910067 
taxon_18   2.8262848 2.2703354 3.0455762 9.0000000 2.0685455 9.0000000 2.3011616 3.1356844 9.0000000 2.3901548 9.0000000 2.5186734 9.0000000 2.9401388 2.0458164 3.0177952 3.3151067 0.0000000 3.1682983 2.1583264 2.2907448 9.0000000 3.2381161 2.7274580 2.3117252 3.2381161 9.0000000 2.7462089 2.7851787 2.5619546 
taxon_19   9.0000000 3.2756239 2.0533165 2.7091644 2.2407263 2.8262848 2.9910067 2.2703354 2.5472483 2.7274580 2.4516646 2.7654407 2.4645960 4.0995819 2.1938360 3.5514175 1.9814913 3.1682983 0.0000000 2.5922618 1.9034991 1.7945291 1.6762518 1.6762518 2.2311108 1.5901977 2.1244224 1.7136427 2.3224397 2.5047841 
taxon_20   2.7091644 2.5922618 9.0000000 4.8162156 2.1758711 3.2023950 2.6078873 6.0226461 9.0000000 2.3443390 6.0226461 2.3555333 3.5514175 2.7274580 2.1583264 2.3901548 2.3224397 2.1583264 2.5922618 0.0000000 0.6685493 9.0000000 4.5638620 9.0000000 2.7851787 3.8983850 3.7399033 9.0000000 2.6568177 3.0455762 
taxon_21   2.7091644 2.2907448 9.0000000 3.4009145 2.0608923 9.0000000 2.3117252 6.0226461 9.0000000 2.4141568 9.0000000 2.2907448 2.9910067 2.7851787 2.1244224 2.4645960 2.7851787 2.2907448 1.9034991 0.6685493 0.0000000 2.6913065 2.2907448 3.4478047 2.4020598 2.8477147 3.5514175 3.1682983 2.5328248 2.8054501 
taxon_22   2.7091644 4.8162156 2.2907448 2.8925040 3.6716745 2.4141568 9.0000000 2.6078873 2.0919849 9.0000000 2.2907448 2.7462089 2.6078873 9.0000000 4.2248678 9.0000000 2.3668971 9.0000000 1.7945291 9.0000000 2.6913065 0.0000000 1.0713542 2.4020598 2.4777542 2.3333094 2.4389525 2.6401503 9.0000000 9.0000000 
taxon_23   9.0000000 9.0000000 2.4645960 2.9159433 2.9159433 2.9159433 3.4978233 2.9159433 2.8477147 9.0000000 2.5186734 3.1682983 2.8477147 3.9922572 2.7091644 4.5638620 2.2907448 3.2381161 1.6762518 4.5638620 2.2907448 1.0713542 0.0000000 2.1758711 2.2804707 2.0919849 2.6568177 2.2603352 4.2248678 3.3151067 
taxon_24   9.0000000 9.0000000 2.7274580 2.8054501 2.4389525 2.6401503 2.6913065 1.9350163 2.5769551 9.0000000 2.9651421 9.0000000 2.7654407 9.0000000 2.7274580 9.0000000 2.0165444 2.7274580 1.6762518 9.0000000 3.4478047 2.4020598 2.1758711 0.0000000 0.8507744 0.7113830 2.3668971 1.9096974 3.0455762 3.1682983 
taxon_25   3.1356844 2.5186734 2.8262848 4.3753767 2.2703354 6.0226461 2.2703354 3.0744259 9.0000000 3.8983850 4.2248678 2.3784358 3.9922572 3.3567841 1.9612198 2.5922618 2.9651421 2.3117252 2.2311108 2.7851787 2.4020598 2.4777542 2.2804707 0.8507744 0.0000000 0.5171819 2.7654407 2.3784358 2.2311108 2.3117252 
taxon_26   9.0000000 9.0000000 2.5186734 2.7851787 2.7851787 2.4264522 9.0000000 2.1161805 2.6401503 9.0000000 2.7462089 2.9159433 2.7091644 9.0000000 2.2504667 9.0000000 2.1327558 3.2381161 1.5901977 3.8983850 2.8477147 2.3333094 2.0919849 0.7113830 0.5171819 0.0000000 1.9679163 1.7734751 2.8477147 2.7091644 
taxon_27   3.6716745 9.0000000 2.2122418 2.8925040 9.0000000 2.3668971 9.0000000 2.3901548 2.7462089 3.5514175 3.0177952 3.3151067 4.5638620 9.0000000 3.8983850 3.0744259 2.3443390 9.0000000 2.1244224 3.7399033 3.5514175 2.4389525 2.6568177 2.3668971 2.7654407 1.9679163 0.0000000 1.2497321 1.9286060 1.8673475 
taxon_28   9.0000000 9.0000000 2.2504667 2.4516646 2.4645960 2.4645960 3.2381161 2.3443390 3.1356844 3.3567841 2.1080283 2.8925040 2.5769551 2.9651421 2.7091644 4.2248678 2.4911474 2.7462089 1.7136427 9.0000000 3.1682983 2.6401503 2.2603352 1.9096974 2.3784358 1.7734751 1.2497321 0.0000000 1.0453516 0.9512480 
taxon_29   2.9651421 2.7462089 2.7462089 9.0000000 2.1938360 9.0000000 3.4009145 9.0000000 9.0000000 2.9910067 9.0000000 2.1670475 9.0000000 2.8054501 2.2029825 3.1044299 3.5514175 2.7851787 2.3224397 2.6568177 2.5328248 9.0000000 4.2248678 3.0455762 2.2311108 2.8477147 1.9286060 1.0453516 0.0000000 1.1110571 
taxon_30   2.5472483 2.9910067 3.3567841 9.0000000 2.3901548 9.0000000 2.6913065 9.0000000 9.0000000 2.6913065 9.0000000 2.5619546 9.0000000 2.4777542 2.3117252 3.2023950 2.9910067 2.5619546 2.5047841 3.0455762 2.8054501 9.0000000 3.3151067 3.1682983 2.3117252 2.7091644 1.8673475 0.9512480 1.1110571 0.0000000 
