RF=0.255319
WRF=0.063608
