30
taxon_1    0.0000000 1.2523183 0.8645503 1.9545826 2.1758711 2.7851791 9.0000000 2.5619547 9.0000000 9.0000000 9.0000000 3.7399033 2.8925047 4.8162167 2.4141569 2.4264522 2.8262852 2.5619547 2.8925047 2.2703354 9.0000000 9.0000000 9.0000000 9.0000000 2.9159441 9.0000000 3.2756239 2.4264522 2.2311108 2.3668971 
taxon_2    1.2523183 0.0000000 0.6853910 2.3784358 2.1670475 2.5472484 3.1044299 2.2703354 3.2381161 3.1356844 3.0455762 3.2756239 2.5769552 3.4978233 1.9159475 2.4516647 2.5472484 2.2907448 2.4645960 2.4645960 3.4009145 4.5638625 9.0000000 2.6568179 3.9922575 3.0744259 2.0999637 2.6078875 2.4141569 2.4645960 
taxon_3    0.8645503 0.6853910 0.0000000 2.2216170 2.2504667 1.8328586 2.2703354 2.4516647 2.5769552 2.1847998 2.2407263 2.3784358 2.2122419 2.0023260 2.0237560 3.8149659 9.0000000 1.7479625 9.0000000 3.6091383 2.2703354 2.3668971 2.4020598 2.4516647 2.8925047 2.2907448 9.0000000 3.4478047 2.6078875 9.0000000 
taxon_4    1.9545826 2.3784358 2.2216170 0.0000000 2.5186735 2.9159441 9.0000000 2.2407263 9.0000000 3.0455762 3.2381161 9.0000000 2.6913067 3.4978233 1.9953166 2.7462092 2.6238455 2.1938360 2.5619547 2.4020598 3.8983851 5.1993359 9.0000000 2.8054506 2.3555333 3.6716745 2.2407263 2.1938360 2.5047842 2.7274583 
taxon_5    2.1758711 2.1670475 2.2504667 2.5186735 0.0000000 1.0145385 9.0000000 2.8477153 9.0000000 5.1993359 9.0000000 3.9922575 3.7399033 2.8054506 1.9746731 2.2504667 2.6913067 3.0455762 2.4141569 2.8054506 2.7091647 3.5514175 3.1356844 3.2756239 2.3668971 4.5638625 2.3784358 2.6913067 2.7091647 2.5619547 
taxon_6    2.7851791 2.5472484 1.8328586 2.9159441 1.0145385 0.0000000 3.3151067 5.1993359 2.4516647 2.4389525 2.6238455 2.6238455 2.7462092 2.3333094 2.8925047 9.0000000 3.9922575 2.2504667 4.0995831 6.0232951 2.4911475 2.5047842 2.3555333 2.4020598 3.8983851 2.2703354 3.0744259 9.0000000 3.4009145 9.0000000 
taxon_7    9.0000000 3.1044299 2.2703354 9.0000000 9.0000000 3.3151067 0.0000000 0.8181283 1.5467645 1.4039736 1.2922213 2.5922619 1.8107168 2.2311108 2.1938360 9.0000000 2.8054506 1.8384978 2.9910067 3.3151067 2.6401505 3.2023950 3.1044299 2.6078875 9.0000000 2.3224397 3.6716745 3.2756239 9.0000000 4.8162167 
taxon_8    2.5619547 2.2703354 2.4516647 2.2407263 2.8477153 5.1993359 0.8181283 0.0000000 1.1973852 1.0453516 0.9813228 2.2907448 1.6994018 1.9159475 1.3430883 2.0999637 2.0919849 1.5429379 2.0919849 2.1161805 9.0000000 9.0000000 9.0000000 3.5514175 2.3333094 3.4978233 2.8697757 2.4777543 2.2216170 2.2603353 
taxon_9    9.0000000 3.2381161 2.5769552 9.0000000 9.0000000 2.4516647 1.5467645 1.1973852 0.0000000 1.3976578 1.3851835 2.4141569 1.8441796 2.2703354 2.1497057 9.0000000 4.0995831 1.7839282 3.4009145 3.4009145 2.4141569 2.4516647 2.5619547 2.3668971 4.0995831 2.5472484 9.0000000 9.0000000 4.3753767 4.0995831 
taxon_10   9.0000000 3.1356844 2.1847998 3.0455762 5.1993359 2.4389525 1.4039736 1.0453516 1.3976578 0.0000000 0.1750186 2.1938360 1.7631657 1.9953166 1.8673475 2.4516647 3.8983851 1.6947143 3.9922575 6.0232951 2.6568179 3.1356844 3.1044299 2.4264522 9.0000000 2.8697757 3.8149659 9.0000000 9.0000000 9.0000000 
taxon_11   9.0000000 3.0455762 2.2407263 3.2381161 9.0000000 2.6238455 1.2922213 0.9813228 1.3851835 0.1750186 0.0000000 2.2216170 1.7529960 2.0023260 1.9286060 2.5328249 4.5638625 1.7330613 4.2248737 3.8149659 2.9651421 2.8262852 3.1356844 2.2804707 5.1993359 2.5619547 3.3567841 4.5638625 4.3753767 9.0000000 
taxon_12   3.7399033 3.2756239 2.3784358 9.0000000 3.9922575 2.6238455 2.5922619 2.2907448 2.4141569 2.1938360 2.2216170 0.0000000 0.6146276 1.7945291 1.4297826 2.4911475 2.5922619 1.3372630 3.1356844 3.2381161 2.3224397 2.5769552 2.4264522 2.4645960 2.9159441 2.4389525 4.0995831 2.8262852 3.3567841 2.3443391 
taxon_13   2.8925047 2.5769552 2.2122419 2.6913067 3.7399033 2.7462092 1.8107168 1.6994018 1.8441796 1.7631657 1.7529960 0.6146276 0.0000000 1.4103431 1.0240323 1.9953166 2.4645960 0.9670196 3.8983851 2.3555333 2.2122419 2.2703354 2.1670475 2.1497057 2.4141569 2.1670475 3.2023950 2.6738640 3.1356844 2.6401505 
taxon_14   4.8162167 3.4978233 2.0023260 3.4978233 2.8054506 2.3333094 2.2311108 1.9159475 2.2703354 1.9953166 2.0023260 1.7945291 1.4103431 0.0000000 0.6555779 2.2804707 2.4777543 1.1046468 3.0744259 9.0000000 2.9651421 2.3333094 2.4516647 2.3224397 2.8262852 2.4516647 2.5922619 3.0455762 3.1044299 3.1044299 
taxon_15   2.4141569 1.9159475 2.0237560 1.9953166 1.9746731 2.8925047 2.1938360 1.3430883 2.1497057 1.8673475 1.9286060 1.4297826 1.0240323 0.6555779 0.0000000 1.5544766 1.3729133 0.6638068 2.0237560 2.0458165 3.2756239 3.2381161 3.3151067 2.3555333 1.8384978 2.3784358 1.9883721 2.1938360 1.8912539 2.1080283 
taxon_16   2.4264522 2.4516647 3.8149659 2.7462092 2.2504667 9.0000000 9.0000000 2.0999637 9.0000000 2.4516647 2.5328249 2.4911475 1.9953166 2.2804707 1.5544766 0.0000000 1.7786835 1.6947143 2.5472484 2.5922619 3.4478047 3.1356844 3.4978233 9.0000000 2.5619547 9.0000000 3.0455762 3.0744259 3.2381161 3.0744259 
taxon_17   2.8262852 2.5472484 9.0000000 2.6238455 2.6913067 3.9922575 2.8054506 2.0919849 4.0995831 3.8983851 4.5638625 2.5922619 2.4645960 2.4777543 1.3729133 1.7786835 0.0000000 1.6854262 3.1044299 2.8697757 9.0000000 9.0000000 9.0000000 9.0000000 2.7654411 4.8162167 2.5922619 2.7462092 2.4264522 2.5472484 
taxon_18   2.5619547 2.2907448 1.7479625 2.1938360 3.0455762 2.2504667 1.8384978 1.5429379 1.7839282 1.6947143 1.7330613 1.3372630 0.9670196 1.1046468 0.6638068 1.6947143 1.6854262 0.0000000 2.6401505 2.6913067 2.1244224 2.3443391 2.2122419 1.8673475 2.0999637 2.0919849 3.2381161 3.4009145 3.0455762 2.4020598 
taxon_19   2.8925047 2.4645960 9.0000000 2.5619547 2.4141569 4.0995831 2.9910067 2.0919849 3.4009145 3.9922575 4.2248737 3.1356844 3.8983851 3.0744259 2.0237560 2.5472484 3.1044299 2.6401505 0.0000000 1.4737141 1.9545826 2.0533165 2.0023260 1.7839282 1.8912539 3.8983851 3.2756239 2.6401505 2.7851791 3.0744259 
taxon_20   2.2703354 2.4645960 3.6091383 2.4020598 2.8054506 6.0232951 3.3151067 2.1161805 3.4009145 6.0232951 3.8149659 3.2381161 2.3555333 9.0000000 2.0458165 2.5922619 2.8697757 2.6913067 1.4737141 0.0000000 1.5391308 1.5861436 1.4633452 1.3790233 2.6401505 2.9651421 2.3443391 2.3011617 2.1847998 2.4389525 
taxon_21   9.0000000 3.4009145 2.2703354 3.8983851 2.7091647 2.4911475 2.6401505 9.0000000 2.4141569 2.6568179 2.9651421 2.3224397 2.2122419 2.9651421 3.2756239 3.4478047 9.0000000 2.1244224 1.9545826 1.5391308 0.0000000 0.2935634 0.1836928 0.6793328 3.4009145 2.8697757 3.3151067 2.8697757 9.0000000 3.0455762 
taxon_22   9.0000000 4.5638625 2.3668971 5.1993359 3.5514175 2.5047842 3.2023950 9.0000000 2.4516647 3.1356844 2.8262852 2.5769552 2.2703354 2.3333094 3.2381161 3.1356844 9.0000000 2.3443391 2.0533165 1.5861436 0.2935634 0.0000000 0.1272888 0.7514795 4.5638625 2.5328249 9.0000000 3.9922575 9.0000000 3.2756239 
taxon_23   9.0000000 9.0000000 2.4020598 9.0000000 3.1356844 2.3555333 3.1044299 9.0000000 2.5619547 3.1044299 3.1356844 2.4264522 2.1670475 2.4516647 3.3151067 3.4978233 9.0000000 2.2122419 2.0023260 1.4633452 0.1836928 0.1272888 0.0000000 0.6626257 4.2248737 2.6738640 4.5638625 3.1356844 9.0000000 3.2023950 
taxon_24   9.0000000 2.6568179 2.4516647 2.8054506 3.2756239 2.4020598 2.6078875 3.5514175 2.3668971 2.4264522 2.2804707 2.4645960 2.1497057 2.3224397 2.3555333 9.0000000 9.0000000 1.8673475 1.7839282 1.3790233 0.6793328 0.7514795 0.6626257 0.0000000 3.3151067 2.8477153 3.2756239 3.8983851 9.0000000 9.0000000 
taxon_25   2.9159441 3.9922575 2.8925047 2.3555333 2.3668971 3.8983851 9.0000000 2.3333094 4.0995831 9.0000000 5.1993359 2.9159441 2.4141569 2.8262852 1.8384978 2.5619547 2.7654411 2.0999637 1.8912539 2.6401505 3.4009145 4.5638625 4.2248737 3.3151067 0.0000000 1.7088657 1.7734751 1.6406368 1.7786835 1.4877660 
taxon_26   9.0000000 3.0744259 2.2907448 3.6716745 4.5638625 2.2703354 2.3224397 3.4978233 2.5472484 2.8697757 2.5619547 2.4389525 2.1670475 2.4516647 2.3784358 9.0000000 4.8162167 2.0919849 3.8983851 2.9651421 2.8697757 2.5328249 2.6738640 2.8477153 1.7088657 0.0000000 0.7966574 0.7051128 1.5901977 1.5391308 
taxon_27   3.2756239 2.0999637 9.0000000 2.2407263 2.3784358 3.0744259 3.6716745 2.8697757 9.0000000 3.8149659 3.3567841 4.0995831 3.2023950 2.5922619 1.9883721 3.0455762 2.5922619 3.2381161 3.2756239 2.3443391 3.3151067 9.0000000 4.5638625 3.2756239 1.7734751 0.7966574 0.0000000 0.6428264 1.6024930 1.5315741 
taxon_28   2.4264522 2.6078875 3.4478047 2.1938360 2.6913067 9.0000000 3.2756239 2.4777543 9.0000000 9.0000000 4.5638625 2.8262852 2.6738640 3.0455762 2.1938360 3.0744259 2.7462092 3.4009145 2.6401505 2.3011617 2.8697757 3.9922575 3.1356844 3.8983851 1.6406368 0.7051128 0.6428264 0.0000000 1.5741112 1.4497394 
taxon_29   2.2311108 2.4141569 2.6078875 2.5047842 2.7091647 3.4009145 9.0000000 2.2216170 4.3753767 9.0000000 4.3753767 3.3567841 3.1356844 3.1044299 1.8912539 3.2381161 2.4264522 3.0455762 2.7851791 2.1847998 9.0000000 9.0000000 9.0000000 9.0000000 1.7786835 1.5901977 1.6024930 1.5741112 0.0000000 1.0552462 
taxon_30   2.3668971 2.4645960 9.0000000 2.7274583 2.5619547 9.0000000 4.8162167 2.2603353 4.0995831 9.0000000 9.0000000 2.3443391 2.6401505 3.1044299 2.1080283 3.0744259 2.5472484 2.4020598 3.0744259 2.4389525 3.0455762 3.2756239 3.2023950 9.0000000 1.4877660 1.5391308 1.5315741 1.4497394 1.0552462 0.0000000 
