30
taxon_1    0.0000000 1.0637001 9.0000000 9.0000000 1.1365054 1.1700098 1.1700098 9.0000000 1.1167438 1.1873405 9.0000000 9.0000000 1.0604033 9.0000000 9.0000000 9.0000000 1.1719157 1.1776629 9.0000000 9.0000000 1.1971445 1.1438226 9.0000000 9.0000000 9.0000000 1.1114434 1.1475081 1.1185190 3.4439437 3.3688806 
taxon_2    1.0637001 0.0000000 9.0000000 9.0000000 1.1951734 1.1853949 1.1026919 9.0000000 1.1149729 1.1815189 9.0000000 9.0000000 1.1530705 9.0000000 9.0000000 9.0000000 1.2011023 1.2481846 9.0000000 9.0000000 1.1795884 1.2110891 9.0000000 9.0000000 9.0000000 1.1681086 1.1512118 1.1795884 9.0000000 9.0000000 
taxon_3    9.0000000 9.0000000 0.0000000 1.1738266 9.0000000 9.0000000 9.0000000 1.1971445 9.0000000 9.0000000 1.1681086 1.1662123 9.0000000 1.0473595 1.1776629 1.1700098 9.0000000 9.0000000 1.1383280 1.1700098 9.0000000 9.0000000 1.1419866 1.1026919 1.1419866 9.0000000 9.0000000 9.0000000 0.9604604 0.9504507 
taxon_4    9.0000000 9.0000000 1.1738266 0.0000000 9.0000000 9.0000000 9.0000000 1.0804045 9.0000000 9.0000000 0.9943229 1.1549339 9.0000000 0.9476152 1.2566833 1.1549339 9.0000000 9.0000000 1.1853949 1.2609690 9.0000000 9.0000000 1.2212107 1.1419866 1.1892910 9.0000000 9.0000000 9.0000000 1.0126165 1.0489777 
taxon_5    1.1365054 1.1951734 9.0000000 9.0000000 0.0000000 0.8026644 0.7105781 1.7659353 0.7033912 0.9808897 2.0310375 9.0000000 1.0345387 3.1531195 9.0000000 9.0000000 1.2030891 1.1643207 9.0000000 9.0000000 1.1719157 1.1256619 9.0000000 9.0000000 9.0000000 1.0770337 1.2418732 1.1719157 3.3688806 4.4451945 
taxon_6    1.1700098 1.1853949 9.0000000 9.0000000 0.8026644 0.0000000 0.7336246 2.1201250 0.7465005 1.0974896 2.3564361 9.0000000 1.1009538 9.0000000 9.0000000 9.0000000 1.1605519 1.1971445 9.0000000 9.0000000 1.1853949 1.1383280 9.0000000 9.0000000 9.0000000 1.1185190 1.2090811 1.1643207 9.0000000 9.0000000 
taxon_7    1.1700098 1.1026919 9.0000000 9.0000000 0.7105781 0.7336246 0.0000000 1.3213593 0.5348084 1.0587604 2.0370616 9.0000000 1.0409217 3.3688806 9.0000000 9.0000000 1.1700098 1.1568019 9.0000000 9.0000000 1.1853949 1.1643207 9.0000000 9.0000000 9.0000000 1.1256619 1.2984217 1.1274583 4.6125451 9.0000000 
taxon_8    9.0000000 9.0000000 1.1971445 1.0804045 1.7659353 2.1201250 1.3213593 0.0000000 0.9504507 9.0000000 0.8684533 1.1624339 9.0000000 1.0425260 1.1681086 1.2030891 9.0000000 9.0000000 1.1892910 1.1365054 9.0000000 9.0000000 1.1419866 1.1681086 1.1892910 9.0000000 9.0000000 9.0000000 1.0297869 1.0457449 
taxon_9    1.1167438 1.1149729 9.0000000 9.0000000 0.7033912 0.7465005 0.5348084 0.9504507 0.0000000 1.0653539 2.0870801 9.0000000 1.0637001 9.0000000 9.0000000 9.0000000 1.2090811 1.2070784 9.0000000 9.0000000 1.1568019 1.1256619 9.0000000 9.0000000 9.0000000 1.1605519 1.2696146 1.1512118 9.0000000 9.0000000 
taxon_10   1.1873405 1.1815189 9.0000000 9.0000000 0.9808897 1.0974896 1.0587604 9.0000000 1.0653539 0.0000000 1.9788930 9.0000000 1.1132061 9.0000000 9.0000000 9.0000000 1.2314708 1.1475081 9.0000000 9.0000000 1.2110891 1.1624339 9.0000000 9.0000000 9.0000000 1.1605519 1.2050811 1.2050811 9.0000000 9.0000000 
taxon_11   9.0000000 9.0000000 1.1681086 0.9943229 2.0310375 2.3564361 2.0370616 0.8684533 2.0870801 1.9788930 0.0000000 1.1346873 4.8283129 0.9036466 1.2460749 1.1681086 9.0000000 9.0000000 1.1795884 1.2273499 9.0000000 9.0000000 1.1586745 1.1438226 1.1456631 9.0000000 9.0000000 9.0000000 0.8996537 0.9532970 
taxon_12   9.0000000 9.0000000 1.1662123 1.1549339 9.0000000 9.0000000 9.0000000 1.1624339 9.0000000 9.0000000 1.1346873 0.0000000 9.0000000 1.0425260 1.1932075 1.1681086 9.0000000 9.0000000 1.1932075 1.2232516 9.0000000 9.0000000 1.1605519 1.1951734 1.1044340 9.0000000 9.0000000 9.0000000 1.0457449 1.0974896 
taxon_13   1.0604033 1.1530705 9.0000000 9.0000000 1.0345387 1.1009538 1.0409217 9.0000000 1.0637001 1.1132061 4.8283129 9.0000000 0.0000000 1.1061803 9.0000000 9.0000000 1.1438226 1.1328735 9.0000000 9.0000000 1.2090811 1.1643207 9.0000000 9.0000000 9.0000000 1.0554853 1.2070784 1.1256619 1.9622871 2.3028410 
taxon_14   9.0000000 9.0000000 1.0473595 0.9476152 3.1531195 9.0000000 3.3688806 1.0425260 9.0000000 9.0000000 0.9036466 1.0425260 1.1061803 0.0000000 1.0787172 1.0974896 9.0000000 9.0000000 1.1220819 1.0940413 9.0000000 9.0000000 1.0425260 1.0736780 0.9676929 2.7034037 9.0000000 9.0000000 0.6578025 0.6812419 
taxon_15   9.0000000 9.0000000 1.1776629 1.2566833 9.0000000 9.0000000 9.0000000 1.1681086 9.0000000 9.0000000 1.2460749 1.1932075 9.0000000 1.0787172 0.0000000 1.0457449 9.0000000 9.0000000 1.0587604 1.1643207 9.0000000 9.0000000 1.1346873 1.1220819 1.0637001 9.0000000 9.0000000 9.0000000 1.0377234 1.0670113 
taxon_16   9.0000000 9.0000000 1.1700098 1.1549339 9.0000000 9.0000000 9.0000000 1.2030891 9.0000000 9.0000000 1.1681086 1.1681086 9.0000000 1.0974896 1.0457449 0.0000000 0.6267246 1.9568326 0.7044137 1.1220819 9.0000000 9.0000000 1.0837905 1.0888984 1.0457449 9.0000000 9.0000000 5.1324010 1.0034139 1.0297869 
taxon_17   1.1719157 1.2011023 9.0000000 9.0000000 1.2030891 1.1605519 1.1700098 9.0000000 1.2090811 1.2314708 9.0000000 9.0000000 1.1438226 9.0000000 9.0000000 0.6267246 0.0000000 0.8085192 1.4315571 9.0000000 1.1009538 1.0686724 9.0000000 9.0000000 9.0000000 0.9913169 1.1310641 1.0110749 3.0529710 9.0000000 
taxon_18   1.1776629 1.2481846 9.0000000 9.0000000 1.1643207 1.1971445 1.1568019 9.0000000 1.2070784 1.1475081 9.0000000 9.0000000 1.1328735 9.0000000 9.0000000 1.9568326 0.8085192 0.0000000 1.3769403 9.0000000 1.1971445 1.1512118 9.0000000 9.0000000 9.0000000 1.0620499 1.1643207 1.0804045 9.0000000 9.0000000 
taxon_19   9.0000000 9.0000000 1.1383280 1.1853949 9.0000000 9.0000000 9.0000000 1.1892910 9.0000000 9.0000000 1.1795884 1.1932075 9.0000000 1.1220819 1.0587604 0.7044137 1.4315571 1.3769403 0.0000000 1.2110891 9.0000000 9.0000000 1.1310641 1.0957634 1.0538531 9.0000000 9.0000000 9.0000000 0.9590223 1.0110749 
taxon_20   9.0000000 9.0000000 1.1700098 1.2609690 9.0000000 9.0000000 9.0000000 1.1365054 9.0000000 9.0000000 1.2273499 1.2232516 9.0000000 1.0940413 1.1643207 1.1220819 9.0000000 9.0000000 1.2110891 0.0000000 3.0075026 3.7285609 1.1475081 1.1815189 1.0234975 5.6522725 9.0000000 9.0000000 1.0489777 1.0787172 
taxon_21   1.1971445 1.1795884 9.0000000 9.0000000 1.1719157 1.1853949 1.1853949 9.0000000 1.1568019 1.2110891 9.0000000 9.0000000 1.2090811 9.0000000 9.0000000 9.0000000 1.1009538 1.1971445 9.0000000 3.0075026 0.0000000 0.7651281 9.0000000 9.0000000 9.0000000 1.0313675 1.1912467 1.0522244 9.0000000 9.0000000 
taxon_22   1.1438226 1.2110891 9.0000000 9.0000000 1.1256619 1.1383280 1.1643207 9.0000000 1.1256619 1.1624339 9.0000000 9.0000000 1.1643207 9.0000000 9.0000000 9.0000000 1.0686724 1.1512118 9.0000000 3.7285609 0.7651281 0.0000000 9.0000000 9.0000000 9.0000000 1.0141613 1.1438226 1.0522244 9.0000000 9.0000000 
taxon_23   9.0000000 9.0000000 1.1419866 1.2212107 9.0000000 9.0000000 9.0000000 1.1419866 9.0000000 9.0000000 1.1586745 1.1605519 9.0000000 1.0425260 1.1346873 1.0837905 9.0000000 9.0000000 1.1310641 1.1475081 9.0000000 9.0000000 0.0000000 0.5299277 0.6723661 1.3236921 9.0000000 9.0000000 0.9590223 1.0219334 
taxon_24   9.0000000 9.0000000 1.1026919 1.1419866 9.0000000 9.0000000 9.0000000 1.1681086 9.0000000 9.0000000 1.1438226 1.1951734 9.0000000 1.0736780 1.1220819 1.0888984 9.0000000 9.0000000 1.0957634 1.1815189 9.0000000 9.0000000 0.5299277 0.0000000 0.7003320 1.3769403 9.0000000 9.0000000 1.0049399 1.0141613 
taxon_25   9.0000000 9.0000000 1.1419866 1.1892910 9.0000000 9.0000000 9.0000000 1.1892910 9.0000000 9.0000000 1.1456631 1.1044340 9.0000000 0.9676929 1.0637001 1.0457449 9.0000000 9.0000000 1.0538531 1.0234975 9.0000000 9.0000000 0.6723661 0.7003320 0.0000000 0.3646811 9.0000000 2.3944189 0.8132362 0.8800019 
taxon_26   1.1114434 1.1681086 9.0000000 9.0000000 1.0770337 1.1185190 1.1256619 9.0000000 1.1605519 1.1605519 9.0000000 9.0000000 1.0554853 2.7034037 9.0000000 9.0000000 0.9913169 1.0620499 9.0000000 5.6522725 1.0313675 1.0141613 1.3236921 1.3769403 0.3646811 0.0000000 1.0361294 0.8311940 1.7492679 2.0431345 
taxon_27   1.1475081 1.1512118 9.0000000 9.0000000 1.2418732 1.2090811 1.2984217 9.0000000 1.2696146 1.2050811 9.0000000 9.0000000 1.2070784 9.0000000 9.0000000 9.0000000 1.1310641 1.1643207 9.0000000 9.0000000 1.1912467 1.1438226 9.0000000 9.0000000 9.0000000 1.0361294 0.0000000 1.0219334 9.0000000 9.0000000 
taxon_28   1.1185190 1.1795884 9.0000000 9.0000000 1.1719157 1.1643207 1.1274583 9.0000000 1.1512118 1.2050811 9.0000000 9.0000000 1.1256619 9.0000000 9.0000000 5.1324010 1.0110749 1.0804045 9.0000000 9.0000000 1.0522244 1.0522244 9.0000000 9.0000000 2.3944189 0.8311940 1.0219334 0.0000000 2.3028410 2.7972761 
taxon_29   3.4439437 9.0000000 0.9604604 1.0126165 3.3688806 9.0000000 4.6125451 1.0297869 9.0000000 9.0000000 0.8996537 1.0457449 1.9622871 0.6578025 1.0377234 1.0034139 3.0529710 9.0000000 0.9590223 1.0489777 9.0000000 9.0000000 0.9590223 1.0049399 0.8132362 1.7492679 9.0000000 2.3028410 0.0000000 0.3871299 
taxon_30   3.3688806 9.0000000 0.9504507 1.0489777 4.4451945 9.0000000 9.0000000 1.0457449 9.0000000 9.0000000 0.9532970 1.0974896 2.3028410 0.6812419 1.0670113 1.0297869 9.0000000 9.0000000 1.0110749 1.0787172 9.0000000 9.0000000 1.0219334 1.0141613 0.8800019 2.0431345 9.0000000 2.7972761 0.3871299 0.0000000 
