30
taxon_1    0.0000000 0.7680917 9.0000000 0.8360563 0.8219619 0.7955058 0.7993668 0.8199698 9.0000000 9.0000000 9.0000000 9.0000000 0.8524953 0.8330137 9.0000000 9.0000000 0.8160016 9.0000000 0.8432040 0.8259619 9.0000000 9.0000000 9.0000000 0.8042212 9.0000000 9.0000000 0.8189758 0.8140253 9.0000000 9.0000000 
taxon_2    0.7680917 0.0000000 9.0000000 0.8179831 0.7916646 0.8199698 0.8239592 0.8209652 9.0000000 9.0000000 9.0000000 9.0000000 0.8071490 0.8169917 9.0000000 9.0000000 0.8330137 9.0000000 0.8150128 0.8120542 9.0000000 9.0000000 9.0000000 0.8110706 9.0000000 9.0000000 0.8042212 0.8179831 9.0000000 9.0000000 
taxon_3    9.0000000 9.0000000 0.0000000 1.6630699 1.5737129 9.0000000 9.0000000 9.0000000 0.8110706 0.8473193 0.8199698 0.8462883 9.0000000 9.0000000 0.7974339 0.8160016 9.0000000 0.7907074 9.0000000 9.0000000 0.8269652 0.8380915 0.8279699 9.0000000 0.8160016 0.8249599 9.0000000 9.0000000 0.8249599 0.8259619 
taxon_4    0.8360563 0.8179831 1.6630699 0.0000000 0.4590595 0.7802575 0.8091072 0.7983997 9.0000000 9.0000000 9.0000000 9.0000000 0.8259619 0.8189758 9.0000000 9.0000000 0.8330137 9.0000000 0.8619031 0.8320022 9.0000000 9.0000000 9.0000000 0.8032478 9.0000000 9.0000000 0.7699504 0.8504206 9.0000000 9.0000000 
taxon_5    0.8219619 0.7916646 1.5737129 0.4590595 0.0000000 0.7812015 0.7945437 0.7935828 9.0000000 9.0000000 9.0000000 9.0000000 0.8081275 0.8269652 9.0000000 9.0000000 0.7974339 9.0000000 0.8380915 0.8350407 9.0000000 9.0000000 9.0000000 0.8013048 9.0000000 9.0000000 0.8249599 0.8120542 9.0000000 9.0000000 
taxon_6    0.7955058 0.8199698 9.0000000 0.7802575 0.7812015 0.0000000 0.7389621 0.7983997 9.0000000 9.0000000 9.0000000 9.0000000 0.8120542 0.7974339 9.0000000 9.0000000 0.8042212 9.0000000 0.8320022 0.8289760 9.0000000 9.0000000 9.0000000 0.8330137 9.0000000 9.0000000 0.8042212 0.8370732 9.0000000 9.0000000 
taxon_7    0.7993668 0.8239592 9.0000000 0.8091072 0.7945437 0.7389621 0.0000000 0.8003352 9.0000000 9.0000000 9.0000000 9.0000000 0.8360563 0.8421787 9.0000000 9.0000000 0.8150128 9.0000000 0.8462883 0.8724965 9.0000000 9.0000000 9.0000000 0.8309921 9.0000000 9.0000000 0.8299833 0.7793147 9.0000000 9.0000000 
taxon_8    0.8199698 0.8209652 9.0000000 0.7983997 0.7935828 0.7983997 0.8003352 0.0000000 9.0000000 9.0000000 9.0000000 9.0000000 0.7727472 0.7974339 9.0000000 9.0000000 0.7840406 9.0000000 0.7746174 0.8091072 9.0000000 9.0000000 9.0000000 0.7699504 9.0000000 9.0000000 0.7488484 0.7907074 3.0413428 1.8818995 
taxon_9    9.0000000 9.0000000 0.8110706 9.0000000 9.0000000 9.0000000 9.0000000 9.0000000 0.0000000 0.6586041 0.8110706 0.8100883 9.0000000 9.0000000 0.8279699 0.7916646 9.0000000 0.7897513 9.0000000 9.0000000 0.8229599 0.8169917 0.8179831 9.0000000 0.8239592 0.8120542 9.0000000 9.0000000 0.7802575 0.7821467 
taxon_10   9.0000000 9.0000000 0.8473193 9.0000000 9.0000000 9.0000000 9.0000000 9.0000000 0.6586041 0.0000000 0.7840406 0.8219619 9.0000000 9.0000000 0.8051959 0.7935828 9.0000000 0.8042212 9.0000000 9.0000000 0.8169917 0.8160016 0.8042212 9.0000000 0.8061718 0.8160016 9.0000000 9.0000000 0.8209652 0.7793147 
taxon_11   9.0000000 9.0000000 0.8199698 9.0000000 9.0000000 9.0000000 9.0000000 9.0000000 0.8110706 0.7840406 0.0000000 0.7443385 2.3579801 3.0413428 0.6318155 0.8289760 9.0000000 0.8051959 9.0000000 9.0000000 0.8032478 0.8061718 0.8061718 9.0000000 0.7868906 0.8566619 9.0000000 9.0000000 0.7699504 0.7353992 
taxon_12   9.0000000 9.0000000 0.8462883 9.0000000 9.0000000 9.0000000 9.0000000 9.0000000 0.8100883 0.8219619 0.7443385 0.0000000 1.3955643 9.0000000 0.6658583 0.8110706 9.0000000 0.8209652 9.0000000 9.0000000 0.8100883 0.8330137 0.8452588 9.0000000 0.8071490 0.8071490 9.0000000 9.0000000 0.7916646 0.7607026 
taxon_13   0.8524953 0.8071490 9.0000000 0.8259619 0.8081275 0.8120542 0.8360563 0.7727472 9.0000000 9.0000000 2.3579801 1.3955643 0.0000000 0.7006710 1.3807123 9.0000000 0.8209652 9.0000000 0.8189758 0.8100883 9.0000000 9.0000000 9.0000000 0.7830931 9.0000000 9.0000000 0.7916646 0.7945437 9.0000000 9.0000000 
taxon_14   0.8330137 0.8169917 9.0000000 0.8189758 0.8269652 0.7974339 0.8421787 0.7974339 9.0000000 9.0000000 3.0413428 9.0000000 0.7006710 0.0000000 2.1677785 9.0000000 0.8100883 9.0000000 0.7926231 0.7926231 9.0000000 9.0000000 9.0000000 0.8229599 9.0000000 9.0000000 0.8091072 0.8493854 9.0000000 9.0000000 
taxon_15   9.0000000 9.0000000 0.7974339 9.0000000 9.0000000 9.0000000 9.0000000 9.0000000 0.8279699 0.8051959 0.6318155 0.6658583 1.3807123 2.1677785 0.0000000 0.8229599 9.0000000 0.8140253 9.0000000 9.0000000 0.7907074 0.7916646 0.8032478 9.0000000 0.7746174 0.8391112 9.0000000 9.0000000 0.7812015 0.7265653 
taxon_16   9.0000000 9.0000000 0.8160016 9.0000000 9.0000000 9.0000000 9.0000000 9.0000000 0.7916646 0.7935828 0.8289760 0.8110706 9.0000000 9.0000000 0.8229599 0.0000000 0.6142217 0.7926231 9.0000000 9.0000000 0.7727472 0.8042212 0.7887965 9.0000000 0.7783731 0.7907074 9.0000000 9.0000000 0.7616222 0.6998231 
taxon_17   0.8160016 0.8330137 9.0000000 0.8330137 0.7974339 0.8042212 0.8150128 0.7840406 9.0000000 9.0000000 9.0000000 9.0000000 0.8209652 0.8100883 9.0000000 0.6142217 0.0000000 9.0000000 0.7945437 0.8140253 9.0000000 9.0000000 9.0000000 0.7755543 9.0000000 9.0000000 0.7597840 0.7793147 9.0000000 2.6354947 
taxon_18   9.0000000 9.0000000 0.7907074 9.0000000 9.0000000 9.0000000 9.0000000 9.0000000 0.7897513 0.8042212 0.8051959 0.8209652 9.0000000 9.0000000 0.8140253 0.7926231 9.0000000 0.0000000 3.4707323 4.7492932 0.7015199 0.7497536 0.7015199 2.2110007 0.6490397 0.7616222 3.0608244 9.0000000 0.6562015 0.6466675 
taxon_19   0.8432040 0.8150128 9.0000000 0.8619031 0.8380915 0.8320022 0.8462883 0.7746174 9.0000000 9.0000000 9.0000000 9.0000000 0.8189758 0.7926231 9.0000000 9.0000000 0.7945437 3.4707323 0.0000000 0.5962926 1.6098980 3.5056223 9.0000000 0.6922345 2.4058695 4.9650549 0.7443385 0.7945437 2.4225368 2.6582237 
taxon_20   0.8259619 0.8120542 9.0000000 0.8320022 0.8350407 0.8289760 0.8724965 0.8091072 9.0000000 9.0000000 9.0000000 9.0000000 0.8100883 0.7926231 9.0000000 9.0000000 0.8140253 4.7492932 0.5962926 0.0000000 0.8229599 4.0620753 3.8653021 0.6490397 2.2110007 3.6641041 0.7256876 0.7916646 2.8701489 2.7308610 
taxon_21   9.0000000 9.0000000 0.8269652 9.0000000 9.0000000 9.0000000 9.0000000 9.0000000 0.8229599 0.8169917 0.8032478 0.8100883 9.0000000 9.0000000 0.7907074 0.7727472 9.0000000 0.7015199 1.6098980 0.8229599 0.0000000 0.7327381 0.7248109 1.9873360 0.6134660 0.7434397 2.6134342 9.0000000 0.6356955 0.6287260 
taxon_22   9.0000000 9.0000000 0.8380915 9.0000000 9.0000000 9.0000000 9.0000000 9.0000000 0.8169917 0.8160016 0.8061718 0.8330137 9.0000000 9.0000000 0.7916646 0.8042212 9.0000000 0.7497536 3.5056223 4.0620753 0.7327381 0.0000000 0.2780563 1.5656053 0.5463217 0.7625430 9.0000000 9.0000000 0.6922345 0.7143699 
taxon_23   9.0000000 9.0000000 0.8279699 9.0000000 9.0000000 9.0000000 9.0000000 9.0000000 0.8179831 0.8042212 0.8061718 0.8452588 9.0000000 9.0000000 0.8032478 0.7887965 9.0000000 0.7015199 9.0000000 3.8653021 0.7248109 0.2780563 0.0000000 1.3912907 0.4917280 0.7830931 9.0000000 9.0000000 0.6748209 0.6830627 
taxon_24   0.8042212 0.8110706 9.0000000 0.8032478 0.8013048 0.8330137 0.8309921 0.7699504 9.0000000 9.0000000 9.0000000 9.0000000 0.7830931 0.8229599 9.0000000 9.0000000 0.7755543 2.2110007 0.6922345 0.6490397 1.9873360 1.5656053 1.3912907 0.0000000 0.6202946 3.3454417 0.6650488 0.7662376 1.8115353 1.7786832 
taxon_25   9.0000000 9.0000000 0.8160016 9.0000000 9.0000000 9.0000000 9.0000000 9.0000000 0.8239592 0.8061718 0.7868906 0.8071490 9.0000000 9.0000000 0.7746174 0.7783731 9.0000000 0.6490397 2.4058695 2.2110007 0.6134660 0.5463217 0.4917280 0.6202946 0.0000000 0.7327381 2.2914348 9.0000000 0.5687533 0.5787821 
taxon_26   9.0000000 9.0000000 0.8249599 9.0000000 9.0000000 9.0000000 9.0000000 9.0000000 0.8120542 0.8160016 0.8566619 0.8071490 9.0000000 9.0000000 0.8391112 0.7907074 9.0000000 0.7616222 4.9650549 3.6641041 0.7434397 0.7625430 0.7830931 3.3454417 0.7327381 0.0000000 1.1857188 3.8097202 0.5867570 0.6356955 
taxon_27   0.8189758 0.8042212 9.0000000 0.7699504 0.8249599 0.8042212 0.8299833 0.7488484 9.0000000 9.0000000 9.0000000 9.0000000 0.7916646 0.8091072 9.0000000 9.0000000 0.7597840 3.0608244 0.7443385 0.7256876 2.6134342 9.0000000 9.0000000 0.6650488 2.2914348 1.1857188 0.0000000 0.7318531 1.3048498 1.4841694 
taxon_28   0.8140253 0.8179831 9.0000000 0.8504206 0.8120542 0.8370732 0.7793147 0.7907074 9.0000000 9.0000000 9.0000000 9.0000000 0.7945437 0.8493854 9.0000000 9.0000000 0.7793147 9.0000000 0.7945437 0.7916646 9.0000000 9.0000000 9.0000000 0.7662376 9.0000000 3.8097202 0.7318531 0.0000000 1.6449238 2.6467731 
taxon_29   9.0000000 9.0000000 0.8249599 9.0000000 9.0000000 9.0000000 9.0000000 3.0413428 0.7802575 0.8209652 0.7699504 0.7916646 9.0000000 9.0000000 0.7812015 0.7616222 9.0000000 0.6562015 2.4225368 2.8701489 0.6356955 0.6922345 0.6748209 1.8115353 0.5687533 0.5867570 1.3048498 1.6449238 0.0000000 0.3792404 
taxon_30   9.0000000 9.0000000 0.8259619 9.0000000 9.0000000 9.0000000 9.0000000 1.8818995 0.7821467 0.7793147 0.7353992 0.7607026 9.0000000 9.0000000 0.7265653 0.6998231 2.6354947 0.6466675 2.6582237 2.7308610 0.6287260 0.7143699 0.6830627 1.7786832 0.5787821 0.6356955 1.4841694 2.6467731 0.3792404 0.0000000 
