30
taxon_1    0.0000000 9.0000000 9.0000000 9.0000000 0.8370732 0.8130391 0.8110706 9.0000000 9.0000000 0.8022757 0.8462883 0.8120542 9.0000000 9.0000000 0.8110706 0.8160016 0.7793147 9.0000000 0.8130391 9.0000000 9.0000000 9.0000000 0.8110706 0.8199698 9.0000000 0.8239592 9.0000000 9.0000000 0.8330137 9.0000000 
taxon_2    9.0000000 0.0000000 0.6096992 0.6674801 9.0000000 9.0000000 9.0000000 0.8269652 0.8042212 9.0000000 9.0000000 9.0000000 0.7974339 0.8032478 9.0000000 9.0000000 9.0000000 0.8577072 9.0000000 0.8401323 0.8169917 0.7964692 9.0000000 9.0000000 0.8524953 9.0000000 0.8309921 0.8360563 9.0000000 0.7830931 
taxon_3    9.0000000 0.6096992 0.0000000 0.4271654 9.0000000 9.0000000 9.0000000 0.7935828 0.7868906 9.0000000 9.0000000 9.0000000 0.8051959 0.7974339 9.0000000 9.0000000 9.0000000 0.8061718 9.0000000 0.7727481 0.7812015 0.8051959 9.0000000 9.0000000 0.8524953 9.0000000 0.8091072 0.7849894 9.0000000 0.7109221 
taxon_4    9.0000000 0.6674801 0.4271654 0.0000000 9.0000000 9.0000000 9.0000000 0.7783731 0.7452389 9.0000000 9.0000000 9.0000000 0.7897513 0.7718147 9.0000000 9.0000000 2.3351365 0.7533862 9.0000000 0.7380704 0.7746184 0.7821467 9.0000000 9.0000000 0.8022757 9.0000000 0.7452389 0.7812015 9.0000000 0.6388142 
taxon_5    0.8370732 9.0000000 9.0000000 9.0000000 0.0000000 0.2408430 0.7178345 9.0000000 2.5815145 0.8032478 0.8269652 0.7830931 9.0000000 9.0000000 0.7774327 0.8100883 0.7506606 9.0000000 0.8081275 9.0000000 9.0000000 9.0000000 0.8169917 0.7916646 9.0000000 0.8350407 9.0000000 9.0000000 0.8091072 9.0000000 
taxon_6    0.8130391 9.0000000 9.0000000 9.0000000 0.2408430 0.0000000 0.7083462 9.0000000 2.2705032 0.8022757 0.7926231 0.7671649 9.0000000 9.0000000 0.8071490 0.8061718 0.7187031 9.0000000 0.8100883 9.0000000 9.0000000 9.0000000 0.8160016 0.7662384 9.0000000 0.8340265 9.0000000 9.0000000 0.8100883 9.0000000 
taxon_7    0.8110706 9.0000000 9.0000000 9.0000000 0.7178345 0.7083462 0.0000000 1.3319146 1.9550233 0.7945437 0.7907074 0.8061718 9.0000000 9.0000000 0.8219619 0.8619031 0.7049254 9.0000000 0.8081275 9.0000000 9.0000000 9.0000000 0.8179831 0.7955058 9.0000000 0.8442307 9.0000000 9.0000000 0.7907074 9.0000000 
taxon_8    9.0000000 0.8269652 0.7935828 0.7783731 9.0000000 9.0000000 1.3319146 0.0000000 0.3378469 9.0000000 9.0000000 9.0000000 0.8081275 0.8110706 9.0000000 9.0000000 9.0000000 0.8179831 9.0000000 0.8022757 0.7690214 0.7708824 9.0000000 9.0000000 0.8360563 9.0000000 0.8249599 0.8061718 9.0000000 0.7830931 
taxon_9    9.0000000 0.8042212 0.7868906 0.7452389 2.5815145 2.2705032 1.9550233 0.3378469 0.0000000 9.0000000 9.0000000 9.0000000 0.7955058 0.7840406 9.0000000 9.0000000 9.0000000 0.8179831 9.0000000 0.7849894 0.8219619 0.7916646 9.0000000 9.0000000 0.8432040 9.0000000 0.8003352 0.7983997 9.0000000 0.7515680 
taxon_10   0.8022757 9.0000000 9.0000000 9.0000000 0.8032478 0.8022757 0.7945437 9.0000000 9.0000000 0.0000000 0.4498944 0.3943135 9.0000000 9.0000000 0.8042212 0.7588674 0.6066992 9.0000000 0.8629557 9.0000000 9.0000000 9.0000000 0.8179831 0.7443391 9.0000000 0.7840406 9.0000000 9.0000000 0.7821467 9.0000000 
taxon_11   0.8462883 9.0000000 9.0000000 9.0000000 0.8269652 0.7926231 0.7907074 9.0000000 9.0000000 0.4498944 0.0000000 0.3960071 9.0000000 9.0000000 0.8140253 0.7964692 0.6149782 9.0000000 0.8380915 9.0000000 9.0000000 9.0000000 0.7993668 0.7524766 9.0000000 0.7916646 9.0000000 9.0000000 0.8120542 9.0000000 
taxon_12   0.8120542 9.0000000 9.0000000 9.0000000 0.7830931 0.7671649 0.8061718 9.0000000 9.0000000 0.3943135 0.3960071 0.0000000 9.0000000 9.0000000 0.7868906 0.7821467 0.4408400 9.0000000 0.8411548 9.0000000 9.0000000 9.0000000 0.8239592 0.6972853 9.0000000 0.7774327 9.0000000 9.0000000 0.7746184 9.0000000 
taxon_13   9.0000000 0.7974339 0.8051959 0.7897513 9.0000000 9.0000000 9.0000000 0.8081275 0.7955058 9.0000000 9.0000000 9.0000000 0.0000000 0.5477042 9.0000000 9.0000000 4.5819356 0.8289760 9.0000000 0.8320022 0.8524953 0.8370732 9.0000000 9.0000000 0.8411548 9.0000000 0.8239592 0.8071490 9.0000000 0.7736827 
taxon_14   9.0000000 0.8032478 0.7974339 0.7718147 9.0000000 9.0000000 9.0000000 0.8110706 0.7840406 9.0000000 9.0000000 9.0000000 0.5477042 0.0000000 2.4141569 2.2705032 3.9253341 0.8320022 9.0000000 0.8524953 0.8309921 0.8587540 9.0000000 9.0000000 0.7955058 9.0000000 0.8140253 0.8370732 9.0000000 0.7425427 
taxon_15   0.8110706 9.0000000 9.0000000 9.0000000 0.7774327 0.8071490 0.8219619 9.0000000 9.0000000 0.8042212 0.8140253 0.7868906 9.0000000 2.4141569 0.0000000 0.5059894 0.6863852 9.0000000 0.8340265 9.0000000 9.0000000 9.0000000 0.8330137 0.8160016 9.0000000 0.7793147 9.0000000 9.0000000 0.8239592 9.0000000 
taxon_16   0.8160016 9.0000000 9.0000000 9.0000000 0.8100883 0.8061718 0.8619031 9.0000000 9.0000000 0.7588674 0.7964692 0.7821467 9.0000000 2.2705032 0.5059894 0.0000000 0.7109221 9.0000000 0.8061718 9.0000000 9.0000000 9.0000000 0.7964692 0.8289760 9.0000000 0.8160016 9.0000000 9.0000000 0.7974339 9.0000000 
taxon_17   0.7793147 9.0000000 9.0000000 2.3351365 0.7506606 0.7187031 0.7049254 9.0000000 9.0000000 0.6066992 0.6149782 0.4408400 4.5819356 3.9253341 0.6863852 0.7109221 0.0000000 9.0000000 0.7515680 9.0000000 9.0000000 9.0000000 0.7452389 0.6119571 9.0000000 0.7524766 9.0000000 9.0000000 0.7187031 2.7058587 
taxon_18   9.0000000 0.8577072 0.8061718 0.7533862 9.0000000 9.0000000 9.0000000 0.8179831 0.8179831 9.0000000 9.0000000 9.0000000 0.8289760 0.8320022 9.0000000 9.0000000 9.0000000 0.0000000 1.5602480 0.4432438 0.6674801 0.6180116 2.0564638 9.0000000 0.8259619 9.0000000 0.8061718 0.7983997 9.0000000 0.7597848 
taxon_19   0.8130391 9.0000000 9.0000000 9.0000000 0.8081275 0.8100883 0.8081275 9.0000000 9.0000000 0.8629557 0.8380915 0.8411548 9.0000000 9.0000000 0.8340265 0.8061718 0.7515680 1.5602480 0.0000000 1.4465439 9.0000000 9.0000000 0.4677158 0.7662384 9.0000000 0.8320022 9.0000000 9.0000000 0.7887965 9.0000000 
taxon_20   9.0000000 0.8401323 0.7727481 0.7380704 9.0000000 9.0000000 9.0000000 0.8022757 0.7849894 9.0000000 9.0000000 9.0000000 0.8320022 0.8524953 9.0000000 9.0000000 9.0000000 0.4432438 1.4465439 0.0000000 0.4827917 0.4853341 0.8854093 9.0000000 0.7821467 9.0000000 0.7887965 0.7643889 9.0000000 0.7117826 
taxon_21   9.0000000 0.8169917 0.7812015 0.7746184 9.0000000 9.0000000 9.0000000 0.7690214 0.8219619 9.0000000 9.0000000 9.0000000 0.8524953 0.8309921 9.0000000 9.0000000 9.0000000 0.6674801 9.0000000 0.4827917 0.0000000 0.6498322 1.9505188 9.0000000 0.8249599 9.0000000 0.7859394 0.8032478 9.0000000 0.7662384 
taxon_22   9.0000000 0.7964692 0.8051959 0.7821467 9.0000000 9.0000000 9.0000000 0.7708824 0.7916646 9.0000000 9.0000000 9.0000000 0.8370732 0.8587540 9.0000000 9.0000000 9.0000000 0.6180116 9.0000000 0.4853341 0.6498322 0.0000000 1.4020205 9.0000000 0.8229599 9.0000000 0.8022757 0.8160016 9.0000000 0.7974339 
taxon_23   0.8110706 9.0000000 9.0000000 9.0000000 0.8169917 0.8160016 0.8179831 9.0000000 9.0000000 0.8179831 0.7993668 0.8239592 9.0000000 9.0000000 0.8330137 0.7964692 0.7452389 2.0564638 0.4677158 0.8854093 1.9505188 1.4020205 0.0000000 0.6764622 9.0000000 0.7746184 9.0000000 9.0000000 0.7945437 9.0000000 
taxon_24   0.8199698 9.0000000 9.0000000 9.0000000 0.7916646 0.7662384 0.7955058 9.0000000 9.0000000 0.7443391 0.7524766 0.6972853 9.0000000 9.0000000 0.8160016 0.8289760 0.6119571 9.0000000 0.7662384 9.0000000 9.0000000 9.0000000 0.6764622 0.0000000 9.0000000 0.7774327 9.0000000 9.0000000 0.7443391 9.0000000 
taxon_25   9.0000000 0.8524953 0.8524953 0.8022757 9.0000000 9.0000000 9.0000000 0.8360563 0.8432040 9.0000000 9.0000000 9.0000000 0.8411548 0.7955058 9.0000000 9.0000000 9.0000000 0.8259619 9.0000000 0.7821467 0.8249599 0.8229599 9.0000000 9.0000000 0.0000000 5.2691537 0.8061718 0.7916646 9.0000000 0.7935828 
taxon_26   0.8239592 9.0000000 9.0000000 9.0000000 0.8350407 0.8340265 0.8442307 9.0000000 9.0000000 0.7840406 0.7916646 0.7774327 9.0000000 9.0000000 0.7793147 0.8160016 0.7524766 9.0000000 0.8320022 9.0000000 9.0000000 9.0000000 0.7746184 0.7774327 5.2691537 0.0000000 9.0000000 9.0000000 0.8421787 9.0000000 
taxon_27   9.0000000 0.8309921 0.8091072 0.7452389 9.0000000 9.0000000 9.0000000 0.8249599 0.8003352 9.0000000 9.0000000 9.0000000 0.8239592 0.8140253 9.0000000 9.0000000 9.0000000 0.8061718 9.0000000 0.7887965 0.7859394 0.8022757 9.0000000 9.0000000 0.8061718 9.0000000 0.0000000 0.6707339 2.5214825 0.5889469 
taxon_28   9.0000000 0.8360563 0.7849894 0.7812015 9.0000000 9.0000000 9.0000000 0.8061718 0.7983997 9.0000000 9.0000000 9.0000000 0.8071490 0.8370732 9.0000000 9.0000000 9.0000000 0.7983997 9.0000000 0.7643889 0.8032478 0.8160016 9.0000000 9.0000000 0.7916646 9.0000000 0.6707339 0.0000000 2.1383633 0.6707339 
taxon_29   0.8330137 9.0000000 9.0000000 9.0000000 0.8091072 0.8100883 0.7907074 9.0000000 9.0000000 0.7821467 0.8120542 0.7746184 9.0000000 9.0000000 0.8239592 0.7974339 0.7187031 9.0000000 0.7887965 9.0000000 9.0000000 9.0000000 0.7945437 0.7443391 9.0000000 0.8421787 2.5214825 2.1383633 0.0000000 2.5711695 
taxon_30   9.0000000 0.7830931 0.7109221 0.6388142 9.0000000 9.0000000 9.0000000 0.7830931 0.7515680 9.0000000 9.0000000 9.0000000 0.7736827 0.7425427 9.0000000 9.0000000 2.7058587 0.7597848 9.0000000 0.7117826 0.7662384 0.7974339 9.0000000 9.0000000 0.7935828 9.0000000 0.5889469 0.6707339 2.5711695 0.0000000 
