30
taxon_1    0.0000000 0.8832416 9.0000000 9.0000000 9.0000000 0.6674801 9.0000000 9.0000000 9.0000000 0.7552088 0.7607034 0.8130391 9.0000000 9.0000000 9.0000000 0.7680926 9.0000000 9.0000000 0.7434403 0.8199698 0.8411548 9.0000000 9.0000000 9.0000000 0.8209652 0.8042212 0.8032478 0.8179831 0.8189758 0.8100883 
taxon_2    0.8832416 0.0000000 0.6797553 0.6666688 0.7643889 9.0000000 0.6506254 0.7708824 0.7470418 9.0000000 9.0000000 9.0000000 0.7461398 0.8061718 0.7452389 9.0000000 0.7561218 0.7187031 9.0000000 9.0000000 9.0000000 0.8566619 0.8524953 0.8671810 9.0000000 9.0000000 9.0000000 9.0000000 9.0000000 9.0000000 
taxon_3    9.0000000 0.6797553 0.0000000 0.4372486 0.7479448 9.0000000 0.5853008 0.7327386 0.7239357 9.0000000 9.0000000 9.0000000 0.7074896 0.7425427 0.7416461 9.0000000 0.7570359 0.7552088 9.0000000 9.0000000 9.0000000 0.8320022 0.8032478 0.8309921 9.0000000 9.0000000 9.0000000 9.0000000 9.0000000 9.0000000 
taxon_4    9.0000000 0.6666688 0.4372486 0.0000000 0.7389627 3.7095726 0.5773412 0.7434403 0.7169670 9.0000000 9.0000000 9.0000000 0.7256880 0.7470418 0.7230610 9.0000000 0.7292050 0.7178345 9.0000000 9.0000000 9.0000000 0.8140253 0.8061718 0.8169917 9.0000000 9.0000000 9.0000000 9.0000000 9.0000000 9.0000000 
taxon_5    9.0000000 0.7643889 0.7479448 0.7389627 0.0000000 1.5549283 0.6805808 0.7634658 0.7579511 9.0000000 9.0000000 9.0000000 0.7497543 0.7680926 0.7479448 9.0000000 0.7625438 0.7643889 9.0000000 9.0000000 9.0000000 0.8401323 0.8473193 0.8432040 9.0000000 9.0000000 9.0000000 9.0000000 9.0000000 9.0000000 
taxon_6    0.6674801 9.0000000 9.0000000 3.7095726 1.5549283 0.0000000 1.7645321 9.0000000 9.0000000 0.7117826 0.6411616 0.7256880 9.0000000 9.0000000 9.0000000 0.6863852 9.0000000 9.0000000 0.5867571 0.8391112 0.8042212 9.0000000 9.0000000 9.0000000 0.8598022 0.8320022 0.8130391 0.8350407 0.8160016 0.7821467 
taxon_7    9.0000000 0.6506254 0.5853008 0.5773412 0.6805808 1.7645321 0.0000000 0.6998234 0.6707339 9.0000000 9.0000000 9.0000000 0.6364741 0.7015202 0.6707339 9.0000000 0.6715495 0.6538068 2.7972761 9.0000000 9.0000000 0.8042212 0.8003352 0.8370732 9.0000000 9.0000000 9.0000000 9.0000000 9.0000000 9.0000000 
taxon_8    9.0000000 0.7708824 0.7327386 0.7434403 0.7634658 9.0000000 0.6998234 0.0000000 0.3228308 9.0000000 2.3815430 9.0000000 0.5014222 0.7625438 0.7680926 9.0000000 0.8013048 0.7588674 9.0000000 9.0000000 9.0000000 0.8269652 0.8370732 0.8432040 9.0000000 9.0000000 9.0000000 9.0000000 9.0000000 9.0000000 
taxon_9    9.0000000 0.7470418 0.7239357 0.7169670 0.7579511 9.0000000 0.6707339 0.3228308 0.0000000 2.5024940 1.8190355 3.0413429 0.4420410 0.7497543 0.7662384 9.0000000 0.7479448 0.7552088 9.0000000 9.0000000 9.0000000 0.8289760 0.8370732 0.8189758 9.0000000 9.0000000 9.0000000 9.0000000 9.0000000 9.0000000 
taxon_10   0.7552088 9.0000000 9.0000000 9.0000000 9.0000000 0.7117826 9.0000000 9.0000000 2.5024940 0.0000000 0.5265569 0.6052036 1.7786835 9.0000000 9.0000000 0.7552088 9.0000000 9.0000000 0.7434403 0.8421787 0.8120542 9.0000000 9.0000000 9.0000000 0.8360562 0.8140253 0.8299833 0.8504206 0.8442307 0.7830931 
taxon_11   0.7607034 9.0000000 9.0000000 9.0000000 9.0000000 0.6411616 9.0000000 2.3815430 1.8190355 0.5265569 0.0000000 0.5346724 1.2273499 9.0000000 9.0000000 0.7653131 9.0000000 9.0000000 0.7470418 0.8279699 0.8249599 9.0000000 9.0000000 9.0000000 0.8370732 0.8219619 0.8130391 0.8380915 0.8081275 0.8120542 
taxon_12   0.8130391 9.0000000 9.0000000 9.0000000 9.0000000 0.7256880 9.0000000 9.0000000 3.0413429 0.6052036 0.5346724 0.0000000 1.1176308 9.0000000 9.0000000 0.7916646 9.0000000 9.0000000 0.7443391 0.8279699 0.8209652 9.0000000 9.0000000 9.0000000 0.8350407 0.8370732 0.8746332 0.8504206 0.8209652 0.8169917 
taxon_13   9.0000000 0.7461398 0.7074896 0.7256880 0.7497543 9.0000000 0.6364741 0.5014222 0.4420410 1.7786835 1.2273499 1.1176308 0.0000000 0.7256880 0.7239357 9.0000000 0.7479448 0.7443391 9.0000000 9.0000000 9.0000000 0.8545757 0.8309921 0.8110706 9.0000000 9.0000000 9.0000000 9.0000000 9.0000000 9.0000000 
taxon_14   9.0000000 0.8061718 0.7425427 0.7470418 0.7680926 9.0000000 0.7015202 0.7625438 0.7497543 9.0000000 9.0000000 9.0000000 0.7256880 0.0000000 0.4248125 9.0000000 0.7461398 0.7699513 9.0000000 9.0000000 9.0000000 0.8022757 0.8169917 0.8061718 9.0000000 9.0000000 9.0000000 9.0000000 9.0000000 9.0000000 
taxon_15   9.0000000 0.7452389 0.7416461 0.7230610 0.7479448 9.0000000 0.6707339 0.7680926 0.7662384 9.0000000 9.0000000 9.0000000 0.7239357 0.4248125 0.0000000 9.0000000 0.7452389 0.7497543 9.0000000 9.0000000 9.0000000 0.8100883 0.8179831 0.8013048 9.0000000 9.0000000 9.0000000 9.0000000 9.0000000 9.0000000 
taxon_16   0.7680926 9.0000000 9.0000000 9.0000000 9.0000000 0.6863852 9.0000000 9.0000000 9.0000000 0.7552088 0.7653131 0.7916646 9.0000000 9.0000000 9.0000000 0.0000000 9.0000000 9.0000000 0.7479448 0.8269652 0.7964692 9.0000000 9.0000000 9.0000000 0.8452588 0.8160016 0.8259619 0.8229599 0.8556181 0.8160016 
taxon_17   9.0000000 0.7561218 0.7570359 0.7292050 0.7625438 9.0000000 0.6715495 0.8013048 0.7479448 9.0000000 9.0000000 9.0000000 0.7479448 0.7461398 0.7452389 9.0000000 0.0000000 0.5198604 9.0000000 9.0000000 9.0000000 0.8013048 0.8100883 0.8100883 9.0000000 9.0000000 9.0000000 9.0000000 9.0000000 9.0000000 
taxon_18   9.0000000 0.7187031 0.7552088 0.7178345 0.7643889 9.0000000 0.6538068 0.7588674 0.7552088 9.0000000 9.0000000 9.0000000 0.7443391 0.7699513 0.7497543 9.0000000 0.5198604 0.0000000 9.0000000 9.0000000 9.0000000 0.8110706 0.8179831 0.8061718 9.0000000 9.0000000 9.0000000 9.0000000 9.0000000 9.0000000 
taxon_19   0.7434403 9.0000000 9.0000000 9.0000000 9.0000000 0.5867571 2.7972761 9.0000000 9.0000000 0.7434403 0.7470418 0.7443391 9.0000000 9.0000000 9.0000000 0.7479448 9.0000000 9.0000000 0.0000000 0.8199698 0.8350407 9.0000000 9.0000000 9.0000000 0.8370732 0.8340265 0.8249599 0.8309921 0.7607034 0.6658584 
taxon_20   0.8199698 9.0000000 9.0000000 9.0000000 9.0000000 0.8391112 9.0000000 9.0000000 9.0000000 0.8421787 0.8279699 0.8279699 9.0000000 9.0000000 9.0000000 0.8269652 9.0000000 9.0000000 0.8199698 0.0000000 0.7506606 9.0000000 9.0000000 9.0000000 0.8003352 0.7416461 0.8269652 0.8071490 0.7506606 0.8209652 
taxon_21   0.8411548 9.0000000 9.0000000 9.0000000 9.0000000 0.8042212 9.0000000 9.0000000 9.0000000 0.8120542 0.8249599 0.8209652 9.0000000 9.0000000 9.0000000 0.7964692 9.0000000 9.0000000 0.8350407 0.7506606 0.0000000 1.6569729 1.4722071 9.0000000 0.7878429 0.7371791 0.8309921 0.7764934 0.6855532 0.8120542 
taxon_22   9.0000000 0.8566619 0.8320022 0.8140253 0.8401323 9.0000000 0.8042212 0.8269652 0.8289760 9.0000000 9.0000000 9.0000000 0.8545757 0.8022757 0.8100883 9.0000000 0.8013048 0.8110706 9.0000000 9.0000000 1.6569729 0.0000000 0.1268072 0.7345116 9.0000000 9.0000000 9.0000000 9.0000000 9.0000000 9.0000000 
taxon_23   9.0000000 0.8524953 0.8032478 0.8061718 0.8473193 9.0000000 0.8003352 0.8370732 0.8370732 9.0000000 9.0000000 9.0000000 0.8309921 0.8169917 0.8179831 9.0000000 0.8100883 0.8179831 9.0000000 9.0000000 1.4722071 0.1268072 0.0000000 0.7274445 9.0000000 9.0000000 9.0000000 9.0000000 9.0000000 9.0000000 
taxon_24   9.0000000 0.8671810 0.8309921 0.8169917 0.8432040 9.0000000 0.8370732 0.8432040 0.8189758 9.0000000 9.0000000 9.0000000 0.8110706 0.8061718 0.8013048 9.0000000 0.8100883 0.8061718 9.0000000 9.0000000 9.0000000 0.7345116 0.7274445 0.0000000 9.0000000 9.0000000 9.0000000 9.0000000 5.2691537 9.0000000 
taxon_25   0.8209652 9.0000000 9.0000000 9.0000000 9.0000000 0.8598022 9.0000000 9.0000000 9.0000000 0.8360562 0.8370732 0.8350407 9.0000000 9.0000000 9.0000000 0.8452588 9.0000000 9.0000000 0.8370732 0.8003352 0.7878429 9.0000000 9.0000000 9.0000000 0.0000000 0.7204432 0.7774327 0.7506606 0.7398561 0.7955058 
taxon_26   0.8042212 9.0000000 9.0000000 9.0000000 9.0000000 0.8320022 9.0000000 9.0000000 9.0000000 0.8140253 0.8219619 0.8370732 9.0000000 9.0000000 9.0000000 0.8160016 9.0000000 9.0000000 0.8340265 0.7416461 0.7371791 9.0000000 9.0000000 9.0000000 0.7204432 0.0000000 0.6789307 0.6443029 0.6602102 0.8003352 
taxon_27   0.8032478 9.0000000 9.0000000 9.0000000 9.0000000 0.8130391 9.0000000 9.0000000 9.0000000 0.8299833 0.8130391 0.8746332 9.0000000 9.0000000 9.0000000 0.8259619 9.0000000 9.0000000 0.8249599 0.8269652 0.8309921 9.0000000 9.0000000 9.0000000 0.7774327 0.6789307 0.0000000 0.6699191 0.7380704 0.8350407 
taxon_28   0.8179831 9.0000000 9.0000000 9.0000000 9.0000000 0.8350407 9.0000000 9.0000000 9.0000000 0.8504206 0.8380915 0.8504206 9.0000000 9.0000000 9.0000000 0.8229599 9.0000000 9.0000000 0.8309921 0.8071490 0.7764934 9.0000000 9.0000000 9.0000000 0.7506606 0.6443029 0.6699191 0.0000000 0.7152349 0.8360562 
taxon_29   0.8189758 9.0000000 9.0000000 9.0000000 9.0000000 0.8160016 9.0000000 9.0000000 9.0000000 0.8442307 0.8081275 0.8209652 9.0000000 9.0000000 9.0000000 0.8556181 9.0000000 9.0000000 0.7607034 0.7506606 0.6855532 9.0000000 9.0000000 5.2691537 0.7398561 0.6602102 0.7380704 0.7152349 0.0000000 0.5744676 
taxon_30   0.8100883 9.0000000 9.0000000 9.0000000 9.0000000 0.7821467 9.0000000 9.0000000 9.0000000 0.7830931 0.8120542 0.8169917 9.0000000 9.0000000 9.0000000 0.8160016 9.0000000 9.0000000 0.6658584 0.8209652 0.8120542 9.0000000 9.0000000 9.0000000 0.7955058 0.8003352 0.8350407 0.8360562 0.5744676 0.0000000 
