30
taxon_1    0.0000000 1.9354027 2.4042229 2.1689795 1.0297867 1.6139016 1.1346873 1.1401551 2.2135473 1.0361292 1.2011023 1.0361292 0.9294410 2.2774157 0.9958304 1.9094485 1.9301395 1.4788825 1.1512118 1.9354027 2.1835433 2.2691275 2.0742594 1.0974896 1.0377232 1.1383280 1.0787163 1.0003713 1.2314707 0.9322085 
taxon_2    1.9354027 0.0000000 0.7432607 0.7443391 1.5901976 0.8621135 2.2368651 2.4987534 1.2030891 2.2609314 1.0538527 2.4552630 2.1689795 1.1044340 2.4242241 1.1795884 1.1185190 1.0923231 2.1909325 1.1853949 1.1530705 1.1834544 1.1044340 2.6332592 2.3381423 2.8856134 3.2381161 2.5214822 1.1009538 2.2212397 
taxon_3    2.4042229 0.7432607 0.0000000 0.6369410 1.8893129 0.9604604 2.4447734 2.4242241 1.2151214 2.7972755 1.1202983 2.7334077 2.3847413 1.2191754 2.6888402 1.2481843 1.2502999 1.1757423 2.3751871 1.1681086 1.1700098 1.2916751 1.1681086 2.7334077 2.9646337 2.7034037 2.6745540 2.7182557 1.1185190 2.5331102 
taxon_4    2.1689795 0.7443391 0.6369410 0.0000000 1.7829815 0.9116967 2.5569222 2.6605349 1.1991208 2.6467731 1.0620493 2.7488721 2.3381423 1.1530705 2.2528233 1.1834544 1.1549339 1.1009538 2.3028419 1.1738266 1.1932075 1.1700098 1.1815189 2.9440845 3.0767823 2.7182557 2.9440845 2.5331102 1.1624339 2.4242241 
taxon_5    1.0297867 1.5901976 1.8893129 1.7829815 0.0000000 0.6842240 1.1475081 1.1238698 2.8856134 1.1624339 1.7209627 1.1149729 1.0345385 2.4552630 1.1256619 2.8490207 2.4987534 1.9568327 1.2030891 2.2368651 2.4042229 2.6888402 2.3751871 1.2294075 1.1643207 1.1719157 1.1605519 1.1202983 2.0554292 1.1310641 
taxon_6    1.6139016 0.8621135 0.9604604 0.9116967 0.6842240 0.0000000 2.3472332 2.1133988 1.1834544 2.3944189 0.8608519 2.1406745 1.8365757 1.1438226 2.1269127 1.1419866 1.0992197 0.9130469 2.2942703 1.0636995 1.1493577 1.1991208 1.1310641 3.1013744 2.4242241 3.0075025 2.3944189 2.2368651 1.0018910 2.2448019 
taxon_7    1.1346873 2.2368651 2.4447734 2.5569222 1.1475081 2.3472332 0.0000000 1.0282094 2.0370618 0.9676929 1.4342598 1.0923231 0.9898183 2.5214822 1.0473592 2.5214822 2.0806424 1.7130679 1.1853949 2.6745540 2.8141298 2.6332592 2.7334077 1.2212107 1.1167438 1.1991208 1.1719157 1.1738266 2.6467731 1.1719157 
taxon_8    1.1401551 2.4987534 2.4242241 2.6605349 1.1238698 2.1133988 1.0282094 0.0000000 1.4129061 0.7283242 1.3426204 1.1419866 0.9973410 2.3564354 1.0554849 2.4447734 2.2448019 1.6936869 1.1310641 2.5214822 2.9440845 2.8141298 2.3115125 1.2232515 1.2376948 1.1815189 1.2335397 1.2273499 2.4344284 1.2294075 
taxon_9    2.2135473 1.2030891 1.2151214 1.1991208 2.8856134 1.1834544 2.0370618 1.4129061 0.0000000 0.8421787 0.8583351 2.1762261 1.8794440 1.1681086 1.9677818 1.2314707 1.1401551 0.9898183 2.4447734 1.1220819 1.2294075 1.1892910 1.1238698 2.7972755 2.3751871 2.4042229 2.7334077 2.8141298 1.1568019 2.3751871 
taxon_10   1.0361292 2.2609314 2.7972755 2.6467731 1.1624339 2.3944189 0.9676929 0.7283242 0.8421787 0.0000000 1.1202983 1.0409215 0.9076608 2.3115125 0.9838541 2.4042229 1.9788931 1.4396946 1.1079306 2.1689795 2.8141298 2.4876421 2.6605349 1.1815189 1.1568019 1.2356143 1.1991208 1.2481843 2.2135473 1.1795884 
taxon_11   1.2011023 1.0538527 1.1202983 1.0620493 1.7209627 0.8608519 1.4342598 1.3426204 0.8583351 1.1202983 0.0000000 1.4102791 0.8446418 0.9794118 1.0787163 0.9063204 0.7465005 0.3778047 2.1909325 0.9988546 1.0888984 1.1512118 1.0554849 2.3472332 1.9958747 2.2135473 2.2290118 1.8137776 0.8621135 1.9460409 
taxon_12   1.0361292 2.4552630 2.7334077 2.7488721 1.1149729 2.1406745 1.0923231 1.1419866 2.1762261 1.0409215 1.4102791 0.0000000 0.6733462 2.6745540 1.0282094 2.1001241 2.0016221 1.6036509 1.2273499 2.6467731 2.6467731 2.4876421 2.5331102 1.2631211 1.2545490 1.1438226 1.1932075 1.1834544 2.3291603 1.1568019 
taxon_13   0.9294410 2.1689795 2.3847413 2.3381423 1.0345385 1.8365757 0.9898183 0.9973410 1.8794440 0.9076608 0.8446418 0.6733462 0.0000000 2.0132502 0.8384993 1.8745578 1.5263292 0.9928183 1.2110891 2.0870803 2.1476513 2.4876421 2.2448019 1.2070784 1.1624339 1.1310641 1.1776629 1.1220819 1.8745578 1.1132061 
taxon_14   2.2774157 1.1044340 1.2191754 1.1530705 2.4552630 1.1438226 2.5214822 2.3564354 1.1681086 2.3115125 0.9794118 2.6745540 2.0132502 0.0000000 1.6002649 1.1061803 0.9433819 0.7574018 2.4987534 1.1493577 1.1776629 1.1328735 1.1892910 3.0075025 2.9857619 2.5691176 3.1013744 2.5941199 1.1624339 2.7807916 
taxon_15   0.9958304 2.4242241 2.6888402 2.2528233 1.1256619 2.1269127 1.0473592 1.0554849 1.9677818 0.9838541 1.0787163 1.0282094 0.8384993 1.6002649 0.0000000 1.6139016 1.2609681 0.6674792 1.1512118 2.6467731 2.1269127 2.8670939 2.8141298 1.2110891 1.1892910 1.1475081 1.1971445 1.1419866 2.1001241 1.1438226 
taxon_16   1.9094485 1.1795884 1.2481843 1.1834544 2.8490207 1.1419866 2.5214822 2.4447734 1.2314707 2.4042229 0.9063204 2.1001241 1.8745578 1.1061803 1.6139016 0.0000000 0.9322085 0.7157541 3.4844941 1.2011023 1.1493577 1.1834544 1.2335397 2.8141298 3.6729799 3.0298922 3.3339911 2.7488721 1.1167438 2.4876421 
taxon_17   1.9301395 1.1185190 1.2502999 1.1549339 2.4987534 1.0992197 2.0806424 2.2448019 1.1401551 1.9788931 0.7465005 2.0016221 1.5263292 0.9433819 1.2609681 0.9322085 0.0000000 0.4617693 2.4987534 1.1605519 1.1643207 1.2212107 1.1512118 2.7182557 2.4552630 2.4987534 2.4552630 2.3291603 1.0906088 2.3944189 
taxon_18   1.4788825 1.0923231 1.1757423 1.1009538 1.9568327 0.9130469 1.7130679 1.6936869 0.9898183 1.4396946 0.3778047 1.6036509 0.9928183 0.7574018 0.6674792 0.7157541 0.4617693 0.0000000 2.1546936 1.1079306 1.1026919 1.2131025 1.1274583 2.7182557 2.3751871 2.4141569 2.3291603 2.0431347 0.9504507 2.1406745 
taxon_19   1.1512118 2.1909325 2.3751871 2.3028419 1.2030891 2.2942703 1.1853949 1.1310641 2.4447734 1.1079306 2.1909325 1.2273499 1.2110891 2.4987534 1.1512118 3.4844941 2.4987534 2.1546936 0.0000000 1.4904658 3.1013744 3.2087006 2.8856134 1.1605519 1.1776629 1.2717917 1.2652794 1.1643207 2.3847413 1.1419866 
taxon_20   1.9354027 1.1853949 1.1681086 1.1738266 2.2368651 1.0636995 2.6745540 2.5214822 1.1220819 2.1689795 0.9988546 2.6467731 2.0870803 1.1493577 2.6467731 1.2011023 1.1605519 1.1079306 1.4904658 0.0000000 1.1951734 1.1795884 1.1419866 2.3115125 2.1983953 2.4659015 2.5100317 2.4876421 1.0736772 2.7488721 
taxon_21   2.1835433 1.1530705 1.1700098 1.1932075 2.4042229 1.1493577 2.8141298 2.9440845 1.2294075 2.8141298 1.0888984 2.6467731 2.1476513 1.1776629 2.1269127 1.1493577 1.1643207 1.1026919 3.1013744 1.1951734 0.0000000 1.2356143 1.1512118 3.0767823 2.5569222 2.4766930 2.7334077 2.4344284 1.0888984 2.8313729 
taxon_22   2.2691275 1.1834544 1.2916751 1.1700098 2.6888402 1.1991208 2.6332592 2.8141298 1.1892910 2.4876421 1.1512118 2.4876421 2.4876421 1.1328735 2.8670939 1.1834544 1.2212107 1.2131025 3.2087006 1.1795884 1.2356143 0.0000000 0.9590222 2.4876421 2.3472332 2.2691275 2.3847413 2.1067321 1.0906088 2.4987534 
taxon_23   2.0742594 1.1044340 1.1681086 1.1815189 2.3751871 1.1310641 2.7334077 2.3115125 1.1238698 2.6605349 1.0554849 2.5331102 2.2448019 1.1892910 2.8141298 1.2335397 1.1512118 1.1274583 2.8856134 1.1419866 1.1512118 0.9590222 0.0000000 2.0935738 1.8553267 2.0074137 2.3381423 1.8182821 1.0957634 2.3657530 
taxon_24   1.0974896 2.6332592 2.7334077 2.9440845 1.2294075 3.1013744 1.2212107 1.2232515 2.7972755 1.1815189 2.3472332 1.2631211 1.2070784 3.0075025 1.2110891 2.8141298 2.7182557 2.7182557 1.1605519 2.3115125 3.0767823 2.4876421 2.0935738 0.0000000 0.4805109 1.0172603 1.1061803 0.9184718 2.1546936 1.1776629 
taxon_25   1.0377232 2.3381423 2.9646337 3.0767823 1.1643207 2.4242241 1.1167438 1.2376948 2.3751871 1.1568019 1.9958747 1.2545490 1.1624339 2.9857619 1.1892910 3.6729799 2.4552630 2.3751871 1.1776629 2.1983953 2.5569222 2.3472332 1.8553267 0.4805109 0.0000000 0.9335961 0.9913168 0.7887965 1.9958747 1.1662123 
taxon_26   1.1383280 2.8856134 2.7034037 2.7182557 1.1719157 3.0075025 1.1991208 1.1815189 2.4042229 1.2356143 2.2135473 1.1438226 1.1310641 2.5691176 1.1475081 3.0298922 2.4987534 2.4141569 1.2717917 2.4659015 2.4766930 2.2691275 2.0074137 1.0172603 0.9335961 0.0000000 0.8384993 0.6193802 2.3564354 1.1951734 
taxon_27   1.0787163 3.2381161 2.6745540 2.9440845 1.1605519 2.3944189 1.1719157 1.2335397 2.7334077 1.1991208 2.2290118 1.1932075 1.1776629 3.1013744 1.1971445 3.3339911 2.4552630 2.3291603 1.2652794 2.5100317 2.7334077 2.3847413 2.3381423 1.1061803 0.9913168 0.8384993 0.0000000 0.5698925 2.4447734 1.1549339 
taxon_28   1.0003713 2.5214822 2.7182557 2.5331102 1.1202983 2.2368651 1.1738266 1.2273499 2.8141298 1.2481843 1.8137776 1.1834544 1.1220819 2.5941199 1.1419866 2.7488721 2.3291603 2.0431347 1.1643207 2.4876421 2.4344284 2.1067321 1.8182821 0.9184718 0.7887965 0.6193802 0.5698925 0.0000000 1.9354027 1.1757423 
taxon_29   1.2314707 1.1009538 1.1185190 1.1624339 2.0554292 1.0018910 2.6467731 2.4344284 1.1568019 2.2135473 0.8621135 2.3291603 1.8745578 1.1624339 2.1001241 1.1167438 1.0906088 0.9504507 2.3847413 1.0736772 1.0888984 1.0906088 1.0957634 2.1546936 1.9958747 2.3564354 2.4447734 1.9354027 0.0000000 1.0753531 
taxon_30   0.9322085 2.2212397 2.5331102 2.4242241 1.1310641 2.2448019 1.1719157 1.2294075 2.3751871 1.1795884 1.9460409 1.1568019 1.1132061 2.7807916 1.1438226 2.4876421 2.3944189 2.1406745 1.1419866 2.7488721 2.8313729 2.4987534 2.3657530 1.1776629 1.1662123 1.1951734 1.1549339 1.1757423 1.0753531 0.0000000 
