30
taxon_1    0.0000000 0.4093295 1.6411311 3.8294576 1.4396946 9.0000000 4.7324386 1.6016483 1.6658586 1.6451961 1.8135735 9.0000000 1.5425043 1.5425043 1.8501661 2.0108568 1.6871064 9.0000000 9.0000000 9.0000000 1.6914292 9.0000000 9.0000000 9.0000000 4.7324386 9.0000000 1.8342644 9.0000000 9.0000000 3.0054999 
taxon_2    0.4093295 0.0000000 1.6742856 3.4769564 1.4553528 9.0000000 9.0000000 1.6742856 1.6330665 1.5901977 1.7934380 2.3808180 1.4778384 1.4681191 1.8034382 1.8555424 1.6132764 3.5771049 9.0000000 3.1728576 1.7179026 9.0000000 9.0000000 4.3493195 9.0000000 9.0000000 1.8830180 9.0000000 9.0000000 3.3095987 
taxon_3    1.6411311 1.6742856 0.0000000 0.8503263 1.2810652 3.1422411 3.9968168 1.5939951 1.5389582 1.4943226 1.4490503 9.0000000 1.3975148 1.4428002 1.8238476 1.7786835 1.8942964 9.0000000 9.0000000 9.0000000 1.8034382 9.0000000 9.0000000 9.0000000 9.0000000 9.0000000 1.6957771 9.0000000 9.0000000 3.3480687 
taxon_4    3.8294576 3.4769564 0.8503263 0.0000000 1.7224071 1.4811064 1.5284194 3.4314879 3.5253600 2.8282083 2.8087259 1.6785349 2.0242500 2.4732425 9.0000000 9.0000000 9.0000000 1.7224071 1.7360853 1.7224071 9.0000000 1.6370879 1.8084887 1.6411311 1.9057470 1.8238476 9.0000000 1.8555424 1.8999999 1.6700603 
taxon_5    1.4396946 1.4553528 1.2810652 1.7224071 0.0000000 1.7089739 1.6957771 1.1355958 1.1891135 1.2185290 1.1459982 2.3700265 0.9075387 0.8280612 1.6492833 1.6411311 1.6016483 9.0000000 9.0000000 9.0000000 1.6330665 9.0000000 9.0000000 3.3480687 3.8294576 3.3886191 1.7547198 9.0000000 9.0000000 2.3283491 
taxon_6    9.0000000 9.0000000 3.1422411 1.4811064 1.7089739 0.0000000 0.9563491 3.3886191 3.5771049 3.5253600 2.9570960 1.7500176 2.9340173 2.5110656 9.0000000 9.0000000 9.0000000 1.9533820 2.0310374 1.9291864 9.0000000 1.8774418 1.8034382 1.8448280 1.8034382 1.8135735 9.0000000 1.8501661 1.8238476 1.7642136 
taxon_7    4.7324386 9.0000000 3.9968168 1.5284194 1.6957771 0.9563491 0.0000000 3.0054999 2.9570960 3.0572439 2.6529972 1.6785349 2.5373840 2.3385533 9.0000000 9.0000000 9.0000000 1.7407007 1.7089739 1.7269388 9.0000000 1.7984214 1.8719067 1.8186929 1.6871064 1.6451961 9.0000000 1.7179026 1.7738291 1.5532444 
taxon_8    1.6016483 1.6742856 1.5939951 3.4314879 1.1355958 3.3886191 3.0054999 0.0000000 1.3772824 1.3196672 1.2835778 9.0000000 1.4153022 1.3830076 1.6828084 1.7045491 1.6451961 9.0000000 9.0000000 9.0000000 1.6914292 9.0000000 9.0000000 9.0000000 9.0000000 3.1728576 1.6250877 3.0054999 9.0000000 3.4314879 
taxon_9    1.6658586 1.6330665 1.5389582 3.5253600 1.1891135 3.5771049 2.9570960 1.3772824 0.0000000 0.5571351 0.5126227 9.0000000 1.4778384 1.3916782 1.6785349 1.7001503 1.6742856 9.0000000 9.0000000 9.0000000 1.6785349 9.0000000 9.0000000 9.0000000 9.0000000 9.0000000 1.8999999 9.0000000 9.0000000 9.0000000 
taxon_10   1.6451961 1.5901977 1.4943226 2.8282083 1.2185290 3.5253600 3.0572439 1.3196672 0.5571351 0.0000000 0.4521060 3.6326850 1.5010191 1.4459187 1.8830180 1.7884875 1.7984214 9.0000000 9.0000000 9.0000000 1.6828084 9.0000000 9.0000000 9.0000000 9.0000000 9.0000000 1.8290379 9.0000000 9.0000000 9.0000000 
taxon_11   1.8135735 1.7934380 1.4490503 2.8087259 1.1459982 2.9570960 2.6529972 1.2835778 0.5126227 0.4521060 0.0000000 4.0969653 1.4153022 1.3744361 1.8448280 1.5678079 1.6742856 9.0000000 9.0000000 9.0000000 1.6871064 9.0000000 9.0000000 9.0000000 9.0000000 3.9968168 1.9533820 9.0000000 9.0000000 5.0365368 
taxon_12   9.0000000 2.3808180 9.0000000 1.6785349 2.3700265 1.7500176 1.6785349 9.0000000 9.0000000 3.6326850 4.0969653 0.0000000 0.9354922 2.2069668 9.0000000 9.0000000 9.0000000 2.0517759 2.0042489 1.9657790 3.8294576 1.7934380 1.6700603 1.7089739 1.7738291 1.6451961 9.0000000 1.6616803 1.8034382 1.6575251 
taxon_13   1.5425043 1.4778384 1.3975148 2.0242500 0.9075387 2.9340173 2.5373840 1.4153022 1.4778384 1.5010191 1.4153022 0.9354922 0.0000000 0.7624600 1.7089739 1.7224071 1.6575251 9.0000000 9.0000000 9.0000000 1.6016483 9.0000000 9.0000000 3.3886191 3.3480687 3.7579762 1.7045491 9.0000000 9.0000000 2.8282083 
taxon_14   1.5425043 1.4681191 1.4428002 2.4732425 0.8280612 2.5110656 2.3385533 1.3830076 1.3916782 1.4459187 1.3744361 2.2069668 0.7624600 0.0000000 1.6957771 1.6250877 1.7134249 9.0000000 9.0000000 9.0000000 1.6211299 9.0000000 9.0000000 4.3493195 2.8087259 3.5253600 1.7269388 9.0000000 4.7324386 2.4982448 
taxon_15   1.8501661 1.8034382 1.8238476 9.0000000 1.6492833 9.0000000 9.0000000 1.6828084 1.6785349 1.8830180 1.8448280 9.0000000 1.7089739 1.6957771 0.0000000 1.6658586 1.4843887 9.0000000 9.0000000 3.8294576 1.6171929 3.0309251 3.0309251 2.0950569 4.0969653 3.6326850 1.8034382 9.0000000 9.0000000 3.0572439 
taxon_16   2.0108568 1.8555424 1.7786835 9.0000000 1.6411311 9.0000000 9.0000000 1.7045491 1.7001503 1.7884875 1.5678079 9.0000000 1.7224071 1.6250877 1.6658586 0.0000000 0.8574219 2.2332853 2.3083479 1.6957771 1.2372216 1.7642136 1.6055043 1.6957771 5.5562928 9.0000000 1.8609576 9.0000000 9.0000000 2.8087259 
taxon_17   1.6871064 1.6132764 1.8942964 9.0000000 1.6016483 9.0000000 9.0000000 1.6451961 1.6742856 1.7984214 1.6742856 9.0000000 1.6575251 1.7134249 1.4843887 0.8574219 0.0000000 1.8664122 2.0731043 1.3659614 1.0138095 1.3410973 1.1868978 1.2467455 3.1422411 2.5929642 1.7738291 9.0000000 3.3480687 2.3283491 
taxon_18   9.0000000 3.5771049 9.0000000 1.7224071 9.0000000 1.9533820 1.7407007 9.0000000 9.0000000 9.0000000 9.0000000 2.0517759 9.0000000 9.0000000 9.0000000 2.2332853 1.8664122 0.0000000 0.4629818 0.3999739 2.4256075 1.4396946 1.3830076 1.3520464 1.7547198 1.7690059 9.0000000 1.7934380 1.7835695 1.6290665 
taxon_19   9.0000000 9.0000000 9.0000000 1.7360853 9.0000000 2.0310374 1.7089739 9.0000000 9.0000000 9.0000000 9.0000000 2.0042489 9.0000000 9.0000000 9.0000000 2.3083479 2.0731043 0.4629818 0.0000000 0.3599946 2.4028785 1.3744361 1.2937131 1.3975148 1.8186929 1.9351625 9.0000000 1.9291864 1.9720552 1.6171929 
taxon_20   9.0000000 3.1728576 9.0000000 1.7224071 9.0000000 1.9291864 1.7269388 9.0000000 9.0000000 9.0000000 9.0000000 1.9657790 9.0000000 9.0000000 3.8294576 1.6957771 1.3659614 0.3999739 0.3599946 0.0000000 2.0042489 1.2301572 1.0973317 1.1418199 1.6533929 1.8135735 9.0000000 1.7984214 1.7179026 1.5864193 
taxon_21   1.6914292 1.7179026 1.8034382 9.0000000 1.6330665 9.0000000 9.0000000 1.6914292 1.6785349 1.6828084 1.6871064 3.8294576 1.6016483 1.6211299 1.6171929 1.2372216 1.0138095 2.4256075 2.4028785 2.0042489 0.0000000 1.5389582 1.3438196 1.8830180 4.0969653 3.3886191 1.6171929 9.0000000 9.0000000 2.8898869 
taxon_22   9.0000000 9.0000000 9.0000000 1.6370879 9.0000000 1.8774418 1.7984214 9.0000000 9.0000000 9.0000000 9.0000000 1.7934380 9.0000000 9.0000000 3.0309251 1.7642136 1.3410973 1.4396946 1.3744361 1.2301572 1.5389582 0.0000000 0.6147030 1.1586745 1.6290665 1.5460673 9.0000000 1.7500176 1.6290665 1.4617088 
taxon_23   9.0000000 9.0000000 9.0000000 1.8084887 9.0000000 1.8034382 1.8719067 9.0000000 9.0000000 9.0000000 9.0000000 1.6700603 9.0000000 9.0000000 3.0309251 1.6055043 1.1868978 1.3830076 1.2937131 1.0973317 1.3438196 0.6147030 0.0000000 1.0190974 1.5901977 1.4843887 9.0000000 1.7001503 1.8290379 1.4123082 
taxon_24   9.0000000 4.3493195 9.0000000 1.6411311 3.3480687 1.8448280 1.8186929 9.0000000 9.0000000 9.0000000 9.0000000 1.7089739 3.3886191 4.3493195 2.0950569 1.6957771 1.2467455 1.3520464 1.3975148 1.1418199 1.8830180 1.1586745 1.0190974 0.0000000 1.3975148 1.4093261 5.5562928 1.7984214 1.6533929 1.1650940 
taxon_25   4.7324386 9.0000000 9.0000000 1.9057470 3.8294576 1.8034382 1.6871064 9.0000000 9.0000000 9.0000000 9.0000000 1.7738291 3.3480687 2.8087259 4.0969653 5.5562928 3.1422411 1.7547198 1.8186929 1.6533929 4.0969653 1.6290665 1.5901977 1.3975148 0.0000000 0.8377209 2.3700265 1.2962685 1.0992976 1.1172266 
taxon_26   9.0000000 9.0000000 9.0000000 1.8238476 3.3886191 1.8135735 1.6451961 3.1728576 9.0000000 9.0000000 3.9968168 1.6451961 3.7579762 3.5253600 3.6326850 9.0000000 2.5929642 1.7690059 1.9351625 1.8135735 3.3886191 1.5460673 1.4843887 1.4093261 0.8377209 0.0000000 1.4063558 1.1480961 0.7587006 1.1072132 
taxon_27   1.8342644 1.8830180 1.6957771 9.0000000 1.7547198 9.0000000 9.0000000 1.6250877 1.8999999 1.8290379 1.9533820 9.0000000 1.7045491 1.7269388 1.8034382 1.8609576 1.7738291 9.0000000 9.0000000 9.0000000 1.6171929 9.0000000 9.0000000 5.5562928 2.3700265 1.4063558 0.0000000 2.2244095 1.5077759 3.0309251 
taxon_28   9.0000000 9.0000000 9.0000000 1.8555424 9.0000000 1.8501661 1.7179026 3.0054999 9.0000000 9.0000000 9.0000000 1.6616803 9.0000000 9.0000000 9.0000000 9.0000000 9.0000000 1.7934380 1.9291864 1.7984214 9.0000000 1.7500176 1.7001503 1.7984214 1.2962685 1.1480961 2.2244095 0.0000000 0.9913165 1.5043899 
taxon_29   9.0000000 9.0000000 9.0000000 1.8999999 9.0000000 1.8238476 1.7738291 9.0000000 9.0000000 9.0000000 9.0000000 1.8034382 9.0000000 4.7324386 9.0000000 9.0000000 3.3480687 1.7835695 1.9720552 1.7179026 9.0000000 1.6290665 1.8290379 1.6533929 1.0992976 0.7587006 1.5077759 0.9913165 0.0000000 1.4745846 
taxon_30   3.0054999 3.3095987 3.3480687 1.6700603 2.3283491 1.7642136 1.5532444 3.4314879 9.0000000 9.0000000 5.0365368 1.6575251 2.8282083 2.4982448 3.0572439 2.8087259 2.3283491 1.6290665 1.6171929 1.5864193 2.8898869 1.4617088 1.4123082 1.1650940 1.1172266 1.1072132 3.0309251 1.5043899 1.4745846 0.0000000 
