30
taxon_1    0.0000000 0.9354924 0.9661749 1.7001502 2.0876682 1.4213264 1.1781001 0.8335659 1.5641404 2.7531457 1.6742856 1.6093803 2.8087267 1.6171928 9.0000000 9.0000000 9.0000000 9.0000000 1.8448280 9.0000000 1.9411867 9.0000000 9.0000000 9.0000000 9.0000000 2.0378870 1.5789192 1.7835695 9.0000000 1.6914292 
taxon_2    0.9354924 0.0000000 1.1958000 1.1012695 1.3196672 2.4256069 1.7934380 1.1172275 9.0000000 1.4778384 9.0000000 9.0000000 1.5214749 9.0000000 1.5111773 1.7134249 1.8830181 1.7134249 9.0000000 1.7360853 9.0000000 1.8238476 1.8238476 1.9847674 1.7934380 9.0000000 9.0000000 9.0000000 1.6616803 9.0000000 
taxon_3    0.9661749 1.1958000 0.0000000 1.2760652 1.4943226 1.0934160 0.8909553 0.4826187 1.4243567 1.8999999 1.4811064 1.4396946 2.3283488 1.6451961 3.1728575 9.0000000 9.0000000 9.0000000 1.7642136 9.0000000 1.7089739 9.0000000 9.0000000 9.0000000 9.0000000 1.7001502 1.4909967 1.5641404 2.9340173 1.6016483 
taxon_4    1.7001502 1.1012695 1.2760652 0.0000000 0.7244928 1.1459982 0.8602792 0.7268851 2.7354978 1.3249676 3.0845203 2.4732417 1.4366018 4.2125783 1.5460673 1.7690059 1.8238476 1.7314981 9.0000000 1.6016483 9.0000000 1.9057471 1.8034382 1.8609576 1.7500176 9.0000000 9.0000000 9.0000000 1.7179026 9.0000000 
taxon_5    2.0876682 1.3196672 1.4943226 0.7244928 0.0000000 1.2002911 0.9121261 0.8954419 2.7014011 1.4811064 3.3886190 4.2125783 1.4153022 9.0000000 1.5864193 1.8664122 1.9173752 1.6785349 9.0000000 1.7835695 9.0000000 1.9912052 1.8238476 1.7453446 1.8999999 9.0000000 9.0000000 9.0000000 1.6492833 3.9968167 
taxon_6    1.4213264 2.4256069 1.0934160 1.1459982 1.2002911 0.0000000 0.3876778 0.7524766 1.4681191 2.7531457 1.5077759 1.4585241 2.7897383 1.7001502 9.0000000 9.0000000 9.0000000 9.0000000 1.7500176 9.0000000 1.7690059 9.0000000 9.0000000 9.0000000 9.0000000 1.7884875 1.6828084 1.7642136 9.0000000 1.8395276 
taxon_7    1.1781001 1.7934380 0.8909553 0.8602792 0.9121261 0.3876778 0.0000000 0.5290068 1.3631577 2.4610464 1.4585241 1.4063558 2.2888660 1.6700603 9.0000000 9.0000000 9.0000000 9.0000000 1.7594516 9.0000000 1.7738291 9.0000000 9.0000000 9.0000000 9.0000000 1.6171928 1.7269388 1.7224071 9.0000000 1.8135735 
taxon_8    0.8335659 1.1172275 0.4826187 0.7268851 0.8954419 0.7524766 0.5290068 0.0000000 1.0973325 1.4876854 1.2937131 1.1868978 1.5425043 1.4396946 2.0588185 9.0000000 9.0000000 9.0000000 1.6330665 9.0000000 1.8342644 9.0000000 9.0000000 9.0000000 9.0000000 1.7884875 1.5389582 1.4876854 2.4856387 1.4943226 
taxon_9    1.5641404 9.0000000 1.4243567 2.7354978 2.7014011 1.4681191 1.3631577 1.0973325 0.0000000 2.7354978 1.4521949 1.4943226 2.9570960 1.5826599 9.0000000 9.0000000 9.0000000 9.0000000 1.6700603 9.0000000 1.9351626 9.0000000 9.0000000 9.0000000 9.0000000 1.7984214 1.7453446 1.6451961 4.0969648 1.7884875 
taxon_10   2.7531457 1.4778384 1.8999999 1.3249676 1.4811064 2.7531457 2.4610464 1.4876854 2.7354978 0.0000000 1.5826599 1.4778384 1.4976634 9.0000000 1.6957771 1.9847674 1.8609576 1.6250877 9.0000000 1.7407007 9.0000000 1.7134249 1.7594516 1.7407007 1.6616803 3.3886190 9.0000000 9.0000000 1.6742856 9.0000000 
taxon_11   1.6742856 9.0000000 1.4811064 3.0845203 3.3886190 1.5077759 1.4585241 1.2937131 1.4521949 1.5826599 0.0000000 1.0262069 9.0000000 1.6616803 9.0000000 9.0000000 9.0000000 9.0000000 1.8342644 9.0000000 1.7314981 9.0000000 9.0000000 9.0000000 9.0000000 1.7134249 1.7360853 1.7453446 9.0000000 1.7594516 
taxon_12   1.6093803 9.0000000 1.4396946 2.4732417 4.2125783 1.4585241 1.4063558 1.1868978 1.4943226 1.4778384 1.0262069 0.0000000 3.4314878 1.7547198 9.0000000 9.0000000 9.0000000 9.0000000 1.8448280 9.0000000 1.7738291 9.0000000 9.0000000 9.0000000 9.0000000 1.6411311 1.7001502 1.7984214 9.0000000 1.6658586 
taxon_13   2.8087267 1.5214749 2.3283488 1.4366018 1.4153022 2.7897383 2.2888660 1.5425043 2.9570960 1.4976634 9.0000000 3.4314878 0.0000000 1.9783844 1.0590589 1.7089739 1.6914292 1.5425043 9.0000000 1.6330665 9.0000000 1.8342644 1.7786835 1.7984214 1.8135735 9.0000000 3.1128255 3.2730061 1.3014055 4.5166771 
taxon_14   1.6171928 9.0000000 1.6451961 4.2125783 9.0000000 1.7001502 1.6700603 1.4396946 1.5826599 9.0000000 1.6616803 1.7547198 1.9783844 0.0000000 1.6871064 9.0000000 9.0000000 9.0000000 1.6957771 9.0000000 1.8664122 9.0000000 9.0000000 9.0000000 9.0000000 1.7547198 1.7690059 1.6914292 9.0000000 1.9232576 
taxon_15   9.0000000 1.5111773 3.1728575 1.5460673 1.5864193 9.0000000 9.0000000 2.0588185 9.0000000 1.6957771 9.0000000 9.0000000 1.0590589 1.6871064 0.0000000 1.7001502 1.8342644 1.8034382 9.0000000 1.7089739 9.0000000 1.7360853 1.8555425 1.9595550 1.7407007 9.0000000 9.0000000 3.0845203 1.5145941 9.0000000 
taxon_16   9.0000000 1.7134249 9.0000000 1.7690059 1.8664122 9.0000000 9.0000000 9.0000000 9.0000000 1.9847674 9.0000000 9.0000000 1.7089739 9.0000000 1.7001502 0.0000000 1.0406304 1.3858867 3.3480687 1.7089739 9.0000000 1.6871064 1.8084887 1.7224071 1.7934380 9.0000000 9.0000000 9.0000000 1.6700603 9.0000000 
taxon_17   9.0000000 1.8830181 9.0000000 1.8238476 1.9173752 9.0000000 9.0000000 9.0000000 9.0000000 1.8609576 9.0000000 9.0000000 1.6914292 9.0000000 1.8342644 1.0406304 0.0000000 1.1629481 1.8774418 1.6828084 9.0000000 1.6742856 1.9057471 1.8342644 1.7786835 9.0000000 4.0969648 9.0000000 1.6492833 9.0000000 
taxon_18   9.0000000 1.7134249 9.0000000 1.7314981 1.6785349 9.0000000 9.0000000 9.0000000 9.0000000 1.6250877 9.0000000 9.0000000 1.5425043 9.0000000 1.8034382 1.3858867 1.1629481 0.0000000 1.0479475 1.6093803 9.0000000 1.7269388 1.8609576 1.7690059 1.6330665 9.0000000 3.1422411 9.0000000 1.5864193 9.0000000 
taxon_19   1.8448280 9.0000000 1.7642136 9.0000000 9.0000000 1.7500176 1.7594516 1.6330665 1.6700603 9.0000000 1.8342644 1.8448280 9.0000000 1.6957771 9.0000000 3.3480687 1.8774418 1.0479475 0.0000000 9.0000000 1.8448280 9.0000000 9.0000000 9.0000000 9.0000000 1.5389582 1.5180266 1.7547198 9.0000000 1.5939951 
taxon_20   9.0000000 1.7360853 9.0000000 1.6016483 1.7835695 9.0000000 9.0000000 9.0000000 9.0000000 1.7407007 9.0000000 9.0000000 1.6330665 9.0000000 1.7089739 1.7089739 1.6828084 1.6093803 9.0000000 0.0000000 1.5496472 1.0262069 1.2467455 1.0479475 0.4546010 1.8609576 0.3512305 9.0000000 1.4713449 9.0000000 
taxon_21   1.9411867 9.0000000 1.7089739 9.0000000 9.0000000 1.7690059 1.7738291 1.8342644 1.9351626 9.0000000 1.7314981 1.7738291 9.0000000 1.8664122 9.0000000 9.0000000 9.0000000 9.0000000 1.8448280 1.5496472 0.0000000 1.6785349 2.4141563 1.8186929 1.6290664 1.6658586 1.0351890 1.5978119 9.0000000 1.6785349 
taxon_22   9.0000000 1.8238476 9.0000000 1.9057471 1.9912052 9.0000000 9.0000000 9.0000000 9.0000000 1.7134249 9.0000000 9.0000000 1.8342644 9.0000000 1.7360853 1.6871064 1.6742856 1.7269388 9.0000000 1.0262069 1.6785349 0.0000000 1.1355958 0.9167415 1.0315833 2.8898869 1.4943226 9.0000000 1.7407007 9.0000000 
taxon_23   9.0000000 1.8238476 9.0000000 1.8034382 1.8238476 9.0000000 9.0000000 9.0000000 9.0000000 1.7594516 9.0000000 9.0000000 1.7786835 9.0000000 1.8555425 1.8084887 1.9057471 1.8609576 9.0000000 1.2467455 2.4141563 1.1355958 0.0000000 0.5317727 1.1781001 3.3886190 1.8942965 9.0000000 1.8395276 9.0000000 
taxon_24   9.0000000 1.9847674 9.0000000 1.8609576 1.7453446 9.0000000 9.0000000 9.0000000 9.0000000 1.7407007 9.0000000 9.0000000 1.7984214 9.0000000 1.9595550 1.7224071 1.8342644 1.7690059 9.0000000 1.0479475 1.8186929 0.9167415 0.5317727 0.0000000 0.9998884 3.8294591 1.4713449 9.0000000 1.6250877 9.0000000 
taxon_25   9.0000000 1.7934380 9.0000000 1.7500176 1.8999999 9.0000000 9.0000000 9.0000000 9.0000000 1.6616803 9.0000000 9.0000000 1.8135735 9.0000000 1.7407007 1.7934380 1.7786835 1.6330665 9.0000000 0.4546010 1.6290664 1.0315833 1.1781001 0.9998884 0.0000000 2.2422673 0.6219595 3.5253600 1.5180266 9.0000000 
taxon_26   2.0378870 9.0000000 1.7001502 9.0000000 9.0000000 1.7884875 1.6171928 1.7884875 1.7984214 3.3886190 1.7134249 1.6411311 9.0000000 1.7547198 9.0000000 9.0000000 9.0000000 9.0000000 1.5389582 1.8609576 1.6658586 2.8898869 3.3886190 3.8294591 2.2422673 0.0000000 1.0817879 1.5939951 9.0000000 1.8999999 
taxon_27   1.5789192 9.0000000 1.4909967 9.0000000 9.0000000 1.6828084 1.7269388 1.5389582 1.7453446 9.0000000 1.7360853 1.7001502 3.1128255 1.7690059 9.0000000 9.0000000 4.0969648 3.1422411 1.5180266 0.3512305 1.0351890 1.4943226 1.8942965 1.4713449 0.6219595 1.0817879 0.0000000 1.5180266 2.1815405 1.5751971 
taxon_28   1.7835695 9.0000000 1.5641404 9.0000000 9.0000000 1.7642136 1.7224071 1.4876854 1.6451961 9.0000000 1.7453446 1.7984214 3.2730061 1.6914292 3.0845203 9.0000000 9.0000000 9.0000000 1.7547198 9.0000000 1.5978119 9.0000000 9.0000000 9.0000000 3.5253600 1.5939951 1.5180266 0.0000000 0.7463037 0.9531026 
taxon_29   9.0000000 1.6616803 2.9340173 1.7179026 1.6492833 9.0000000 9.0000000 2.4856387 4.0969648 1.6742856 9.0000000 9.0000000 1.3014055 9.0000000 1.5145941 1.6700603 1.6492833 1.5864193 9.0000000 1.4713449 9.0000000 1.7407007 1.8395276 1.6250877 1.5180266 9.0000000 2.1815405 0.7463037 0.0000000 0.7958560 
taxon_30   1.6914292 9.0000000 1.6016483 9.0000000 3.9968167 1.8395276 1.8135735 1.4943226 1.7884875 9.0000000 1.7594516 1.6658586 4.5166771 1.9232576 9.0000000 9.0000000 9.0000000 9.0000000 1.5939951 9.0000000 1.6785349 9.0000000 9.0000000 9.0000000 9.0000000 1.8999999 1.5751971 0.9531026 0.7958560 0.0000000 
