30
taxon_1    0.0000000 5.0365368 1.6132764 9.0000000 1.6533929 1.7224071 1.6370879 1.7690059 9.0000000 3.3095987 1.7407007 5.5562928 1.8555425 1.7690059 9.0000000 1.6700603 9.0000000 3.6927175 1.8774418 9.0000000 9.0000000 1.6616803 1.7690059 9.0000000 1.7835695 9.0000000 9.0000000 1.7134249 9.0000000 3.3480687 
taxon_2    5.0365368 0.0000000 1.7594517 1.2419683 1.7835695 1.2116376 1.0665589 2.7712189 1.3687753 1.1314748 4.0969651 1.3575810 9.0000000 9.0000000 1.5425043 3.0572445 1.6370879 1.3858862 9.0000000 1.6914292 1.7453447 9.0000000 3.2047771 1.6575252 3.6927175 1.7642136 1.6370879 9.0000000 1.5864193 1.3744356 
taxon_3    1.6132764 1.7594517 0.0000000 2.0659277 1.1935644 0.8984478 0.7624601 1.6250877 9.0000000 3.0845203 1.6093803 9.0000000 1.7314981 1.7835695 9.0000000 1.6914292 9.0000000 9.0000000 1.6492833 9.0000000 9.0000000 1.6957771 1.7594517 9.0000000 1.6957771 9.0000000 9.0000000 1.7407007 9.0000000 3.5253602 
taxon_4    9.0000000 1.2419683 2.0659277 0.0000000 0.5010084 0.8131287 1.1273764 5.0365368 1.7089739 1.4811055 9.0000000 1.5604908 9.0000000 9.0000000 1.5789192 3.2730061 1.5641404 1.6742856 9.0000000 1.7934380 1.7835695 9.0000000 9.0000000 1.7594517 9.0000000 1.7884875 1.7314981 9.0000000 1.6492833 1.5939951 
taxon_5    1.6533929 1.7835695 1.1935644 0.5010084 0.0000000 0.4852183 0.6703634 1.5460673 9.0000000 3.2381161 1.8664122 3.3886191 1.7407007 1.8501661 9.0000000 1.7045491 9.0000000 9.0000000 1.7134249 9.0000000 9.0000000 1.7984215 1.7134249 9.0000000 1.7547198 9.0000000 9.0000000 1.7314981 9.0000000 2.9340171 
taxon_6    1.7224071 1.2116376 0.8984478 0.8131287 0.4852183 0.0000000 0.3283504 1.5319159 4.2125783 2.1100580 1.7453447 2.8087267 1.6492833 1.6700603 3.2381161 1.5604908 3.8294589 2.4490465 1.7001503 9.0000000 9.0000000 1.6370879 1.5425043 9.0000000 1.5789192 9.0000000 9.0000000 1.7179026 9.0000000 2.4372353 
taxon_7    1.6370879 1.0665589 0.7624601 1.1273764 0.6703634 0.3283504 0.0000000 1.5425043 3.2730061 1.8942965 1.7453447 2.6375327 1.6700603 1.6914292 3.0845203 1.5214749 3.3886191 2.3182818 1.6171929 9.0000000 9.0000000 1.6055043 1.6250877 9.0000000 1.7500176 9.0000000 9.0000000 1.7984215 9.0000000 2.6375327 
taxon_8    1.7690059 2.7712189 1.6250877 5.0365368 1.5460673 1.5319159 1.5425043 0.0000000 1.7269388 1.2048090 1.6828084 2.6375327 1.6575252 1.7738291 3.3886191 1.5864193 4.7324386 2.5508980 1.7984215 9.0000000 9.0000000 1.6914292 1.5939951 9.0000000 1.5389582 5.5562928 9.0000000 1.7269388 9.0000000 2.2985438 
taxon_9    9.0000000 1.3687753 9.0000000 1.7089739 9.0000000 4.2125783 3.2730061 1.7269388 0.0000000 0.3861557 9.0000000 1.4521942 3.6927175 4.3493195 1.5043899 2.7531457 1.4943216 1.4843878 9.0000000 1.8238476 1.6658586 9.0000000 9.0000000 1.7786835 2.9340171 1.5425043 1.7089739 5.5562928 1.6700603 1.3887764 
taxon_10   3.3095987 1.1314748 3.0845203 1.4811055 3.2381161 2.1100580 1.8942965 1.2048090 0.3861557 0.0000000 3.0309261 1.2443530 2.7531457 9.0000000 1.5180266 2.6375327 1.4745838 1.2278169 9.0000000 1.6828084 1.5604908 9.0000000 3.3886191 1.8034382 2.6529972 1.6171929 1.7179026 9.0000000 1.6093803 1.3039869 
taxon_11   1.7407007 4.0969651 1.6093803 9.0000000 1.8664122 1.7453447 1.7453447 1.6828084 9.0000000 3.0309261 0.0000000 9.0000000 1.7642136 1.7269388 9.0000000 1.6290665 9.0000000 9.0000000 1.7360853 9.0000000 9.0000000 1.6658586 1.8555425 9.0000000 1.8448280 9.0000000 9.0000000 1.8290380 9.0000000 9.0000000 
taxon_12   5.5562928 1.3575810 9.0000000 1.5604908 3.3886191 2.8087267 2.6375327 2.6375327 1.4521942 1.2443530 9.0000000 0.0000000 5.5562928 9.0000000 1.3492937 2.3488982 1.4366012 1.3631573 9.0000000 1.8186930 1.7594517 9.0000000 9.0000000 1.6828084 4.5166766 1.7314981 1.7547198 9.0000000 1.7453447 1.3744356 
taxon_13   1.8555425 9.0000000 1.7314981 9.0000000 1.7407007 1.6492833 1.6700603 1.6575252 3.6927175 2.7531457 1.7642136 5.5562928 0.0000000 0.8531566 2.2513585 1.2139276 1.7884875 4.3493195 1.9976988 9.0000000 9.0000000 1.7884875 1.7179026 9.0000000 1.6370879 9.0000000 9.0000000 1.6575252 5.5562928 3.3886191 
taxon_14   1.7690059 9.0000000 1.7835695 9.0000000 1.8501661 1.6700603 1.6914292 1.7738291 4.3493195 9.0000000 1.7269388 9.0000000 0.8531566 0.0000000 2.0876683 1.1694042 1.6742856 3.0845203 1.8609577 9.0000000 9.0000000 1.7738291 1.6742856 9.0000000 1.6700603 9.0000000 9.0000000 1.7500176 9.0000000 3.7579761 
taxon_15   9.0000000 1.5425043 9.0000000 1.5789192 9.0000000 3.2381161 3.0845203 3.3886191 1.5043899 1.5180266 9.0000000 1.3492937 2.2513585 2.0876683 0.0000000 0.3563307 0.6452336 1.5532444 9.0000000 1.7884875 1.7786835 9.0000000 9.0000000 1.8034382 3.3480687 1.7453447 1.7594517 9.0000000 1.6492833 1.4490495 
taxon_16   1.6700603 3.0572445 1.6914292 3.2730061 1.7045491 1.5604908 1.5214749 1.5864193 2.7531457 2.6375327 1.6290665 2.3488982 1.2139276 1.1694042 0.3563307 0.0000000 0.6388142 3.2730061 1.7690059 9.0000000 9.0000000 1.6330665 1.7179026 9.0000000 1.6055043 9.0000000 9.0000000 1.7179026 9.0000000 2.5508980 
taxon_17   9.0000000 1.6370879 9.0000000 1.5641404 9.0000000 3.8294589 3.3886191 4.7324386 1.4943216 1.4745838 9.0000000 1.4366012 1.7884875 1.6742856 0.6452336 0.6388142 0.0000000 1.4876845 9.0000000 1.8084887 1.7224071 9.0000000 9.0000000 1.8034382 9.0000000 1.7001503 1.6616803 9.0000000 1.6742856 1.4033967 
taxon_18   3.6927175 1.3858862 9.0000000 1.6742856 9.0000000 2.4490465 2.3182818 2.5508980 1.4843878 1.2278169 9.0000000 1.3631573 4.3493195 3.0845203 1.5532444 3.2730061 1.4876845 0.0000000 2.3385533 1.3170307 1.3039869 2.1409902 1.6171929 1.5826599 2.1815407 1.5678079 1.5901977 4.0969651 1.5532444 1.0684457 
taxon_19   1.8774418 9.0000000 1.6492833 9.0000000 1.7134249 1.7001503 1.6171929 1.7984215 9.0000000 9.0000000 1.7360853 9.0000000 1.9976988 1.8609577 9.0000000 1.7690059 9.0000000 2.3385533 0.0000000 0.3999739 4.0969651 1.6700603 1.6742856 9.0000000 1.7360853 9.0000000 9.0000000 1.6211299 9.0000000 4.3493195 
taxon_20   9.0000000 1.6914292 9.0000000 1.7934380 9.0000000 9.0000000 9.0000000 9.0000000 1.8238476 1.6828084 9.0000000 1.8186930 9.0000000 9.0000000 1.7884875 9.0000000 1.8084887 1.3170307 0.3999739 0.0000000 1.5714934 9.0000000 3.7579761 1.7360853 9.0000000 1.8774418 1.8342645 9.0000000 1.8290380 1.6171929 
taxon_21   9.0000000 1.7453447 9.0000000 1.7835695 9.0000000 9.0000000 9.0000000 9.0000000 1.6658586 1.5604908 9.0000000 1.7594517 9.0000000 9.0000000 1.7786835 9.0000000 1.7224071 1.3039869 4.0969651 1.5714934 0.0000000 3.0054990 9.0000000 1.6330665 3.6927175 1.7407007 1.6914292 9.0000000 1.5714934 1.6171929 
taxon_22   1.6616803 9.0000000 1.6957771 9.0000000 1.7984215 1.6370879 1.6055043 1.6914292 9.0000000 9.0000000 1.6658586 9.0000000 1.7884875 1.7738291 9.0000000 1.6330665 9.0000000 2.1409902 1.6700603 9.0000000 3.0054990 0.0000000 1.4427995 9.0000000 1.8342645 9.0000000 9.0000000 1.7884875 9.0000000 4.5166766 
taxon_23   1.7690059 3.2047771 1.7594517 9.0000000 1.7134249 1.5425043 1.6250877 1.5939951 9.0000000 3.3886191 1.8555425 9.0000000 1.7179026 1.6742856 9.0000000 1.7179026 9.0000000 1.6171929 1.6742856 3.7579761 9.0000000 1.4427995 0.0000000 9.0000000 1.6742856 9.0000000 9.0000000 1.7642136 9.0000000 3.4769563 
taxon_24   9.0000000 1.6575252 9.0000000 1.7594517 9.0000000 9.0000000 9.0000000 9.0000000 1.7786835 1.8034382 9.0000000 1.6828084 9.0000000 9.0000000 1.8034382 9.0000000 1.8034382 1.5826599 9.0000000 1.7360853 1.6330665 9.0000000 9.0000000 0.0000000 3.2047771 1.6616803 1.7179026 9.0000000 1.6290665 1.4617080 
taxon_25   1.7835695 3.6927175 1.6957771 9.0000000 1.7547198 1.5789192 1.7500176 1.5389582 2.9340171 2.6529972 1.8448280 4.5166766 1.6370879 1.6700603 3.3480687 1.6055043 9.0000000 2.1815407 1.7360853 9.0000000 3.6927175 1.8342645 1.6742856 3.2047771 0.0000000 2.4141566 2.5373842 1.3520460 2.4856389 1.0369984 
taxon_26   9.0000000 1.7642136 9.0000000 1.7884875 9.0000000 9.0000000 9.0000000 5.5562928 1.5425043 1.6171929 9.0000000 1.7314981 9.0000000 9.0000000 1.7453447 9.0000000 1.7001503 1.5678079 9.0000000 1.8774418 1.7407007 9.0000000 9.0000000 1.6616803 2.4141566 0.0000000 1.5284194 2.8282083 1.5425043 1.1650939 
taxon_27   9.0000000 1.6370879 9.0000000 1.7314981 9.0000000 9.0000000 9.0000000 9.0000000 1.7089739 1.7179026 9.0000000 1.7547198 9.0000000 9.0000000 1.7594517 9.0000000 1.6616803 1.5901977 9.0000000 1.8342645 1.6914292 9.0000000 9.0000000 1.7179026 2.5373842 1.5284194 0.0000000 1.3887764 0.9612460 1.0297868 
taxon_28   1.7134249 9.0000000 1.7407007 9.0000000 1.7314981 1.7179026 1.7984215 1.7269388 5.5562928 9.0000000 1.8290380 9.0000000 1.6575252 1.7500176 9.0000000 1.7179026 9.0000000 4.0969651 1.6211299 9.0000000 9.0000000 1.7884875 1.7642136 9.0000000 1.3520460 2.8282083 1.3887764 0.0000000 0.8051072 1.5460673 
taxon_29   9.0000000 1.5864193 9.0000000 1.6492833 9.0000000 9.0000000 9.0000000 9.0000000 1.6700603 1.6093803 9.0000000 1.7453447 5.5562928 9.0000000 1.6492833 9.0000000 1.6742856 1.5532444 9.0000000 1.8290380 1.5714934 9.0000000 9.0000000 1.6290665 2.4856389 1.5425043 0.9612460 0.8051072 0.0000000 1.1032457 
taxon_30   3.3480687 1.3744356 3.5253602 1.5939951 2.9340171 2.4372353 2.6375327 2.2985438 1.3887764 1.3039869 9.0000000 1.3744356 3.3886191 3.7579761 1.4490495 2.5508980 1.4033967 1.0684457 4.3493195 1.6171929 1.6171929 4.5166766 3.4769563 1.4617080 1.0369984 1.1650939 1.0297868 1.5460673 1.1032457 0.0000000 
