30
taxon_1    0.0000000 1.0441335 1.3052296 0.3640309 1.1096843 4.4451945 1.0940407 1.1185182 1.1719157 1.2631211 1.2090811 1.1401551 1.1892910 9.0000000 9.0000000 9.0000000 1.2335398 1.2335398 9.0000000 9.0000000 9.0000000 1.0587601 1.1776629 9.0000000 3.8538515 9.0000000 9.0000000 1.2171457 9.0000000 9.0000000 
taxon_2    1.0441335 0.0000000 0.7922395 0.8558267 5.1324010 1.1365054 3.0529709 9.0000000 9.0000000 9.0000000 9.0000000 9.0000000 9.0000000 1.2110891 1.2397812 1.2273499 9.0000000 9.0000000 1.2335398 1.2481846 1.2273499 3.5728314 9.0000000 1.2294076 1.1220811 1.2356145 1.1757423 9.0000000 1.2212108 1.2503003 
taxon_3    1.3052296 0.7922395 0.0000000 1.1009532 9.0000000 1.1383280 3.7885924 9.0000000 9.0000000 9.0000000 9.0000000 9.0000000 9.0000000 1.1951734 1.1932075 1.2110891 9.0000000 9.0000000 1.1202975 1.1892910 1.2418732 5.6522725 9.0000000 1.2739751 1.1438226 1.2439711 1.2090811 9.0000000 1.2294076 1.1853949 
taxon_4    0.3640309 0.8558267 1.1009532 0.0000000 1.0974890 3.0767823 1.0720054 1.1401551 1.1438226 1.1624339 1.1643207 1.1401551 1.1512118 9.0000000 9.0000000 9.0000000 1.2212108 1.2232516 9.0000000 9.0000000 9.0000000 1.1079299 1.1419866 9.0000000 3.4844941 9.0000000 9.0000000 1.2212108 9.0000000 9.0000000 
taxon_5    1.1096843 5.1324010 9.0000000 1.0974890 0.0000000 9.0000000 0.9853406 1.1493577 1.1438226 1.1624339 1.1912467 1.1512118 1.1776629 9.0000000 9.0000000 9.0000000 1.2418732 1.2335398 9.0000000 9.0000000 9.0000000 1.1586745 1.1815189 9.0000000 9.0000000 9.0000000 9.0000000 1.1853949 9.0000000 9.0000000 
taxon_6    4.4451945 1.1365054 1.1383280 3.0767823 9.0000000 0.0000000 1.5607821 9.0000000 9.0000000 9.0000000 9.0000000 9.0000000 9.0000000 1.2191755 1.2191755 1.1238689 9.0000000 9.0000000 1.1292581 1.1912467 1.2439711 3.3688811 9.0000000 1.2151214 1.2171457 1.2481846 1.2070784 9.0000000 1.1079299 1.2151214 
taxon_7    1.0940407 3.0529709 3.7885924 1.0720054 0.9853406 1.5607821 0.0000000 1.2252980 1.1512118 1.2252980 1.1185182 1.1549339 1.1971445 9.0000000 9.0000000 9.0000000 1.2609690 1.2588231 9.0000000 9.0000000 9.0000000 1.1549339 1.1700098 9.0000000 9.0000000 9.0000000 9.0000000 1.2050811 9.0000000 4.1928403 
taxon_8    1.1185182 9.0000000 9.0000000 1.1401551 1.1493577 9.0000000 1.2252980 0.0000000 1.0636997 1.0049397 0.9504507 0.7220128 1.1292581 3.6729799 2.1406745 1.7786835 1.1346863 1.1815189 2.8856134 5.1324010 3.9253341 0.7167936 1.0957629 9.0000000 2.7972755 9.0000000 3.3339911 1.0820952 2.3847413 2.4447732 
taxon_9    1.1719157 9.0000000 9.0000000 1.1438226 1.1438226 9.0000000 1.1512118 1.0636997 0.0000000 0.9532970 0.9532970 0.8458763 1.2030891 9.0000000 3.2087006 2.6199845 1.1493577 1.1132054 3.7885924 9.0000000 4.6125508 1.0787168 1.1328725 9.0000000 9.0000000 9.0000000 9.0000000 1.2314708 9.0000000 9.0000000 
taxon_10   1.2631211 9.0000000 9.0000000 1.1624339 1.1624339 9.0000000 1.2252980 1.0049397 0.9532970 0.0000000 0.9391723 0.7465005 1.1274574 3.0767823 2.7182557 2.7488721 1.1932075 1.1549339 9.0000000 9.0000000 3.7285608 1.0787168 1.1795884 9.0000000 4.3084517 9.0000000 9.0000000 1.1834544 9.0000000 9.0000000 
taxon_11   1.2090811 9.0000000 9.0000000 1.1643207 1.1912467 9.0000000 1.1185182 0.9504507 0.9532970 0.9391723 0.0000000 0.4398806 1.1456631 9.0000000 3.1531196 2.7488721 1.1346863 1.1530705 3.0767823 9.0000000 2.8490207 0.9619013 1.1549339 9.0000000 9.0000000 9.0000000 9.0000000 1.1834544 9.0000000 9.0000000 
taxon_12   1.1401551 9.0000000 9.0000000 1.1401551 1.1512118 9.0000000 1.1549339 0.7220128 0.8458763 0.7465005 0.4398806 0.0000000 1.0820952 2.6199845 1.9514175 1.6419423 1.0804041 1.0670110 2.4766931 3.7285608 2.7034037 0.7910901 1.1185182 9.0000000 3.4439431 9.0000000 3.7285608 1.0804041 3.0075025 3.7885924 
taxon_13   1.1892910 9.0000000 9.0000000 1.1512118 1.1776629 9.0000000 1.1971445 1.1292581 1.2030891 1.1274574 1.1456631 1.0820952 0.0000000 0.7389627 1.1815189 1.5868717 1.2294076 1.2397812 9.0000000 9.0000000 9.0000000 1.1220811 1.2609690 9.0000000 9.0000000 9.0000000 9.0000000 1.2503003 9.0000000 9.0000000 
taxon_14   9.0000000 1.2110891 1.1951734 9.0000000 9.0000000 1.2191755 9.0000000 3.6729799 9.0000000 3.0767823 9.0000000 2.6199845 0.7389627 0.0000000 0.5995477 0.7968549 9.0000000 9.0000000 1.1912467 1.1912467 1.2191755 3.6212353 9.0000000 1.1873405 1.1991208 1.1346863 1.1419866 9.0000000 1.1873405 1.2050811 
taxon_15   9.0000000 1.2397812 1.1932075 9.0000000 9.0000000 1.2191755 9.0000000 2.1406745 3.2087006 2.7182557 3.1531196 1.9514175 1.1815189 0.5995477 0.0000000 0.4797522 9.0000000 9.0000000 1.1274574 1.1932075 1.1456631 2.1001241 9.0000000 1.1292581 1.1643207 1.2252980 1.1419866 9.0000000 1.1365054 1.1549339 
taxon_16   9.0000000 1.2273499 1.2110891 9.0000000 9.0000000 1.1238689 9.0000000 1.7786835 2.6199845 2.7488721 2.7488721 1.6419423 1.5868717 0.7968549 0.4797522 0.0000000 9.0000000 9.0000000 1.1167431 1.1530705 1.1149721 2.0742595 9.0000000 1.1738266 1.1568019 1.2131026 1.1220811 9.0000000 1.1132054 1.0992191 
taxon_17   1.2335398 9.0000000 9.0000000 1.2212108 1.2418732 9.0000000 1.2609690 1.1346863 1.1493577 1.1932075 1.1346863 1.0804041 1.2294076 9.0000000 9.0000000 9.0000000 0.0000000 0.2402908 0.9036465 5.6522725 9.0000000 1.1991208 1.2171457 9.0000000 9.0000000 9.0000000 9.0000000 1.1776629 9.0000000 9.0000000 
taxon_18   1.2335398 9.0000000 9.0000000 1.2232516 1.2335398 9.0000000 1.2588231 1.1815189 1.1132054 1.1549339 1.1530705 1.0670110 1.2397812 9.0000000 9.0000000 9.0000000 0.2402908 0.0000000 0.8684533 9.0000000 4.3084517 1.1530705 1.1549339 9.0000000 9.0000000 9.0000000 9.0000000 1.1738266 9.0000000 9.0000000 
taxon_19   9.0000000 1.2335398 1.1202975 9.0000000 9.0000000 1.1292581 9.0000000 2.8856134 3.7885924 9.0000000 3.0767823 2.4766931 9.0000000 1.1912467 1.1274574 1.1167431 0.9036465 0.8684533 0.0000000 1.1185182 1.1167431 3.0075025 9.0000000 1.2131026 1.1292581 1.2356145 1.2050811 9.0000000 1.1643207 1.2212108 
taxon_20   9.0000000 1.2481846 1.1892910 9.0000000 9.0000000 1.1912467 9.0000000 5.1324010 9.0000000 9.0000000 9.0000000 3.7285608 9.0000000 1.1912467 1.1932075 1.1530705 5.6522725 9.0000000 1.1185182 0.0000000 0.7336246 9.0000000 9.0000000 1.1292581 1.2524219 1.2232516 1.1991208 9.0000000 1.2376949 1.1328725 
taxon_21   9.0000000 1.2273499 1.2418732 9.0000000 9.0000000 1.2439711 9.0000000 3.9253341 4.6125508 3.7285608 2.8490207 2.7034037 9.0000000 1.2191755 1.1456631 1.1149721 9.0000000 4.3084517 1.1167431 0.7336246 0.0000000 4.8283096 9.0000000 1.1853949 1.2151214 1.2273499 1.1738266 9.0000000 1.2070784 1.1776629 
taxon_22   1.0587601 3.5728314 5.6522725 1.1079299 1.1586745 3.3688811 1.1549339 0.7167936 1.0787168 1.0787168 0.9619013 0.7910901 1.1220811 3.6212353 2.1001241 2.0742595 1.1991208 1.1530705 3.0075025 9.0000000 4.8283096 0.0000000 1.0361292 3.9253341 1.9249130 3.2087006 2.4141569 1.0034138 1.7960253 2.4552630 
taxon_23   1.1776629 9.0000000 9.0000000 1.1419866 1.1815189 9.0000000 1.1700098 1.0957629 1.1328725 1.1795884 1.1549339 1.1185182 1.2609690 9.0000000 9.0000000 9.0000000 1.2171457 1.1549339 9.0000000 9.0000000 9.0000000 1.0361292 0.0000000 9.0000000 3.1803953 9.0000000 9.0000000 1.1202975 2.5815145 9.0000000 
taxon_24   9.0000000 1.2294076 1.2739751 9.0000000 9.0000000 1.2151214 9.0000000 9.0000000 9.0000000 9.0000000 9.0000000 9.0000000 9.0000000 1.1873405 1.1292581 1.1738266 9.0000000 9.0000000 1.2131026 1.1292581 1.1853949 3.9253341 9.0000000 0.0000000 1.0888979 1.1401551 1.0720054 4.6125508 1.0489774 1.2011023 
taxon_25   3.8538515 1.1220811 1.1438226 3.4844941 9.0000000 1.2171457 9.0000000 2.7972755 9.0000000 4.3084517 9.0000000 3.4439431 9.0000000 1.1991208 1.1643207 1.1568019 9.0000000 9.0000000 1.1292581 1.2524219 1.2151214 1.9249130 3.1803953 1.0888979 0.0000000 1.1167431 0.9575868 2.7972755 0.8050009 1.1493577 
taxon_26   9.0000000 1.2356145 1.2439711 9.0000000 9.0000000 1.2481846 9.0000000 9.0000000 9.0000000 9.0000000 9.0000000 9.0000000 9.0000000 1.1346863 1.2252980 1.2131026 9.0000000 9.0000000 1.2356145 1.2232516 1.2273499 3.2087006 9.0000000 1.1401551 1.1167431 0.0000000 0.6606927 2.6069407 0.8384992 1.1951734 
taxon_27   9.0000000 1.1757423 1.2090811 9.0000000 9.0000000 1.2070784 9.0000000 3.3339911 9.0000000 9.0000000 9.0000000 3.7285608 9.0000000 1.1419866 1.1419866 1.1220811 9.0000000 9.0000000 1.2050811 1.1991208 1.1738266 2.4141569 9.0000000 1.0720054 0.9575868 0.6606927 0.0000000 1.9145680 0.5597000 1.1738266 
taxon_28   1.2171457 9.0000000 9.0000000 1.2212108 1.1853949 9.0000000 1.2050811 1.0820952 1.2314708 1.1834544 1.1834544 1.0804041 1.2503003 9.0000000 9.0000000 9.0000000 1.1776629 1.1738266 9.0000000 9.0000000 9.0000000 1.0034138 1.1202975 4.6125508 2.7972755 2.6069407 1.9145680 0.0000000 1.1256610 9.0000000 
taxon_29   9.0000000 1.2212108 1.2294076 9.0000000 9.0000000 1.1079299 9.0000000 2.3847413 9.0000000 9.0000000 9.0000000 3.0075025 9.0000000 1.1873405 1.1365054 1.1132054 9.0000000 9.0000000 1.1643207 1.2376949 1.2070784 1.7960253 2.5815145 1.0489774 0.8050009 0.8384992 0.5597000 1.1256610 0.0000000 1.1586745 
taxon_30   9.0000000 1.2503003 1.1853949 9.0000000 9.0000000 1.2151214 4.1928403 2.4447732 9.0000000 9.0000000 9.0000000 3.7885924 9.0000000 1.2050811 1.1549339 1.0992191 9.0000000 9.0000000 1.2212108 1.1328725 1.1776629 2.4552630 9.0000000 1.2011023 1.1493577 1.1951734 1.1738266 9.0000000 1.1586745 0.0000000 
