30
taxon_1    0.0000000 1.7453437 1.7134243 9.0000000 9.0000000 4.2125783 3.3886190 1.6211297 1.5568588 9.0000000 9.0000000 3.3480687 9.0000000 1.6616800 4.7324386 1.7089733 1.5789191 1.5641404 9.0000000 1.7500176 9.0000000 1.6016481 9.0000000 9.0000000 1.5496472 2.4982448 1.3945909 1.6171927 9.0000000 1.6093801 
taxon_2    1.7453437 0.0000000 0.4587800 0.6064948 2.1331366 2.2985439 2.1569480 1.4033972 1.4153022 3.2730061 9.0000000 2.8898869 2.5929651 1.4843887 3.2381160 1.5864192 1.4976634 1.8186930 4.5166766 1.7001497 9.0000000 1.6616800 9.0000000 9.0000000 1.6616800 2.8482095 1.5496472 1.6575249 9.0000000 1.7179019 
taxon_3    1.7134243 0.4587800 0.0000000 0.4791663 2.1409901 2.0310376 2.2985439 1.4335217 1.3801395 4.7324386 9.0000000 2.7897383 3.3095987 1.4943226 4.0969653 1.5460672 1.5389582 1.9720553 9.0000000 1.7089733 9.0000000 1.5939950 9.0000000 9.0000000 1.6914288 3.5253603 1.5939950 1.7642136 9.0000000 1.7314973 
taxon_4    9.0000000 0.6064948 0.4791663 0.0000000 1.4366018 1.4713449 1.4183082 2.5646599 2.1815401 1.6957766 1.7089733 1.6871060 1.5714934 2.7531457 1.6871060 2.7531457 2.6529972 9.0000000 1.7001497 9.0000000 1.7884875 9.0000000 1.7224064 1.7045486 5.5562928 1.5939950 3.0309261 9.0000000 1.8395276 9.0000000 
taxon_5    9.0000000 2.1331366 2.1409901 1.4366018 0.0000000 1.0992984 1.0497880 2.8282083 1.9976988 1.6742853 1.7314973 1.5354287 1.4843887 2.3488983 1.5641404 2.3083479 2.0731047 9.0000000 1.6411308 9.0000000 1.8395276 5.5562928 1.7690059 1.8135735 9.0000000 1.7089733 3.6927179 3.5771049 1.7642136 3.0054999 
taxon_6    4.2125783 2.2985439 2.0310376 1.4713449 1.0992984 0.0000000 0.9386637 2.4732425 2.0731047 1.6250875 1.6914288 1.6171927 1.5568588 3.2047773 1.6211297 2.9570960 2.4256075 4.0969653 1.7984215 3.3886190 1.7738291 3.6326859 1.6871060 1.7045486 9.0000000 1.6411308 2.5786786 9.0000000 1.7884875 2.5786786 
taxon_7    3.3886190 2.1569480 2.2985439 1.4183082 1.0497880 0.9386637 0.0000000 2.2793120 1.8501661 1.7547198 1.5826598 1.6250875 1.4617088 2.5929651 1.6616800 2.4372356 2.1650561 4.5166766 1.6828080 9.0000000 1.7934380 9.0000000 1.6016481 1.8774418 9.0000000 1.5751971 2.3385533 9.0000000 1.8886361 3.2381160 
taxon_8    1.6211297 1.4033972 1.4335217 2.5646599 2.8282083 2.4732425 2.2793120 0.0000000 1.2419684 3.3095987 2.8087267 3.6927179 3.0309261 1.4004503 9.0000000 1.6658583 1.4843887 1.9291865 3.6927179 2.0659276 9.0000000 1.7360844 9.0000000 9.0000000 1.6871060 2.5929651 1.5789191 1.6658583 9.0000000 1.7500176 
taxon_9    1.5568588 1.4153022 1.3801395 2.1815401 1.9976988 2.0731047 1.8501661 1.2419684 0.0000000 2.9809075 2.7014010 2.8687587 2.5786786 1.4153022 2.8282083 1.4843887 1.3014055 1.8238476 2.9809075 1.7001497 9.0000000 1.5010191 3.0572445 2.8687587 1.5751971 2.8482095 1.3223127 1.6055042 9.0000000 1.4976634 
taxon_10   9.0000000 3.2730061 4.7324386 1.6957766 1.6742853 1.6250875 1.7547198 3.3095987 2.9809075 0.0000000 1.0388122 1.6132762 1.5532443 2.8687587 1.5978118 3.6927179 2.6529972 9.0000000 1.9115386 9.0000000 1.7642136 9.0000000 1.5180266 1.8342645 9.0000000 1.6914288 3.1728574 3.1422411 1.8186930 3.5771049 
taxon_11   9.0000000 9.0000000 9.0000000 1.7089733 1.7314973 1.6914288 1.5826598 2.8087267 2.7014010 1.0388122 0.0000000 1.4335217 1.4123082 2.1815401 1.6575249 2.2069668 1.9351626 9.0000000 1.7690059 9.0000000 1.7547198 9.0000000 1.7314973 1.7500176 2.8687587 1.7934380 3.2047773 3.2730061 1.7884875 3.1128255 
taxon_12   3.3480687 2.8898869 2.7897383 1.6871060 1.5354287 1.6171927 1.6250875 3.6927179 2.8687587 1.6132762 1.4335217 0.0000000 0.8732727 0.9136614 1.4366018 1.7269381 1.2760652 9.0000000 1.8290380 3.9084795 1.7884875 3.5771049 1.5826598 1.6055042 2.5241095 1.4876854 2.5646599 3.5253603 1.7594517 2.4732425 
taxon_13   9.0000000 2.5929651 3.3095987 1.5714934 1.4843887 1.5568588 1.4617088 3.0309261 2.5786786 1.5532443 1.4123082 0.8732727 0.0000000 0.6681440 1.3117863 1.4811064 1.1418199 3.8294576 1.6575249 9.0000000 1.7884875 4.5166766 1.5319159 1.8290380 3.8294576 1.5939950 2.3283491 2.7712188 1.8395276 3.5253603 
taxon_14   1.6616800 1.4843887 1.4943226 2.7531457 2.3488983 3.2047773 2.5929651 1.4004503 1.4153022 2.8687587 2.1815401 0.9136614 0.6681440 0.0000000 1.7594517 0.9151998 0.6998229 1.7406998 5.5562928 1.6055042 9.0000000 1.7406998 2.7182557 3.7579762 1.5568588 2.6075287 1.3170310 1.5864192 3.5253603 1.5568588 
taxon_15   4.7324386 3.2381160 4.0969653 1.6871060 1.5641404 1.6211297 1.6616800 9.0000000 2.8282083 1.5978118 1.6575249 1.4366018 1.3117863 1.7594517 0.0000000 1.6742853 1.4093261 9.0000000 1.7001497 9.0000000 1.7001497 9.0000000 1.5043899 1.6957766 3.2381160 1.5678078 2.3700264 9.0000000 1.7500176 9.0000000 
taxon_16   1.7089733 1.5864192 1.5460672 2.7531457 2.3083479 2.9570960 2.4372356 1.6658583 1.4843887 3.6927179 2.2069668 1.7269381 1.4811064 0.9151998 1.6742853 0.0000000 0.4038578 1.5319159 3.2381160 1.4976634 3.4314875 1.4843887 3.6927179 2.9340172 1.6016481 2.9340172 1.2937131 1.7134243 3.8294576 1.5496472 
taxon_17   1.5789191 1.4976634 1.5389582 2.6529972 2.0731047 2.4256075 2.1650561 1.4843887 1.3014055 2.6529972 1.9351626 1.2760652 1.1418199 0.6998229 1.4093261 0.4038578 0.0000000 1.5532443 3.0054999 1.5354287 3.8294576 1.5389582 2.9116275 3.0309261 1.5901975 3.0054999 1.2467455 1.6370877 5.5562928 1.5043899 
taxon_18   1.5641404 1.8186930 1.9720553 9.0000000 9.0000000 4.0969653 4.5166766 1.9291865 1.8238476 9.0000000 9.0000000 9.0000000 3.8294576 1.7406998 9.0000000 1.5319159 1.5532443 0.0000000 1.1802899 1.4843887 3.0845203 1.4649071 3.2047773 9.0000000 1.7269381 4.2125783 1.4004503 1.6828080 9.0000000 1.6492831 
taxon_19   9.0000000 4.5166766 9.0000000 1.7001497 1.6411308 1.7984215 1.6828080 3.6927179 2.9809075 1.9115386 1.7690059 1.8290380 1.6575249 5.5562928 1.7001497 3.2381160 3.0054999 1.1802899 0.0000000 2.7354978 1.6055042 2.6529972 1.4876854 1.6250875 9.0000000 1.5826598 2.2332853 9.0000000 1.8555425 5.5562928 
taxon_20   1.7500176 1.7001497 1.7089733 9.0000000 9.0000000 3.3886190 9.0000000 2.0659276 1.7001497 9.0000000 9.0000000 3.9084795 9.0000000 1.6055042 9.0000000 1.4976634 1.5354287 1.4843887 2.7354978 0.0000000 1.8290380 0.9828422 3.9968168 9.0000000 1.5751971 3.4314875 1.3492941 1.7786835 9.0000000 1.5789191 
taxon_21   9.0000000 9.0000000 9.0000000 1.7884875 1.8395276 1.7738291 1.7934380 9.0000000 9.0000000 1.7642136 1.7547198 1.7884875 1.7884875 9.0000000 1.7001497 3.4314875 3.8294576 3.0845203 1.6055042 1.8290380 0.0000000 0.7841259 1.6290663 1.7884875 3.1128255 1.5111772 2.1253646 4.5166766 1.6785346 3.6927179 
taxon_22   1.6016481 1.6616800 1.5939950 9.0000000 5.5562928 3.6326859 9.0000000 1.7360844 1.5010191 9.0000000 9.0000000 3.5771049 4.5166766 1.7406998 9.0000000 1.4843887 1.5389582 1.4649071 2.6529972 0.9828422 0.7841259 0.0000000 3.5771049 9.0000000 1.6616800 2.2793120 1.2710983 1.7089733 3.3480687 1.4811064 
taxon_23   9.0000000 9.0000000 9.0000000 1.7224064 1.7690059 1.6871060 1.6016481 9.0000000 3.0572445 1.5180266 1.7314973 1.5826598 1.5319159 2.7182557 1.5043899 3.6927179 2.9116275 3.2047773 1.4876854 3.9968168 1.6290663 3.5771049 0.0000000 1.5568588 2.9809075 1.3887769 1.5496472 4.0969653 1.7314973 2.6529972 
taxon_24   9.0000000 9.0000000 9.0000000 1.7045486 1.8135735 1.7045486 1.8774418 9.0000000 2.8687587 1.8342645 1.7500176 1.6055042 1.8290380 3.7579762 1.6957766 2.9340172 3.0309261 9.0000000 1.6250875 9.0000000 1.7884875 9.0000000 1.5568588 0.0000000 0.5648175 0.9276225 1.3916782 9.0000000 1.7360844 5.0365368 
taxon_25   1.5496472 1.6616800 1.6914288 5.5562928 9.0000000 9.0000000 9.0000000 1.6871060 1.5751971 9.0000000 2.8687587 2.5241095 3.8294576 1.5568588 3.2381160 1.6016481 1.5901975 1.7269381 9.0000000 1.5751971 3.1128255 1.6616800 2.9809075 0.5648175 0.0000000 0.8631472 0.7197303 1.6451959 5.5562928 1.4943226 
taxon_26   2.4982448 2.8482095 3.5253603 1.5939950 1.7089733 1.6411308 1.5751971 2.5929651 2.8482095 1.6914288 1.7934380 1.4876854 1.5939950 2.6075287 1.5678078 2.9340172 3.0054999 4.2125783 1.5826598 3.4314875 1.5111772 2.2793120 1.3887769 0.9276225 0.8631472 0.0000000 0.7599509 2.8687587 1.6742853 2.4256075 
taxon_27   1.3945909 1.5496472 1.5939950 3.0309261 3.6927179 2.5786786 2.3385533 1.5789191 1.3223127 3.1728574 3.2047773 2.5646599 2.3283491 1.3170310 2.3700264 1.2937131 1.2467455 1.4004503 2.2332853 1.3492941 2.1253646 1.2710983 1.5496472 1.3916782 0.7197303 0.7599509 0.0000000 1.5214749 9.0000000 1.3014055 
taxon_28   1.6171927 1.6575249 1.7642136 9.0000000 3.5771049 9.0000000 9.0000000 1.6658583 1.6055042 3.1422411 3.2730061 3.5253603 2.7712188 1.5864192 9.0000000 1.7134243 1.6370877 1.6828080 9.0000000 1.7786835 4.5166766 1.7089733 4.0969653 9.0000000 1.6451959 2.8687587 1.5214749 0.0000000 9.0000000 1.0934160 
taxon_29   9.0000000 9.0000000 9.0000000 1.8395276 1.7642136 1.7884875 1.8886361 9.0000000 9.0000000 1.8186930 1.7884875 1.7594517 1.8395276 3.5253603 1.7500176 3.8294576 5.5562928 9.0000000 1.8555425 9.0000000 1.6785346 3.3480687 1.7314973 1.7360844 5.5562928 1.6742853 9.0000000 9.0000000 0.0000000 1.9291865 
taxon_30   1.6093801 1.7179019 1.7314973 9.0000000 3.0054999 2.5786786 3.2381160 1.7500176 1.4976634 3.5771049 3.1128255 2.4732425 3.5253603 1.5568588 9.0000000 1.5496472 1.5043899 1.6492831 5.5562928 1.5789191 3.6927179 1.4811064 2.6529972 5.0365368 1.4943226 2.4256075 1.3014055 1.0934160 1.9291865 0.0000000 
