RF=0.531915
WRF=0.035092
