30
taxon_1    0.0000000 0.6336869 9.0000000 2.8262852 1.7088656 1.5429379 2.1497055 2.2504664 2.4911475 4.8161872 2.8697757 2.7851790 2.4777543 3.2756239 9.0000000 9.0000000 9.0000000 2.4516638 2.6568179 9.0000000 9.0000000 2.7654411 2.6568179 2.5328249 2.5472484 9.0000000 2.8477153 9.0000000 3.3567840 2.5769552 
taxon_2    0.6336869 0.0000000 2.5047842 2.0458164 1.2046434 0.9885780 2.4645960 2.1847996 2.1758709 9.0000000 2.8262852 2.5769552 2.2907445 4.0995807 3.2381161 4.0995807 3.5514167 2.0165444 2.5769552 9.0000000 9.0000000 2.4020591 2.0094015 2.7851790 2.8697757 3.1682983 3.4009143 3.9922574 9.0000000 2.1583263 
taxon_3    9.0000000 2.5047842 0.0000000 1.4396946 1.5093502 1.7786835 9.0000000 3.6091383 9.0000000 2.9651421 3.2756239 9.0000000 9.0000000 2.7654411 2.0762774 2.6738640 2.4516638 3.9922574 2.3784352 2.5472484 2.6238455 9.0000000 9.0000000 9.0000000 9.0000000 2.8925047 9.0000000 3.2381161 3.0744259 4.0995807 
taxon_4    2.8262852 2.0458164 1.4396946 0.0000000 1.3548763 1.4667856 9.0000000 3.3151067 5.1992826 2.5922619 9.0000000 3.8149659 4.0995807 2.5769552 2.9159441 2.2804704 2.4389516 2.5922619 2.4264514 2.3901542 2.5047842 3.8983851 2.6568179 9.0000000 3.3151067 2.4777543 9.0000000 4.2248737 2.8054506 9.0000000 
taxon_5    1.7088656 1.2046434 1.5093502 1.3548763 0.0000000 0.7980698 3.9922574 9.0000000 2.5769552 2.3224392 9.0000000 3.0177952 4.5638625 2.7274583 2.3011613 2.5186735 2.4020591 2.1080281 2.1497055 2.7654411 2.4516638 2.7654411 6.0226461 3.6716745 9.0000000 2.3011613 9.0000000 2.5769552 2.6238455 3.4009143 
taxon_6    1.5429379 0.9885780 1.7786835 1.4667856 0.7980698 0.0000000 2.1670473 2.6078875 1.8052820 2.3333090 3.6716745 2.9910067 2.9910067 2.7654411 2.0608922 2.1411827 1.8792054 1.3851835 1.7232892 2.3901542 2.5769552 2.1327556 2.3668966 2.8925047 2.8262852 1.8499048 5.1992826 2.1161804 2.0762774 1.8852054 
taxon_7    2.1497055 2.4645960 9.0000000 9.0000000 3.9922574 2.1670473 0.0000000 2.0919848 2.3333090 9.0000000 2.5922619 2.9651421 2.4777543 9.0000000 3.8149659 3.3151067 3.8149659 2.3117248 3.7399033 9.0000000 9.0000000 2.3011613 2.3117248 2.8054506 2.6401505 6.0226461 2.4777543 9.0000000 9.0000000 2.2804704 
taxon_8    2.2504664 2.1847996 3.6091383 3.3151067 9.0000000 2.6078875 2.0919848 0.0000000 2.2804704 3.4009143 2.6568179 2.8697757 2.5186735 9.0000000 9.0000000 2.7851790 2.7091647 1.9746731 9.0000000 3.1682983 9.0000000 2.3011613 2.3668966 2.5186735 2.8054506 9.0000000 2.7851790 4.0995807 9.0000000 2.4020591 
taxon_9    2.4911475 2.1758709 9.0000000 5.1992826 2.5769552 1.8052820 2.3333090 2.2804704 0.0000000 3.7399033 2.3117248 2.4645960 2.4264514 2.7274583 2.9401397 2.3117248 2.1080281 1.3200538 2.5769552 9.0000000 3.8149659 2.0762774 2.1327556 2.4516638 2.2029823 2.7274583 2.1161804 3.2023950 5.1992826 2.3555328 
taxon_10   4.8161872 9.0000000 2.9651421 2.5922619 2.3224392 2.3333090 9.0000000 3.4009143 3.7399033 0.0000000 2.3901542 2.8262852 2.5472484 1.8673474 1.9159474 2.1847996 2.2504664 2.1758709 2.6078875 2.9401397 2.2907445 9.0000000 9.0000000 9.0000000 2.9401397 2.3333090 3.1356844 3.0744259 2.3333090 9.0000000 
taxon_11   2.8697757 2.8262852 3.2756239 9.0000000 9.0000000 3.6716745 2.5922619 2.6568179 2.3117248 2.3901542 0.0000000 1.8673474 1.7041188 1.9746731 1.8852054 3.5514167 3.2381161 2.0310376 3.0455762 9.0000000 4.5638625 2.6913067 2.8054506 3.5514167 3.0177952 3.9922574 3.2023950 3.7399033 3.7399033 3.2023950 
taxon_12   2.7851790 2.5769552 9.0000000 3.8149659 3.0177952 2.9910067 2.9651421 2.8697757 2.4645960 2.8262852 1.8673474 0.0000000 0.4163648 1.0051634 0.9582167 2.7274583 3.2023950 1.9612198 5.1992826 6.0226461 3.7399033 2.8477153 3.1044299 3.3567840 2.4645960 9.0000000 2.4264514 9.0000000 3.8983851 3.1044299 
taxon_13   2.4777543 2.2907445 9.0000000 4.0995807 4.5638625 2.9910067 2.4777543 2.5186735 2.4264514 2.5472484 1.7041188 0.4163648 0.0000000 1.0672947 0.9324114 2.8054506 2.7654411 1.9350163 5.1992826 9.0000000 3.4478045 2.8925047 2.8697757 2.6401505 2.2311105 9.0000000 2.3555328 9.0000000 9.0000000 2.7462092 
taxon_14   3.2756239 4.0995807 2.7654411 2.5769552 2.7274583 2.7654411 9.0000000 9.0000000 2.7274583 1.8673474 1.9746731 1.0051634 1.0672947 0.0000000 0.8723143 2.2029823 2.2216167 2.3224392 2.8925047 3.2381161 3.4478045 3.0455762 9.0000000 9.0000000 9.0000000 2.6238455 4.3753767 2.5186735 3.4978229 9.0000000 
taxon_15   9.0000000 3.2381161 2.0762774 2.9159441 2.3011613 2.0608922 3.8149659 9.0000000 2.9401397 1.9159474 1.8852054 0.9582167 0.9324114 0.8723143 0.0000000 2.1583263 2.2907445 2.2504664 2.6401505 3.3151067 2.8262852 3.3151067 9.0000000 9.0000000 9.0000000 2.9401397 3.2381161 2.2216167 2.8262852 9.0000000 
taxon_16   9.0000000 4.0995807 2.6738640 2.2804704 2.5186735 2.1411827 3.3151067 2.7851790 2.3117248 2.1847996 3.5514167 2.7274583 2.8054506 2.2029823 2.1583263 0.0000000 0.2666352 1.8161913 2.5619547 2.6738640 2.4141561 2.8054506 9.0000000 9.0000000 3.1356844 2.3668966 9.0000000 2.7274583 2.4389516 9.0000000 
taxon_17   9.0000000 3.5514167 2.4516638 2.4389516 2.4020591 1.8792054 3.8149659 2.7091647 2.1080281 2.2504664 3.2381161 3.2023950 2.7654411 2.2216167 2.2907445 0.2666352 0.0000000 1.5821113 2.5922619 2.4516638 2.3117248 2.8477153 9.0000000 9.0000000 2.7851790 2.0919848 4.3753767 2.5922619 2.6401505 9.0000000 
taxon_18   2.4516638 2.0165444 3.9922574 2.5922619 2.1080281 1.3851835 2.3117248 1.9746731 1.3200538 2.1758709 2.0310376 1.9612198 1.9350163 2.3224392 2.2504664 1.8161913 1.5821113 0.0000000 1.8673474 9.0000000 3.5514167 2.0383906 1.8614880 2.1411827 2.0458164 2.4141561 1.9159474 2.7654411 2.3117248 1.9350163 
taxon_19   2.6568179 2.5769552 2.3784352 2.4264514 2.1497055 1.7232892 3.7399033 9.0000000 2.5769552 2.6078875 3.0455762 5.1992826 5.1992826 2.8925047 2.6401505 2.5619547 2.5922619 1.8673474 0.0000000 2.7462092 2.2407260 3.0177952 2.3333090 9.0000000 2.4389516 1.9480036 3.2023950 2.1938358 2.5328249 3.3151067 
taxon_20   9.0000000 9.0000000 2.5472484 2.3901542 2.7654411 2.3901542 9.0000000 3.1682983 9.0000000 2.9401397 9.0000000 6.0226461 9.0000000 3.2381161 3.3151067 2.6738640 2.4516638 9.0000000 2.7462092 0.0000000 2.1847996 2.9651421 2.9651421 4.0995807 3.2381161 2.5186735 3.3151067 3.1356844 3.2023950 9.0000000 
taxon_21   9.0000000 9.0000000 2.6238455 2.5047842 2.4516638 2.5769552 9.0000000 9.0000000 3.8149659 2.2907445 4.5638625 3.7399033 3.4478045 3.4478045 2.8262852 2.4141561 2.3117248 3.5514167 2.2407260 2.1847996 0.0000000 3.6091383 4.8161872 2.8477153 2.9401397 2.1327556 9.0000000 3.6091383 2.7851790 9.0000000 
taxon_22   2.7654411 2.4020591 9.0000000 3.8983851 2.7654411 2.1327556 2.3011613 2.3011613 2.0762774 9.0000000 2.6913067 2.8477153 2.8925047 3.0455762 3.3151067 2.8054506 2.8477153 2.0383906 3.0177952 2.9651421 3.6091383 0.0000000 1.7892099 2.3784352 2.0165444 2.5328249 2.3443386 2.2216167 4.0995807 1.8973514 
taxon_23   2.6568179 2.0094015 9.0000000 2.6568179 6.0226461 2.3668966 2.3117248 2.3668966 2.1327556 9.0000000 2.8054506 3.1044299 2.8697757 9.0000000 9.0000000 9.0000000 9.0000000 1.8614880 2.3333090 2.9651421 4.8161872 1.7892099 0.0000000 2.0310376 1.4167671 1.5942737 1.8732530 1.8052820 2.2603350 1.4167671 
taxon_24   2.5328249 2.7851790 9.0000000 9.0000000 3.6716745 2.8925047 2.8054506 2.5186735 2.4516638 9.0000000 3.5514167 3.3567840 2.6401505 9.0000000 9.0000000 9.0000000 9.0000000 2.1411827 9.0000000 4.0995807 2.8477153 2.3784352 2.0310376 0.0000000 1.2119724 1.3004631 1.9883721 1.9679163 2.3333090 1.5661956 
taxon_25   2.5472484 2.8697757 9.0000000 3.3151067 9.0000000 2.8262852 2.6401505 2.8054506 2.2029823 2.9401397 3.0177952 2.4645960 2.2311105 9.0000000 9.0000000 3.1356844 2.7851790 2.0458164 2.4389516 3.2381161 2.9401397 2.0165444 1.4167671 1.2119724 0.0000000 0.4352986 1.7330613 1.6024930 2.0533164 1.1394861 
taxon_26   9.0000000 3.1682983 2.8925047 2.4777543 2.3011613 1.8499048 6.0226461 9.0000000 2.7274583 2.3333090 3.9922574 9.0000000 9.0000000 2.6238455 2.9401397 2.3668966 2.0919848 2.4141561 1.9480036 2.5186735 2.1327556 2.5328249 1.5942737 1.3004631 0.4352986 0.0000000 2.1327556 1.3489591 1.6537950 1.1736866 
taxon_27   2.8477153 3.4009143 9.0000000 9.0000000 9.0000000 5.1992826 2.4777543 2.7851790 2.1161804 3.1356844 3.2023950 2.4264514 2.3555328 4.3753767 3.2381161 9.0000000 4.3753767 1.9159474 3.2023950 3.3151067 9.0000000 2.3443386 1.8732530 1.9883721 1.7330613 2.1327556 0.0000000 1.5166852 2.0999636 1.4135482 
taxon_28   9.0000000 3.9922574 3.2381161 4.2248737 2.5769552 2.1161804 9.0000000 4.0995807 3.2023950 3.0744259 3.7399033 9.0000000 9.0000000 2.5186735 2.2216167 2.7274583 2.5922619 2.7654411 2.1938358 3.1356844 3.6091383 2.2216167 1.8052820 1.9679163 1.6024930 1.3489591 1.5166852 0.0000000 1.6024930 1.1372606 
taxon_29   3.3567840 9.0000000 3.0744259 2.8054506 2.6238455 2.0762774 9.0000000 9.0000000 5.1992826 2.3333090 3.7399033 3.8983851 9.0000000 3.4978229 2.8262852 2.4389516 2.6401505 2.3117248 2.5328249 3.2023950 2.7851790 4.0995807 2.2603350 2.3333090 2.0533164 1.6537950 2.0999636 1.6024930 0.0000000 1.4008090 
taxon_30   2.5769552 2.1583263 4.0995807 9.0000000 3.4009143 1.8852054 2.2804704 2.4020591 2.3555328 9.0000000 3.2023950 3.1044299 2.7462092 9.0000000 9.0000000 9.0000000 9.0000000 1.9350163 3.3151067 9.0000000 9.0000000 1.8973514 1.4167671 1.5661956 1.1394861 1.1736866 1.4135482 1.1372606 1.4008090 0.0000000 
