RF=0.148936
WRF=0.086584
