30
taxon_1    0.0000000 9.0000000 9.0000000 9.0000000 9.0000000 9.0000000 9.0000000 0.7830931 0.7336246 9.0000000 0.7671649 0.7425427 0.7812015 0.8003352 9.0000000 0.8279699 9.0000000 0.8370732 0.8299833 0.8309921 9.0000000 9.0000000 9.0000000 9.0000000 9.0000000 0.7736827 0.8289760 0.8299833 9.0000000 0.8209652 
taxon_2    9.0000000 0.0000000 0.4045330 0.3596028 0.7074896 0.7092038 0.7945437 9.0000000 9.0000000 0.7671649 9.0000000 9.0000000 9.0000000 9.0000000 0.7625438 9.0000000 0.8320022 9.0000000 9.0000000 9.0000000 0.8032478 0.8042212 0.7945437 0.8452588 0.7964692 9.0000000 9.0000000 9.0000000 0.8100883 9.0000000 
taxon_3    9.0000000 0.4045330 0.0000000 0.2040753 0.6699182 0.6707329 0.7945437 9.0000000 9.0000000 0.7239357 9.0000000 9.0000000 9.0000000 9.0000000 0.7161004 9.0000000 0.8032478 9.0000000 9.0000000 9.0000000 0.8160016 0.8130391 0.8032478 0.8061718 0.7964692 9.0000000 9.0000000 9.0000000 0.8071490 9.0000000 
taxon_4    9.0000000 0.3596028 0.2040753 0.0000000 0.6419449 0.6674792 0.7964692 9.0000000 9.0000000 0.7066339 9.0000000 9.0000000 9.0000000 9.0000000 0.7221874 9.0000000 0.8110706 9.0000000 9.0000000 9.0000000 0.8110706 0.8269652 0.7887965 0.8179831 0.7897513 9.0000000 9.0000000 9.0000000 0.7840406 9.0000000 
taxon_5    9.0000000 0.7074896 0.6699182 0.6419449 0.0000000 0.5238708 0.7524766 9.0000000 9.0000000 0.5948172 9.0000000 3.9905927 9.0000000 9.0000000 0.6014773 9.0000000 0.7662384 9.0000000 9.0000000 9.0000000 0.7849894 0.8299833 0.8003352 0.8003352 0.7300869 9.0000000 9.0000000 9.0000000 0.8229599 9.0000000 
taxon_6    9.0000000 0.7092038 0.6707329 0.6674792 0.5238708 0.0000000 0.7015202 9.0000000 3.1442437 0.5218627 9.0000000 3.2135237 9.0000000 9.0000000 0.5319571 9.0000000 0.7643889 9.0000000 9.0000000 9.0000000 0.7524766 0.7993668 0.7945437 0.7916646 0.7074896 9.0000000 9.0000000 9.0000000 0.8199698 9.0000000 
taxon_7    9.0000000 0.7945437 0.7945437 0.7964692 0.7524766 0.7015202 0.0000000 9.0000000 9.0000000 0.6981304 9.0000000 9.0000000 9.0000000 9.0000000 0.7497543 9.0000000 0.7755553 9.0000000 9.0000000 9.0000000 0.7746184 0.8239592 0.7916646 0.7993668 0.7955058 9.0000000 9.0000000 9.0000000 0.8140253 9.0000000 
taxon_8    0.7830931 9.0000000 9.0000000 9.0000000 9.0000000 9.0000000 9.0000000 0.0000000 0.7057792 9.0000000 0.7143703 0.7552088 0.7625438 0.7671649 9.0000000 0.8061718 9.0000000 0.8189758 0.8140253 0.8150128 9.0000000 9.0000000 9.0000000 9.0000000 9.0000000 0.8022757 0.7983997 0.8239592 9.0000000 0.8370732 
taxon_9    0.7336246 9.0000000 9.0000000 9.0000000 9.0000000 3.1442437 9.0000000 0.7057792 0.0000000 1.5985769 0.7161004 0.6998234 0.7416461 0.7407505 2.8701489 0.7764934 9.0000000 0.8061718 0.8100883 0.8120542 9.0000000 9.0000000 9.0000000 9.0000000 9.0000000 0.8289760 0.8219619 0.8370732 9.0000000 0.8022757 
taxon_10   9.0000000 0.7671649 0.7239357 0.7066339 0.5948172 0.5218627 0.6981304 9.0000000 1.5985769 0.0000000 9.0000000 4.3295813 9.0000000 9.0000000 0.5258842 9.0000000 0.7926231 9.0000000 9.0000000 9.0000000 0.7643889 0.8169917 0.7916646 0.7878429 0.7371791 9.0000000 9.0000000 9.0000000 0.7983997 9.0000000 
taxon_11   0.7671649 9.0000000 9.0000000 9.0000000 9.0000000 9.0000000 9.0000000 0.7143703 0.7161004 9.0000000 0.0000000 0.3579893 0.7425427 0.7533862 2.7436819 0.8140253 9.0000000 0.8051959 0.8051959 0.8140253 9.0000000 9.0000000 9.0000000 9.0000000 9.0000000 0.8259619 0.8061718 0.8360563 9.0000000 0.8269652 
taxon_12   0.7425427 9.0000000 9.0000000 9.0000000 3.9905927 3.2135237 9.0000000 0.7552088 0.6998234 4.3295813 0.3579893 0.0000000 0.7318536 0.7380704 2.4225368 0.8209652 9.0000000 0.7727481 0.8032478 0.8169917 9.0000000 9.0000000 9.0000000 9.0000000 9.0000000 0.7964692 0.8100883 0.8130391 9.0000000 0.8219619 
taxon_13   0.7812015 9.0000000 9.0000000 9.0000000 9.0000000 9.0000000 9.0000000 0.7625438 0.7416461 9.0000000 0.7425427 0.7318536 0.0000000 0.7542970 4.3295813 0.7955058 9.0000000 0.7993668 0.8279699 0.8309921 9.0000000 9.0000000 9.0000000 9.0000000 9.0000000 0.8340265 0.7935828 0.8380915 9.0000000 0.8120542 
taxon_14   0.8003352 9.0000000 9.0000000 9.0000000 9.0000000 9.0000000 9.0000000 0.7671649 0.7407505 9.0000000 0.7533862 0.7380704 0.7542970 0.0000000 2.1499914 0.8239592 9.0000000 0.7945437 0.7945437 0.7955058 9.0000000 9.0000000 9.0000000 9.0000000 9.0000000 0.8289760 0.8179831 0.8269652 9.0000000 0.8650654 
taxon_15   9.0000000 0.7625438 0.7161004 0.7221874 0.6014773 0.5319571 0.7497543 9.0000000 2.8701489 0.5258842 2.7436819 2.4225368 4.3295813 2.1499914 0.0000000 9.0000000 0.7488490 9.0000000 9.0000000 9.0000000 0.7821467 0.8493854 0.7935828 0.7945437 0.7416461 9.0000000 9.0000000 9.0000000 0.8320022 9.0000000 
taxon_16   0.8279699 9.0000000 9.0000000 9.0000000 9.0000000 9.0000000 9.0000000 0.8061718 0.7764934 9.0000000 0.8140253 0.8209652 0.7955058 0.8239592 9.0000000 0.0000000 9.0000000 0.7579511 0.7878429 0.7840406 9.0000000 9.0000000 9.0000000 9.0000000 9.0000000 0.8160016 0.8239592 0.8209652 9.0000000 0.8401323 
taxon_17   9.0000000 0.8320022 0.8032478 0.8110706 0.7662384 0.7643889 0.7755553 9.0000000 9.0000000 0.7926231 9.0000000 9.0000000 9.0000000 9.0000000 0.7488490 9.0000000 0.0000000 3.5056223 9.0000000 9.0000000 0.5816718 0.7407505 0.7195727 0.6435156 0.6855532 9.0000000 9.0000000 9.0000000 0.7690214 9.0000000 
taxon_18   0.8370732 9.0000000 9.0000000 9.0000000 9.0000000 9.0000000 9.0000000 0.8189758 0.8061718 9.0000000 0.8051959 0.7727481 0.7993668 0.7945437 9.0000000 0.7579511 3.5056223 0.0000000 0.7488490 0.7470418 1.9641143 9.0000000 9.0000000 9.0000000 9.0000000 0.8189758 0.8091072 0.8091072 9.0000000 0.8249599 
taxon_19   0.8299833 9.0000000 9.0000000 9.0000000 9.0000000 9.0000000 9.0000000 0.8140253 0.8100883 9.0000000 0.8051959 0.8032478 0.8279699 0.7945437 9.0000000 0.7878429 9.0000000 0.7488490 0.0000000 0.0330510 3.3748572 9.0000000 9.0000000 9.0000000 9.0000000 0.8524953 0.8524953 0.8249599 9.0000000 0.8160016 
taxon_20   0.8309921 9.0000000 9.0000000 9.0000000 9.0000000 9.0000000 9.0000000 0.8150128 0.8120542 9.0000000 0.8140253 0.8169917 0.8309921 0.7955058 9.0000000 0.7840406 9.0000000 0.7470418 0.0330510 0.0000000 3.1442437 9.0000000 9.0000000 9.0000000 9.0000000 0.8462883 0.8598022 0.8209652 9.0000000 0.8199698 
taxon_21   9.0000000 0.8032478 0.8160016 0.8110706 0.7849894 0.7524766 0.7746184 9.0000000 9.0000000 0.7643889 9.0000000 9.0000000 9.0000000 9.0000000 0.7821467 9.0000000 0.5816718 1.9641143 3.3748572 3.1442437 0.0000000 0.6981304 0.7117826 0.6037105 0.7204432 9.0000000 9.0000000 9.0000000 0.8081275 9.0000000 
taxon_22   9.0000000 0.8042212 0.8130391 0.8269652 0.8299833 0.7993668 0.8239592 9.0000000 9.0000000 0.8169917 9.0000000 9.0000000 9.0000000 9.0000000 0.8493854 9.0000000 0.7407505 9.0000000 9.0000000 9.0000000 0.6981304 0.0000000 0.5001221 0.6863852 0.7868906 9.0000000 9.0000000 9.0000000 0.8081275 9.0000000 
taxon_23   9.0000000 0.7945437 0.8032478 0.7887965 0.8003352 0.7945437 0.7916646 9.0000000 9.0000000 0.7916646 9.0000000 9.0000000 9.0000000 9.0000000 0.7935828 9.0000000 0.7195727 9.0000000 9.0000000 9.0000000 0.7117826 0.5001221 0.0000000 0.7230610 0.7671649 9.0000000 9.0000000 9.0000000 0.7736827 9.0000000 
taxon_24   9.0000000 0.8452588 0.8061718 0.8179831 0.8003352 0.7916646 0.7993668 9.0000000 9.0000000 0.7878429 9.0000000 9.0000000 9.0000000 9.0000000 0.7945437 9.0000000 0.6435156 9.0000000 9.0000000 9.0000000 0.6037105 0.6863852 0.7230610 0.0000000 0.7345117 9.0000000 9.0000000 9.0000000 0.8003352 9.0000000 
taxon_25   9.0000000 0.7964692 0.7964692 0.7897513 0.7300869 0.7074896 0.7955058 9.0000000 9.0000000 0.7371791 9.0000000 9.0000000 9.0000000 9.0000000 0.7416461 9.0000000 0.6855532 9.0000000 9.0000000 9.0000000 0.7204432 0.7868906 0.7671649 0.7345117 0.0000000 9.0000000 9.0000000 9.0000000 0.7983997 9.0000000 
taxon_26   0.7736827 9.0000000 9.0000000 9.0000000 9.0000000 9.0000000 9.0000000 0.8022757 0.8289760 9.0000000 0.8259619 0.7964692 0.8340265 0.8289760 9.0000000 0.8160016 9.0000000 0.8189758 0.8524953 0.8462883 9.0000000 9.0000000 9.0000000 9.0000000 9.0000000 0.0000000 0.8360563 0.8169917 9.0000000 0.8100883 
taxon_27   0.8289760 9.0000000 9.0000000 9.0000000 9.0000000 9.0000000 9.0000000 0.7983997 0.8219619 9.0000000 0.8061718 0.8100883 0.7935828 0.8179831 9.0000000 0.8239592 9.0000000 0.8091072 0.8524953 0.8598022 9.0000000 9.0000000 9.0000000 9.0000000 9.0000000 0.8360563 0.0000000 0.7897513 9.0000000 0.7974339 
taxon_28   0.8299833 9.0000000 9.0000000 9.0000000 9.0000000 9.0000000 9.0000000 0.8239592 0.8370732 9.0000000 0.8360563 0.8130391 0.8380915 0.8269652 9.0000000 0.8209652 9.0000000 0.8091072 0.8249599 0.8209652 9.0000000 9.0000000 9.0000000 9.0000000 9.0000000 0.8169917 0.7897513 0.0000000 9.0000000 0.6658575 
taxon_29   9.0000000 0.8100883 0.8071490 0.7840406 0.8229599 0.8199698 0.8140253 9.0000000 9.0000000 0.7983997 9.0000000 9.0000000 9.0000000 9.0000000 0.8320022 9.0000000 0.7690214 9.0000000 9.0000000 9.0000000 0.8081275 0.8081275 0.7736827 0.8003352 0.7983997 9.0000000 9.0000000 9.0000000 0.0000000 2.1798759 
taxon_30   0.8209652 9.0000000 9.0000000 9.0000000 9.0000000 9.0000000 9.0000000 0.8370732 0.8022757 9.0000000 0.8269652 0.8219619 0.8120542 0.8650654 9.0000000 0.8401323 9.0000000 0.8249599 0.8160016 0.8199698 9.0000000 9.0000000 9.0000000 9.0000000 9.0000000 0.8100883 0.7974339 0.6658575 2.1798759 0.0000000 
