30
taxon_1    0.0000000 0.7680917 2.4748836 0.8360563 0.8219619 0.7955058 0.7993668 0.8199698 2.3657530 2.3976727 2.9014034 2.6816631 0.8524953 0.8330137 3.0038351 2.4395830 0.8160016 2.4931772 0.8432040 0.8259619 2.3351363 2.3202845 2.3736065 0.8042212 2.4395830 2.4225368 0.8189758 0.8140253 2.3579801 2.1441548 
taxon_2    0.7680917 0.0000000 2.4141569 0.8179831 0.7916646 0.8199698 0.8239592 0.8209652 2.6243833 2.6134342 2.0827823 2.7700001 0.8071490 0.8169917 2.3129674 2.4570257 0.8330137 2.3202845 0.8150128 0.8120542 2.4931772 2.2985439 2.3351363 0.8110706 2.3276737 2.5119281 0.8042212 0.8179831 2.5508971 2.3579801 
taxon_3    2.4748836 2.4141569 0.0000000 1.2954157 1.2394331 2.1558738 2.2568665 2.3276737 0.8110706 0.8473193 0.8199698 0.8462883 2.5024940 2.4482536 0.7974339 0.8160016 2.5119281 0.7907074 3.4373929 2.7436818 0.8269652 0.8380915 0.8279699 2.4141569 0.8160016 0.8249599 2.2985439 2.6467731 0.8249599 0.8259619 
taxon_4    0.8360563 0.8179831 1.2954157 0.0000000 0.4590595 0.7802575 0.8091072 0.7983997 2.7058587 2.3426740 2.3129674 2.5214822 0.8259619 0.8189758 2.6026427 2.7308610 0.8330137 2.1383633 0.8619031 0.8320022 2.7700001 2.4482536 2.3736065 0.8032478 2.4659015 2.5311596 0.7699503 0.8504206 2.5119281 2.3426740 
taxon_5    0.8219619 0.7916646 1.2394331 0.4590595 0.0000000 0.7812015 0.7945437 0.7935828 2.3657530 2.7567255 2.3736065 2.4482536 0.8081275 0.8269652 2.4058695 2.3057209 0.7974339 2.1558738 0.8380915 0.8350407 2.6698518 2.4570257 2.5409635 0.8013048 2.2501399 2.5508971 0.8249599 0.8120542 2.3815430 2.0990284 
taxon_6    0.7955058 0.8199698 2.1558738 0.7802575 0.7812015 0.0000000 0.7389624 0.7983997 2.7700001 2.4931772 2.4570257 2.6134342 0.8120542 0.7974339 2.4225368 2.3657530 0.8042212 2.3202845 0.8320022 0.8289760 2.5311596 2.5311596 2.4659015 0.8330137 2.6243833 2.4482536 0.8042212 0.8370732 2.4141569 2.2843925 
taxon_7    0.7993668 0.8239592 2.2568665 0.8091072 0.7945437 0.7389624 0.0000000 0.8003352 2.6026427 2.6467731 3.0038351 2.3579801 0.8360563 0.8421787 2.8701489 2.2368651 0.8150128 2.8856134 0.8462883 0.8724964 2.7972755 2.7972755 2.5609653 0.8309921 2.6698518 2.6026427 0.8299833 0.7793147 2.6582237 2.3351363 
taxon_8    0.8199698 0.8209652 2.3276737 0.7983997 0.7935828 0.7983997 0.8003352 0.0000000 2.2774157 2.0935738 2.2303150 2.2110007 0.7727481 0.7974339 2.0211037 2.3502881 0.7840406 2.4748836 0.7746184 0.8091072 2.2303150 2.4839746 2.3426740 0.7699503 2.0411049 2.3579801 0.7488485 0.7907074 1.8381205 1.4217296 
taxon_9    2.3657530 2.6243833 0.8110706 2.7058587 2.3657530 2.7700001 2.6026427 2.2774157 0.0000000 0.6586042 0.8110706 0.8100883 2.4310115 2.5214822 0.8279699 0.7916646 2.4931772 0.7897513 2.5119281 2.3502881 0.8229599 0.8169917 0.8179831 2.5711695 0.8239592 0.8120542 2.3351363 2.2985439 0.7802575 0.7821467 
taxon_10   2.3976727 2.6134342 0.8473193 2.3426740 2.7567255 2.4931772 2.6467731 2.0935738 0.6586042 0.0000000 0.7840406 0.8219619 2.4395830 2.6698518 0.8051959 0.7935828 2.3895645 0.8042212 2.2914348 2.3502881 0.8169917 0.8160016 0.8042212 2.1677785 0.8061718 0.8160016 2.4570257 2.4748836 0.8209652 0.7793147 
taxon_11   2.9014034 2.0827823 0.8199698 2.3129674 2.3736065 2.4570257 3.0038351 2.2303150 0.8110706 0.7840406 0.0000000 0.7443387 1.6419422 1.8381205 0.6318157 0.8289760 2.3736065 0.8051959 2.3976727 2.2173837 0.8032478 0.8061718 0.8061718 2.3057209 0.7868906 0.8566619 2.4058695 2.3276737 0.7699503 0.7353995 
taxon_12   2.6816631 2.7700001 0.8462883 2.5214822 2.4482536 2.6134342 2.3579801 2.2110007 0.8100883 0.8219619 0.7443387 0.0000000 1.1205953 2.2914348 0.6658584 0.8110706 2.5024940 0.8209652 2.3129674 2.3976727 0.8100883 0.8330137 0.8452588 2.3736065 0.8071490 0.8071490 2.3129674 2.2774157 0.7916646 0.7607027 
taxon_13   0.8524953 0.8071490 2.5024940 0.8259619 0.8081275 0.8120542 0.8360563 0.7727481 2.4310115 2.4395830 1.6419422 1.1205953 0.0000000 0.7006712 1.1102706 2.7182557 0.8209652 2.5119281 0.8189758 0.8100883 2.5024940 2.4310115 2.6134342 0.7830931 2.1921712 2.3351363 0.7916646 0.7945437 2.3129674 2.0881586 
taxon_14   0.8330137 0.8169917 2.4482536 0.8189758 0.8269652 0.7974339 0.8421787 0.7974339 2.5214822 2.6698518 1.8381205 2.2914348 0.7006712 0.0000000 1.5629219 2.5311596 0.8100883 2.1677785 0.7926231 0.7926231 2.4659015 3.1897122 2.5311596 0.8229599 2.2843925 2.3895645 0.8091072 0.8493854 2.3057209 2.2636536 
taxon_15   3.0038351 2.3129674 0.7974339 2.6026427 2.4058695 2.4225368 2.8701489 2.0211037 0.8279699 0.8051959 0.6318157 0.6658584 1.1102706 1.5629219 0.0000000 0.8229599 2.4141569 0.8140253 2.3129674 2.2173837 0.7907074 0.7916646 0.8032478 2.2303150 0.7746184 0.8391112 2.3276737 2.5024940 0.7812015 0.7265655 
taxon_16   2.4395830 2.4570257 0.8160016 2.7308610 2.3057209 2.3657530 2.2368651 2.3502881 0.7916646 0.7935828 0.8289760 0.8110706 2.7182557 2.5311596 0.8229599 0.0000000 0.5053353 0.7926231 2.4482536 2.5920042 0.7727481 0.8042212 0.7887965 2.2501399 0.7783731 0.7907074 2.1441548 2.2636536 0.7616223 0.6998233 
taxon_17   0.8160016 0.8330137 2.5119281 0.8330137 0.7974339 0.8042212 0.8150128 0.7840406 2.4931772 2.3895645 2.3736065 2.5024940 0.8209652 0.8100883 2.4141569 0.5053353 0.0000000 2.2705032 0.7945437 0.8140253 2.0881586 2.4141569 2.2173837 0.7755553 2.1045230 2.2501399 0.7597841 0.7793147 2.0564631 1.7370061 
taxon_18   2.4931772 2.3202845 0.7907074 2.1383633 2.1558738 2.3202845 2.8856134 2.4748836 0.7897513 0.8042212 0.8051959 0.8209652 2.5119281 2.1677785 0.8140253 0.7926231 2.2705032 0.0000000 1.9069018 1.9873359 0.7015201 0.7497538 0.7015201 1.5819103 0.6490398 0.7616223 1.8419965 2.1156343 0.6562016 0.6466676 
taxon_19   0.8432040 0.8150128 3.4373929 0.8619031 0.8380915 0.8320022 0.8462883 0.7746184 2.5119281 2.2914348 2.3976727 2.3129674 0.8189758 0.7926231 2.3129674 2.4482536 0.7945437 1.9069018 0.0000000 0.5962926 1.2624030 1.9111506 2.0310377 0.6922347 1.6600153 1.9920678 0.7443387 0.7945437 1.6661377 1.7437935 
taxon_20   0.8259619 0.8120542 2.7436818 0.8320022 0.8350407 0.8289760 0.8724964 0.8091072 2.3502881 2.3502881 2.2173837 2.3976727 0.8100883 0.7926231 2.2173837 2.5920042 0.8140253 1.9873359 0.5962926 0.0000000 0.6822346 1.9595550 1.9460411 0.6490398 1.5819103 1.9283932 0.7256878 0.7916646 1.8004241 1.7645321 
taxon_21   2.3351363 2.4931772 0.8269652 2.7700001 2.6698518 2.5311596 2.7972755 2.2303150 0.8229599 0.8169917 0.8032478 0.8100883 2.5024940 2.4659015 0.7907074 0.7727481 2.0881586 0.7015201 1.2624030 0.6822346 0.0000000 0.7327383 0.7248111 1.4769694 0.6134661 0.7434399 1.7302796 2.0827823 0.6356956 0.6287261 
taxon_22   2.3202845 2.2985439 0.8380915 2.4482536 2.4570257 2.5311596 2.7972755 2.4839746 0.8169917 0.8160016 0.8061718 0.8330137 2.4310115 3.1897122 0.7916646 0.8042212 2.4141569 0.7497538 1.9111506 1.9595550 0.7327383 0.0000000 0.2780560 1.2342307 0.5463217 0.7625431 2.0721437 2.5119281 0.6922347 0.7143702 
taxon_23   2.3736065 2.3351363 0.8279699 2.3736065 2.5409635 2.4659015 2.5609653 2.3426740 0.8179831 0.8042212 0.8061718 0.8452588 2.6134342 2.5311596 0.8032478 0.7887965 2.2173837 0.7015201 2.0310377 1.9460411 0.7248111 0.2780560 0.0000000 1.1176304 0.4917280 0.7830931 2.0112997 2.3657530 0.6748210 0.6830629 
taxon_24   0.8042212 0.8110706 2.4141569 0.8032478 0.8013048 0.8330137 0.8309921 0.7699503 2.5711695 2.1677785 2.3057209 2.3736065 0.7830931 0.8229599 2.2303150 2.2501399 0.7755553 1.5819103 0.6922347 0.6490398 1.4769694 1.2342307 1.1176304 0.0000000 0.5105846 1.8901413 0.6650489 0.7662376 1.3828156 1.3640904 
taxon_25   2.4395830 2.3276737 0.8160016 2.4659015 2.2501399 2.6243833 2.6698518 2.0411049 0.8239592 0.8061718 0.7868906 0.8071490 2.1921712 2.2843925 0.7746184 0.7783731 2.1045230 0.6490398 1.6600153 1.5819103 0.6134661 0.5463217 0.4917280 0.5105846 0.0000000 0.7327383 1.6156238 2.0564631 0.5687533 0.5787821 
taxon_26   2.4225368 2.5119281 0.8249599 2.5311596 2.5508971 2.4482536 2.6026427 2.3579801 0.8120542 0.8160016 0.8566619 0.8071490 2.3351363 2.3895645 0.8391112 0.7907074 2.2501399 0.7616223 1.9920678 1.9283932 0.7434399 0.7625431 0.7830931 1.8901413 0.7327383 0.0000000 0.9691478 1.9415901 0.5867571 0.6356956 
taxon_27   0.8189758 0.8042212 2.2985439 0.7699503 0.8249599 0.8042212 0.8299833 0.7488485 2.3351363 2.4570257 2.4058695 2.3129674 0.7916646 0.8091072 2.3276737 2.1441548 0.7597841 1.8419965 0.7443387 0.7256878 1.7302796 2.0721437 2.0112997 0.6650489 1.6156238 0.9691478 0.0000000 0.7318534 1.0565754 1.1808749 
taxon_28   0.8140253 0.8179831 2.6467731 0.8504206 0.8120542 0.8370732 0.7793147 0.7907074 2.2985439 2.4748836 2.3276737 2.2774157 0.7945437 0.8493854 2.5024940 2.2636536 0.7793147 2.1156343 0.7945437 0.7916646 2.0827823 2.5119281 2.3657530 0.7662376 2.0564631 1.9415901 0.7318534 0.0000000 1.2842493 1.7403921 
taxon_29   2.3579801 2.5508971 0.8249599 2.5119281 2.3815430 2.4141569 2.6582237 1.8381205 0.7802575 0.8209652 0.7699503 0.7916646 2.3129674 2.3057209 0.7812015 0.7616223 2.0564631 0.6562016 1.6661377 1.8004241 0.6356956 0.6922347 0.6748210 1.3828156 0.5687533 0.5867571 1.0565754 1.2842493 0.0000000 0.3792404 
taxon_30   2.1441548 2.3579801 0.8259619 2.3426740 2.0990284 2.2843925 2.3351363 1.4217296 0.7821467 0.7793147 0.7353995 0.7607027 2.0881586 2.2636536 0.7265655 0.6998233 1.7370061 0.6466676 1.7437935 1.7645321 0.6287261 0.7143702 0.6830629 1.3640904 0.5787821 0.6356956 1.1808749 1.7403921 0.3792404 0.0000000 
