30
taxon_1    0.0000000 0.7040727 0.7515679 0.7690211 0.7398560 0.6514195 0.7830927 2.1677785 2.2985439 2.5119281 2.1618021 1.6156232 2.2774157 0.7755550 2.5214822 0.7221874 1.7403921 0.6797553 0.5723197 0.7868901 2.1383633 1.2972931 0.7470417 0.7878425 2.1983953 1.9197226 1.8577039 2.4395830 1.6360134 0.3076068 
taxon_2    0.7040727 0.0000000 0.5211949 0.5602627 0.5339927 0.7117826 0.8061709 2.4141569 2.0513092 2.3976727 2.1045230 1.6692180 2.6816631 0.7597846 2.3351363 0.7579509 1.8697036 0.7023701 0.6443029 0.7625437 2.2843925 1.6156232 0.7964686 0.8189758 2.4141569 2.1618021 2.5024940 2.4482536 2.0411049 0.6419457 
taxon_3    0.7515679 0.5211949 0.0000000 0.6506254 0.6187719 0.7755550 0.7859389 2.1269127 2.2636536 2.6467731 2.3815430 2.0461897 2.6026427 0.8100883 2.5711695 0.7727478 2.3276737 0.7764931 0.7345116 0.8051950 2.4141569 1.9968297 0.7974332 0.8022749 2.6354947 2.4058695 2.4748836 2.4058695 2.3502881 0.7443390 
taxon_4    0.7690211 0.5602627 0.6506254 0.0000000 0.2656037 0.8140253 0.8042204 2.6243833 2.3895645 2.6354947 2.4570257 2.1499914 2.6467731 0.8179831 2.4931772 0.7840402 2.1798758 0.7579509 0.7524764 0.8179831 2.5119281 2.0616537 0.8309921 0.8432040 2.4225368 2.3057209 2.2110007 3.0223545 2.2843925 0.7443390 
taxon_5    0.7398560 0.5339927 0.6187719 0.2656037 0.0000000 0.7736824 0.7887960 2.5711695 2.4839746 2.5024940 2.3502881 2.0310377 2.8549969 0.8032470 2.6026427 0.7736824 2.1859983 0.7515679 0.7416460 0.8160016 2.6134342 1.9371653 0.8219619 0.8391112 2.6134342 2.1983953 2.3736065 2.7308610 2.2501399 0.7100624 
taxon_6    0.6514195 0.7117826 0.7755550 0.8140253 0.7736824 0.0000000 0.7868901 2.4748836 2.4482536 2.4395830 1.9826336 1.4865848 2.2501399 0.7542968 2.3276737 0.7380703 1.7403921 0.6814073 0.5463217 0.7515679 2.1441548 1.2552601 0.7524764 0.8071481 2.3502881 1.9968297 2.1100580 2.4659015 1.8304280 0.5673315 
taxon_7    0.7830927 0.8061709 0.7859389 0.8042204 0.7887960 0.7868901 0.0000000 2.5609653 2.6026427 2.8856134 2.4141569 2.0461897 2.7835139 0.8003345 2.5711695 0.8279699 2.3502881 0.7935822 0.7470417 0.7916641 2.2173837 2.0827823 0.8432040 0.8340265 3.0038351 2.7972755 2.7058587 2.6026427 2.4395830 0.7579509 
taxon_8    2.1677785 2.4141569 2.1269127 2.6243833 2.5711695 2.4748836 2.5609653 0.0000000 0.3892546 0.7699511 0.7117826 0.6134661 0.7907068 2.2501399 0.7793144 2.2238215 0.7671647 2.1983953 1.7170049 2.6354947 0.8219619 0.7265657 2.3895645 2.6026427 0.8229599 0.7926225 0.8061709 0.8022749 0.7783728 1.9505188 
taxon_9    2.2985439 2.0513092 2.2636536 2.3895645 2.4839746 2.4482536 2.6026427 0.3892546 0.0000000 0.7542968 0.7057791 0.6225848 0.8051950 2.3502881 0.7926225 2.3736065 0.7793144 2.2636536 1.7472103 2.7058587 0.8120542 0.7169670 2.3426740 2.8856134 0.8452588 0.7802572 0.8209652 0.7916641 0.7425426 1.9505188 
taxon_10   2.5119281 2.3976727 2.6467731 2.6354947 2.5024940 2.4395830 2.8856134 0.7699511 0.7542968 0.0000000 0.6731835 0.6403783 0.7830927 2.7308610 0.8289760 2.5609653 0.7945431 2.4058695 1.8419965 2.5024940 0.8493854 0.7479447 2.4058695 2.7972755 0.8022749 0.8013041 0.8140253 0.7774323 0.7916641 2.0411049 
taxon_11   2.1618021 2.1045230 2.3815430 2.4570257 2.3502881 1.9826336 2.4141569 0.7117826 0.7057791 0.6731835 0.0000000 0.4639937 0.7588672 2.1738028 0.8229599 2.1921712 0.7161004 1.9240454 1.4217297 2.0881586 0.7746181 0.6772841 2.1383633 2.4570257 0.8120542 0.8013041 0.8071481 0.8259619 0.7533861 1.8860091 
taxon_12   1.6156232 1.6692180 2.0461897 2.1499914 2.0310377 1.4865848 2.0461897 0.6134661 0.6225848 0.6403783 0.4639937 0.0000000 0.7074895 1.8778123 0.7353997 1.6042167 0.5539572 1.3010619 0.8199698 2.0016221 0.7371790 0.4677158 1.8577039 2.5119281 0.7821463 0.7117826 0.7195726 0.7783728 0.6149782 1.2411752 
taxon_13   2.2774157 2.6816631 2.6026427 2.6467731 2.8549969 2.2501399 2.7835139 0.7907068 0.8051950 0.7830927 0.7588672 0.7074895 0.0000000 2.0616537 0.7955052 1.9111506 0.6740018 1.7302796 1.7822634 2.4659015 0.7993661 0.7443390 2.3976727 2.5024940 0.8259619 0.7926225 0.7926225 0.8061709 0.7570357 2.0112997 
taxon_14   0.7755550 0.7597846 0.8100883 0.8179831 0.8032470 0.7542968 0.8003345 2.2501399 2.3502881 2.7308610 2.1738028 1.8778123 2.0616537 0.0000000 1.5602481 0.4073959 1.5764358 0.6302693 0.6715495 0.8179831 2.7436818 2.0161857 0.8051950 0.8259619 3.0038351 2.3976727 2.2774157 2.6243833 1.9779606 0.7434402 
taxon_15   2.5214822 2.3351363 2.5711695 2.4931772 2.6026427 2.3276737 2.5711695 0.7793144 0.7926225 0.8289760 0.8229599 0.7353997 0.7955052 1.5602481 0.0000000 1.0324231 0.6666688 1.6879688 1.8004241 2.1499914 0.8150128 0.7671647 2.7972755 2.5815145 0.8289760 0.8022749 0.7974332 0.8160016 0.7746181 2.4141569 
taxon_16   0.7221874 0.7579509 0.7727478 0.7840402 0.7736824 0.7380703 0.8279699 2.2238215 2.3736065 2.5609653 2.1921712 1.6042167 1.9111506 0.4073959 1.0324231 0.0000000 1.1889656 0.4930133 0.5637888 0.7524764 2.5311596 1.6911402 0.8160016 0.8199698 2.6354947 2.1558738 2.2843925 2.6816631 1.9873359 0.6863852 
taxon_17   1.7403921 1.8697036 2.3276737 2.1798758 2.1859983 1.7403921 2.3502881 0.7671647 0.7793144 0.7945431 0.7161004 0.5539572 0.6740018 1.5764358 0.6666688 1.1889656 0.0000000 0.3569152 1.0972016 2.2434732 0.7897508 0.5962926 2.1983953 2.3276737 0.7897508 0.7425426 0.7746181 0.7878425 0.7040727 1.4698375 
taxon_18   0.6797553 0.7023701 0.7764931 0.7579509 0.7515679 0.6814073 0.7935822 2.1983953 2.2636536 2.4058695 1.9240454 1.3010619 1.7302796 0.6302693 1.6879688 0.4930133 0.3569152 0.0000000 0.4456554 0.7690211 2.3657530 1.4063558 0.7634656 0.7821463 2.4395830 2.0064453 2.2173837 2.3502881 1.8190355 0.5962926 
taxon_19   0.5723197 0.6443029 0.7345116 0.7524764 0.7416460 0.5463217 0.7470417 1.7170049 1.7472103 1.8419965 1.4217297 0.8199698 1.7822634 0.6715495 1.8004241 0.5637888 1.0972016 0.4456554 0.0000000 0.7126442 1.8577039 0.8661225 0.7074895 0.7983991 2.1156343 1.5737135 1.7610356 2.3976727 1.3418223 0.4195452 
taxon_20   0.7868901 0.7625437 0.8051950 0.8179831 0.8160016 0.7515679 0.7916641 2.6354947 2.7058587 2.5024940 2.0881586 2.0016221 2.4659015 0.8179831 2.1499914 0.7524764 2.2434732 0.7690211 0.7126442 0.0000000 1.0552129 1.6661378 0.7868901 0.8219619 2.3202845 2.4058695 2.7972755 2.6026427 2.3129674 0.7239356 
taxon_21   2.1383633 2.2843925 2.4141569 2.5119281 2.6134342 2.1441548 2.2173837 0.8219619 0.8120542 0.8493854 0.7746181 0.7371790 0.7993661 2.7436818 0.8150128 2.5311596 0.7897508 2.3657530 1.8577039 1.0552129 0.0000000 0.6256491 2.1441548 3.1666335 0.8160016 0.7974332 0.7955052 0.8150128 0.7416460 1.9550233 
taxon_22   1.2972931 1.6156232 1.9968297 2.0616537 1.9371653 1.2552601 2.0827823 0.7265657 0.7169670 0.7479447 0.6772841 0.4677158 0.7443390 2.0161857 0.7671647 1.6911402 0.5962926 1.4063558 0.8661225 1.6661378 0.6256491 0.0000000 1.8616826 2.7308610 0.7389626 0.6530102 0.6998234 0.7524764 0.5652039 0.9607002 
taxon_23   0.7470417 0.7964686 0.7974332 0.8309921 0.8219619 0.7524764 0.8432040 2.3895645 2.3426740 2.4058695 2.1383633 1.8577039 2.3976727 0.8051950 2.7972755 0.8160016 2.1983953 0.7634656 0.7074895 0.7868901 2.1441548 1.8616826 0.0000000 0.7126442 1.6723107 2.0411049 2.4310115 2.3895645 1.9550233 0.7032209 
taxon_24   0.7878425 0.8189758 0.8022749 0.8432040 0.8391112 0.8071481 0.8340265 2.6026427 2.8856134 2.7972755 2.4570257 2.5119281 2.5024940 0.8259619 2.5815145 0.8199698 2.3276737 0.7821463 0.7983991 0.8219619 3.1666335 2.7308610 0.7126442 0.0000000 1.5522834 2.4570257 2.4931772 2.7436818 2.6698518 0.8259619 
taxon_25   2.1983953 2.4141569 2.6354947 2.4225368 2.6134342 2.3502881 3.0038351 0.8229599 0.8452588 0.8022749 0.8120542 0.7821463 0.8259619 3.0038351 0.8289760 2.6354947 0.7897508 2.4395830 2.1156343 2.3202845 0.8160016 0.7389626 1.6723107 1.5522834 0.0000000 0.7802572 0.7878425 0.7840402 0.7479447 2.0616537 
taxon_26   1.9197226 2.1618021 2.4058695 2.3057209 2.1983953 1.9968297 2.7972755 0.7926225 0.7802572 0.8013041 0.8013041 0.7117826 0.7926225 2.3976727 0.8022749 2.1558738 0.7425426 2.0064453 1.5737135 2.4058695 0.7974332 0.6530102 2.0411049 2.4570257 0.7802572 0.0000000 0.7812012 0.8081265 0.6888866 1.6360134 
taxon_27   1.8577039 2.5024940 2.4748836 2.2110007 2.3736065 2.1100580 2.7058587 0.8061709 0.8209652 0.8140253 0.8071481 0.7195726 0.7926225 2.2774157 0.7974332 2.2843925 0.7746181 2.2173837 1.7610356 2.7972755 0.7955052 0.6998234 2.4310115 2.4931772 0.7878425 0.7812012 0.0000000 0.7552087 0.6372533 1.7680450 
taxon_28   2.4395830 2.4482536 2.4058695 3.0223545 2.7308610 2.4659015 2.6026427 0.8022749 0.7916641 0.7774323 0.8259619 0.7783728 0.8061709 2.6243833 0.8160016 2.6816631 0.7878425 2.3502881 2.3976727 2.6026427 0.8150128 0.7524764 2.3895645 2.7436818 0.7840402 0.8081265 0.7552087 0.0000000 0.6356956 2.2636536 
taxon_29   1.6360134 2.0411049 2.3502881 2.2843925 2.2501399 1.8304280 2.4395830 0.7783728 0.7425426 0.7916641 0.7533861 0.6149782 0.7570357 1.9779606 0.7746181 1.9873359 0.7040727 1.8190355 1.3418223 2.3129674 0.7416460 0.5652039 1.9550233 2.6698518 0.7479447 0.6888866 0.6372533 0.6356956 0.0000000 1.4306575 
taxon_30   0.3076068 0.6419457 0.7443390 0.7443390 0.7100624 0.5673315 0.7579509 1.9505188 1.9505188 2.0411049 1.8860091 1.2411752 2.0112997 0.7434402 2.4141569 0.6863852 1.4698375 0.5962926 0.4195452 0.7239356 1.9550233 0.9607002 0.7032209 0.8259619 2.0616537 1.6360134 1.7680450 2.2636536 1.4306575 0.0000000 
