30
taxon_1    0.0000000 2.5660501 2.9340173 2.6134342 2.4794154 3.9253341 3.0413429 4.2778369 3.6864938 3.5056223 4.6609561 3.4538776 2.7567257 9.0000000 3.3600053 2.2270612 9.0000000 4.2778369 9.0000000 3.2015235 4.2778369 9.0000000 9.0000000 9.0000000 4.4451945 3.9253341 3.1332946 9.0000000 3.7579765 2.4794154 
taxon_2    2.5660501 0.0000000 9.0000000 3.3600053 3.9253341 2.5508980 2.7372441 9.0000000 9.0000000 2.8401449 9.0000000 9.0000000 9.0000000 2.8625346 3.7579765 2.8856134 3.2381161 9.0000000 9.0000000 9.0000000 9.0000000 9.0000000 9.0000000 4.9650549 4.9650549 9.0000000 4.6609561 9.0000000 2.9857619 2.5214825 
taxon_3    2.9340173 9.0000000 0.0000000 1.4569368 2.4267622 1.8942965 1.8636800 3.3600053 3.0413429 3.2381161 2.5508980 2.5214825 3.9253341 2.3657530 2.6640152 1.6738620 9.0000000 4.6609561 9.0000000 9.0000000 4.9650549 3.2765861 9.0000000 9.0000000 4.9650549 9.0000000 9.0000000 9.0000000 9.0000000 2.8625346 
taxon_4    2.6134342 3.3600053 1.4569368 0.0000000 2.6134342 2.1707848 1.9262162 2.9340173 3.5056223 2.7182557 2.4267622 2.6640152 2.3313958 9.0000000 2.6816631 1.9005727 9.0000000 9.0000000 4.4451945 9.0000000 9.0000000 4.9650549 9.0000000 4.0254827 9.0000000 2.9857619 9.0000000 2.6997362 4.1410957 3.9253341 
taxon_5    2.4794154 3.9253341 2.4267622 2.6134342 0.0000000 1.8697041 1.8517750 2.5973046 2.2078294 2.1707848 2.6997362 2.7182557 3.2765861 3.4538776 3.2015235 1.7269388 3.6212353 4.0254827 2.9857619 2.7767269 3.9253341 9.0000000 3.4538776 2.8625346 9.0000000 2.9094249 4.2778369 9.0000000 9.0000000 2.6816631 
taxon_6    3.9253341 2.5508980 1.8942965 2.1707848 1.8697041 0.0000000 0.8164965 2.9340173 2.8625346 2.5973046 2.3202845 2.2270612 2.5508980 3.2381161 2.6467731 1.8942965 3.6864938 9.0000000 9.0000000 9.0000000 9.0000000 9.0000000 3.0707584 3.2765861 9.0000000 4.2778369 9.0000000 2.9094249 9.0000000 2.7567257 
taxon_7    3.0413429 2.7372441 1.8636800 1.9262162 1.8517750 0.8164965 0.0000000 3.0130376 2.6640152 2.3202845 2.3895645 2.3895645 2.5360461 2.3895645 3.0707584 1.7949296 3.6864938 9.0000000 9.0000000 9.0000000 9.0000000 3.4538776 3.8369969 3.9253341 3.6212353 9.0000000 9.0000000 9.0000000 3.2765861 2.4267622 
taxon_8    4.2778369 9.0000000 3.3600053 2.9340173 2.5973046 2.9340173 3.0130376 0.0000000 1.9393744 1.3838702 2.2368653 2.0935739 3.3171365 2.6299184 2.7182557 1.7023465 9.0000000 3.7579765 9.0000000 9.0000000 5.4849153 3.3171365 9.0000000 4.9650549 3.5612033 9.0000000 2.8856134 9.0000000 9.0000000 2.7767269 
taxon_9    3.6864938 9.0000000 3.0413429 3.5056223 2.2078294 2.8625346 2.6640152 1.9393744 0.0000000 1.1044340 3.0707584 2.3895645 2.8401449 2.8625346 2.3202845 1.6738620 3.3600053 9.0000000 9.0000000 9.0000000 9.0000000 9.0000000 3.1013749 2.8856134 9.0000000 9.0000000 9.0000000 2.8856134 4.2778369 9.0000000 
taxon_10   3.5056223 2.8401449 3.2381161 2.7182557 2.1707848 2.5973046 2.3202845 1.3838702 1.1044340 0.0000000 2.3657530 2.2467992 2.2774157 2.3657530 2.4267622 1.2750692 4.2778369 9.0000000 9.0000000 9.0000000 9.0000000 9.0000000 3.4538776 3.2381161 9.0000000 4.9650549 3.4538776 3.8369969 9.0000000 3.0707584 
taxon_11   4.6609561 9.0000000 2.5508980 2.4267622 2.6997362 2.3202845 2.3895645 2.2368653 3.0707584 2.3657530 0.0000000 0.3011048 1.5696484 1.9262162 1.7370061 1.3348732 9.0000000 4.2778369 3.9253341 3.0707584 3.4538776 9.0000000 3.8369969 9.0000000 9.0000000 9.0000000 9.0000000 3.1332946 9.0000000 4.9650549 
taxon_12   3.4538776 9.0000000 2.5214825 2.6640152 2.7182557 2.2270612 2.3895645 2.0935739 2.3895645 2.2467992 0.3011048 0.0000000 1.4499923 1.7170049 1.6286676 1.2171457 4.1410957 3.8369969 3.1666335 2.8625346 2.9594434 9.0000000 3.8369969 3.6212353 9.0000000 3.8369969 3.4054737 3.7579765 3.6864938 9.0000000 
taxon_13   2.7567257 9.0000000 3.9253341 2.3313958 3.2765861 2.5508980 2.5360461 3.3171365 2.8401449 2.2774157 1.5696484 1.4499923 0.0000000 1.3468256 1.4362933 1.5225125 9.0000000 4.0254827 9.0000000 4.1410957 9.0000000 4.9650549 9.0000000 9.0000000 2.8856134 9.0000000 3.4538776 3.7579765 9.0000000 2.3657530 
taxon_14   9.0000000 2.8625346 2.3657530 9.0000000 3.4538776 3.2381161 2.3895645 2.6299184 2.8625346 2.3657530 1.9262162 1.7170049 1.3468256 0.0000000 1.3838702 1.5943759 9.0000000 3.4054737 9.0000000 9.0000000 9.0000000 2.6997362 3.9253341 5.4849153 3.0130376 9.0000000 9.0000000 9.0000000 9.0000000 2.6134342 
taxon_15   3.3600053 3.7579765 2.6640152 2.6816631 3.2015235 2.6467731 3.0707584 2.7182557 2.3202845 2.4267622 1.7370061 1.6286676 1.4362933 1.3838702 0.0000000 1.5860425 3.3171365 2.9094249 2.7372441 9.0000000 4.1410957 9.0000000 3.4538776 3.5056223 9.0000000 9.0000000 9.0000000 9.0000000 9.0000000 3.9253341 
taxon_16   2.2270612 2.8856134 1.6738620 1.9005727 1.7269388 1.8942965 1.7949296 1.7023465 1.6738620 1.2750692 1.3348732 1.2171457 1.5225125 1.5943759 1.5860425 0.0000000 3.6864938 3.6864938 3.9253341 3.1013749 3.3171365 9.0000000 9.0000000 3.4054737 9.0000000 3.0707584 2.6134342 2.8625346 2.8856134 2.0016221 
taxon_17   9.0000000 3.2381161 9.0000000 9.0000000 3.6212353 3.6864938 3.6864938 9.0000000 3.3600053 4.2778369 9.0000000 4.1410957 9.0000000 9.0000000 3.3171365 3.6864938 0.0000000 2.1983953 2.1618027 2.8625346 2.3541248 2.8856134 2.6997362 9.0000000 9.0000000 3.5612033 3.1013749 3.4054737 3.5056223 3.1666335 
taxon_18   4.2778369 9.0000000 4.6609561 9.0000000 4.0254827 9.0000000 9.0000000 3.7579765 9.0000000 9.0000000 4.2778369 3.8369969 4.0254827 3.4054737 2.9094249 3.6864938 2.1983953 0.0000000 0.7538415 1.1800706 0.7497543 2.0935739 1.7219554 9.0000000 9.0000000 3.1013749 2.5815145 3.7579765 2.4017599 2.4794154 
taxon_19   9.0000000 9.0000000 9.0000000 4.4451945 2.9857619 9.0000000 9.0000000 9.0000000 9.0000000 9.0000000 3.9253341 3.1666335 9.0000000 9.0000000 2.7372441 3.9253341 2.1618027 0.7538415 0.0000000 1.0258498 0.5867571 2.2368653 1.8517750 9.0000000 4.9650549 9.0000000 2.5815145 3.8369969 2.5660501 2.5071964 
taxon_20   3.2015235 9.0000000 9.0000000 9.0000000 2.7767269 9.0000000 9.0000000 9.0000000 9.0000000 9.0000000 3.0707584 2.8625346 4.1410957 9.0000000 9.0000000 3.1013749 2.8625346 1.1800706 1.0258498 0.0000000 0.4808906 2.5973046 2.4017599 4.1410957 9.0000000 9.0000000 2.6816631 9.0000000 2.7182557 2.4931773 
taxon_21   4.2778369 9.0000000 4.9650549 9.0000000 3.9253341 9.0000000 9.0000000 5.4849153 9.0000000 9.0000000 3.4538776 2.9594434 9.0000000 9.0000000 4.1410957 3.3171365 2.3541248 0.7497543 0.5867571 0.4808906 0.0000000 2.0461897 1.9393744 3.9253341 9.0000000 3.6864938 2.4794154 4.2778369 2.2774157 2.2774157 
taxon_22   9.0000000 9.0000000 3.2765861 4.9650549 9.0000000 9.0000000 3.4538776 3.3171365 9.0000000 9.0000000 9.0000000 9.0000000 4.9650549 2.6997362 9.0000000 9.0000000 2.8856134 2.0935739 2.2368653 2.5973046 2.0461897 0.0000000 2.0461897 9.0000000 2.6134342 9.0000000 3.9253341 4.0254827 2.7767269 9.0000000 
taxon_23   9.0000000 9.0000000 9.0000000 9.0000000 3.4538776 3.0707584 3.8369969 9.0000000 3.1013749 3.4538776 3.8369969 3.8369969 9.0000000 3.9253341 3.4538776 9.0000000 2.6997362 1.7219554 1.8517750 2.4017599 1.9393744 2.0461897 0.0000000 9.0000000 3.1666335 3.5612033 2.3202845 3.1332946 2.9094249 3.7579765 
taxon_24   9.0000000 4.9650549 9.0000000 4.0254827 2.8625346 3.2765861 3.9253341 4.9650549 2.8856134 3.2381161 9.0000000 3.6212353 9.0000000 5.4849153 3.5056223 3.4054737 9.0000000 9.0000000 9.0000000 4.1410957 3.9253341 9.0000000 9.0000000 0.0000000 2.4017599 2.1707848 1.3144041 9.0000000 2.3541248 2.3093354 
taxon_25   4.4451945 4.9650549 4.9650549 9.0000000 9.0000000 9.0000000 3.6212353 3.5612033 9.0000000 9.0000000 9.0000000 9.0000000 2.8856134 3.0130376 9.0000000 9.0000000 9.0000000 9.0000000 4.9650549 9.0000000 9.0000000 2.6134342 3.1666335 2.4017599 0.0000000 1.9733169 1.3998623 4.9650549 3.2015235 3.6212353 
taxon_26   3.9253341 9.0000000 9.0000000 2.9857619 2.9094249 4.2778369 9.0000000 9.0000000 9.0000000 4.9650549 9.0000000 3.8369969 9.0000000 9.0000000 9.0000000 3.0707584 3.5612033 3.1013749 9.0000000 9.0000000 3.6864938 9.0000000 3.5612033 2.1707848 1.9733169 0.0000000 1.2222305 9.0000000 2.4141569 3.2765861 
taxon_27   3.1332946 4.6609561 9.0000000 9.0000000 4.2778369 9.0000000 9.0000000 2.8856134 9.0000000 3.4538776 9.0000000 3.4054737 3.4538776 9.0000000 9.0000000 2.6134342 3.1013749 2.5815145 2.5815145 2.6816631 2.4794154 3.9253341 2.3202845 1.3144041 1.3998623 1.2222305 0.0000000 3.3171365 1.5615838 1.8458926 
taxon_28   9.0000000 9.0000000 9.0000000 2.6997362 9.0000000 2.9094249 9.0000000 9.0000000 2.8856134 3.8369969 3.1332946 3.7579765 3.7579765 9.0000000 9.0000000 2.8625346 3.4054737 3.7579765 3.8369969 9.0000000 4.2778369 4.0254827 3.1332946 9.0000000 4.9650549 9.0000000 3.3171365 0.0000000 1.9595550 3.1013749 
taxon_29   3.7579765 2.9857619 9.0000000 4.1410957 9.0000000 9.0000000 3.2765861 9.0000000 4.2778369 9.0000000 9.0000000 3.6864938 9.0000000 9.0000000 9.0000000 2.8856134 3.5056223 2.4017599 2.5660501 2.7182557 2.2774157 2.7767269 2.9094249 2.3541248 3.2015235 2.4141569 1.5615838 1.9595550 0.0000000 2.3093354 
taxon_30   2.4794154 2.5214825 2.8625346 3.9253341 2.6816631 2.7567257 2.4267622 2.7767269 9.0000000 3.0707584 4.9650549 9.0000000 2.3657530 2.6134342 3.9253341 2.0016221 3.1666335 2.4794154 2.5071964 2.4931773 2.2774157 9.0000000 3.7579765 2.3093354 3.6212353 3.2765861 1.8458926 3.1013749 2.3093354 0.0000000 
