30
taxon_1    0.0000000 2.2985439 2.1354842 1.5737135 2.8184042 3.3600053 3.0413429 3.6864938 2.6640152 3.4054737 4.6609561 3.2765861 4.6609561 9.0000000 3.1013749 3.1666335 9.0000000 2.9857619 9.0000000 4.4451945 9.0000000 2.5973046 9.0000000 9.0000000 9.0000000 9.0000000 3.5056223 4.4451945 9.0000000 2.5360461 
taxon_2    2.2985439 0.0000000 0.9215407 1.6113258 4.1410957 3.6864938 5.4849153 9.0000000 9.0000000 9.0000000 2.5973046 4.4451945 3.9253341 3.5612033 9.0000000 2.9340173 3.1666335 3.8369969 3.3600053 3.6864938 2.5071964 3.6212353 2.6640152 2.7182557 9.0000000 9.0000000 9.0000000 9.0000000 3.6212353 2.5815145 
taxon_3    2.1354842 0.9215407 0.0000000 1.6646026 3.0707584 2.7767269 2.5508980 3.1666335 3.9253341 2.6299184 2.5508980 2.7767269 9.0000000 9.0000000 2.6134342 2.4017599 3.2765861 2.9340173 2.7972761 3.9253341 2.4017599 2.9857619 3.5056223 2.7567257 9.0000000 9.0000000 9.0000000 3.4054737 3.4054737 2.4526268 
taxon_4    1.5737135 1.6113258 1.6646026 0.0000000 2.8856134 4.0254827 2.4267622 2.3657530 3.4538776 2.1184380 1.7170049 2.8625346 9.0000000 3.1013749 3.0707584 3.1666335 3.3171365 2.5071964 2.1707848 2.2670707 2.2879054 2.0016221 2.2368653 2.4659015 2.1269127 2.0695076 2.4395830 2.7372441 2.5214825 1.4534565 
taxon_5    2.8184042 4.1410957 3.0707584 2.8856134 0.0000000 1.8942965 1.7219554 1.2778114 2.3657530 1.9944450 2.4017599 9.0000000 3.1013749 3.1013749 9.0000000 9.0000000 3.4538776 9.0000000 9.0000000 4.9650549 9.0000000 2.8856134 4.4451945 2.9857619 3.6212353 3.2765861 5.4849153 3.1666335 2.7972761 2.1798759 
taxon_6    3.3600053 3.6864938 2.7767269 4.0254827 1.8942965 0.0000000 1.5901977 1.1088072 2.1618027 2.2078294 3.3600053 4.0254827 3.2015235 2.5214825 2.9094249 2.8184042 4.2778369 3.2765861 3.5056223 9.0000000 4.1410957 3.0130376 2.7372441 9.0000000 2.8625346 2.9594434 9.0000000 3.0707584 2.7767269 2.5660501 
taxon_7    3.0413429 5.4849153 2.5508980 2.4267622 1.7219554 1.5901977 0.0000000 0.9013148 2.4141569 2.1100580 2.7182557 9.0000000 3.1013749 4.2778369 5.4849153 2.7972761 3.0130376 4.4451945 3.5056223 9.0000000 3.4054737 2.6640152 3.6864938 3.3600053 9.0000000 3.2765861 4.9650549 4.1410957 9.0000000 2.3895645 
taxon_8    3.6864938 9.0000000 3.1666335 2.3657530 1.2778114 1.1088072 0.9013148 0.0000000 1.8059592 1.5819103 2.1441548 2.4267622 4.6609561 2.5660501 3.7579765 3.1666335 2.6997362 3.5056223 2.5815145 3.1666335 4.0254827 2.5071964 2.2368653 2.7567257 2.5973046 2.4395830 2.6640152 2.4794154 2.4267622 2.0016221 
taxon_9    2.6640152 9.0000000 3.9253341 3.4538776 2.3657530 2.1618027 2.4141569 1.8059592 0.0000000 2.0161857 2.4794154 3.5612033 9.0000000 2.9857619 3.5612033 3.0707584 2.5508980 3.1332946 9.0000000 9.0000000 3.7579765 2.8401449 3.6212353 9.0000000 9.0000000 9.0000000 9.0000000 9.0000000 9.0000000 2.8401449 
taxon_10   3.4054737 9.0000000 2.6299184 2.1184380 1.9944450 2.2078294 2.1100580 1.5819103 2.0161857 0.0000000 2.0385754 2.6134342 2.7767269 2.2985439 9.0000000 2.8625346 4.9650549 2.8625346 4.2778369 2.8401449 3.5056223 2.4267622 2.4267622 9.0000000 3.2015235 3.1332946 5.4849153 4.6609561 3.6212353 2.0310377 
taxon_11   4.6609561 2.5973046 2.5508980 1.7170049 2.4017599 3.3600053 2.7182557 2.1441548 2.4794154 2.0385754 0.0000000 1.5149367 1.8285173 1.7370061 1.9664044 1.7120868 1.6785349 1.4534565 1.9005727 1.4499923 1.5615838 1.1540016 2.2670707 2.9594434 2.4395830 2.4141569 3.3171365 2.9594434 2.6997362 1.5575838 
taxon_12   3.2765861 4.4451945 2.7767269 2.8625346 9.0000000 4.0254827 9.0000000 2.4267622 3.5612033 2.6134342 1.5149367 0.0000000 1.7219554 1.5656053 1.6242944 1.5000108 1.5696484 1.2916751 2.3313958 2.4794154 2.3093354 1.7894750 4.0254827 9.0000000 9.0000000 3.2765861 2.5360461 2.7567257 4.2778369 2.0695076 
taxon_13   4.6609561 3.9253341 9.0000000 9.0000000 3.1013749 3.2015235 3.1013749 4.6609561 9.0000000 2.7767269 1.8285173 1.7219554 0.0000000 1.7072008 1.9595550 1.7575553 1.7894750 1.5149367 3.0130376 2.4017599 2.6467731 2.4931773 3.5612033 9.0000000 3.9253341 3.6864938 2.4141569 3.1013749 3.0707584 2.7767269 
taxon_14   9.0000000 3.5612033 9.0000000 3.1013749 3.1013749 2.5214825 4.2778369 2.5660501 2.9857619 2.2985439 1.7370061 1.5656053 1.7072008 0.0000000 1.4096238 1.2429214 1.2750692 1.0219334 2.5508980 2.5360461 2.4931773 1.9005727 2.7372441 4.0254827 9.0000000 9.0000000 2.8184042 3.3171365 3.0130376 2.3093354 
taxon_15   3.1013749 9.0000000 2.6134342 3.0707584 9.0000000 2.9094249 5.4849153 3.7579765 3.5612033 9.0000000 1.9664044 1.6242944 1.9595550 1.4096238 0.0000000 0.5525631 1.2750692 1.0045581 3.1332946 2.7182557 3.2015235 2.1618027 3.4054737 2.5660501 2.8401449 2.8856134 3.5612033 9.0000000 2.9340173 2.3313958 
taxon_16   3.1666335 2.9340173 2.4017599 3.1666335 9.0000000 2.8184042 2.7972761 3.1666335 3.0707584 2.8625346 1.7120868 1.5000108 1.7575553 1.2429214 0.5525631 0.0000000 1.0724235 0.8314970 2.3657530 2.8625346 2.6467731 1.9005727 2.5071964 2.4141569 2.4141569 2.4141569 3.2381161 9.0000000 3.1666335 2.3313958 
taxon_17   9.0000000 3.1666335 3.2765861 3.3171365 3.4538776 4.2778369 3.0130376 2.6997362 2.5508980 4.9650549 1.6785349 1.5696484 1.7894750 1.2750692 1.2750692 1.0724235 0.0000000 0.4962364 2.4659015 2.3657530 2.6816631 1.7370061 2.3426742 9.0000000 9.0000000 9.0000000 3.9253341 4.4451945 9.0000000 2.2078294 
taxon_18   2.9857619 3.8369969 2.9340173 2.5071964 9.0000000 3.2765861 4.4451945 3.5056223 3.1332946 2.8625346 1.4534565 1.2916751 1.5149367 1.0219334 1.0045581 0.8314970 0.4962364 0.0000000 2.3657530 2.2467992 2.6640152 1.7072008 2.2368653 4.4451945 2.8856134 3.0413429 2.5973046 9.0000000 3.1666335 2.2173837 
taxon_19   9.0000000 3.3600053 2.7972761 2.1707848 9.0000000 3.5056223 3.5056223 2.5815145 9.0000000 4.2778369 1.9005727 2.3313958 3.0130376 2.5508980 3.1332946 2.3657530 2.4659015 2.3657530 0.0000000 1.8342645 2.2670707 1.8115354 3.6864938 3.2765861 2.8625346 3.4538776 9.0000000 9.0000000 9.0000000 2.3202845 
taxon_20   4.4451945 3.6864938 3.9253341 2.2670707 4.9650549 9.0000000 9.0000000 3.1666335 9.0000000 2.8401449 1.4499923 2.4794154 2.4017599 2.5360461 2.7182557 2.8625346 2.3657530 2.2467992 1.8342645 0.0000000 1.7894750 1.2561493 2.5360461 2.7372441 3.6864938 3.2765861 3.6212353 3.7579765 4.4451945 2.2670707 
taxon_21   9.0000000 2.5071964 2.4017599 2.2879054 9.0000000 4.1410957 3.4054737 4.0254827 3.7579765 3.5056223 1.5615838 2.3093354 2.6467731 2.4931773 3.2015235 2.6467731 2.6816631 2.6640152 2.2670707 1.7894750 0.0000000 0.7887965 2.3657530 9.0000000 3.4054737 4.2778369 3.2015235 3.5612033 9.0000000 2.6997362 
taxon_22   2.5973046 3.6212353 2.9857619 2.0016221 2.8856134 3.0130376 2.6640152 2.5071964 2.8401449 2.4267622 1.1540016 1.7894750 2.4931773 1.9005727 2.1618027 1.9005727 1.7370061 1.7072008 1.8115354 1.2561493 0.7887965 0.0000000 2.3093354 3.1666335 2.6816631 2.7182557 2.8625346 2.5508980 3.0707584 1.7786835 
taxon_23   9.0000000 2.6640152 3.5056223 2.2368653 4.4451945 2.7372441 3.6864938 2.2368653 3.6212353 2.4267622 2.2670707 4.0254827 3.5612033 2.7372441 3.4054737 2.5071964 2.3426742 2.2368653 3.6864938 2.5360461 2.3657530 2.3093354 0.0000000 1.7627818 1.7680450 1.6832371 2.1798759 1.9132848 1.6330665 1.5225125 
taxon_24   9.0000000 2.7182557 2.7567257 2.4659015 2.9857619 9.0000000 3.3600053 2.7567257 9.0000000 9.0000000 2.9594434 9.0000000 9.0000000 4.0254827 2.5660501 2.4141569 9.0000000 4.4451945 3.2765861 2.7372441 9.0000000 3.1666335 1.7627818 0.0000000 1.0238890 0.9655158 2.6467731 2.5071964 1.8577039 1.9873360 
taxon_25   9.0000000 9.0000000 9.0000000 2.1269127 3.6212353 2.8625346 9.0000000 2.5973046 9.0000000 3.2015235 2.4395830 9.0000000 3.9253341 9.0000000 2.8401449 2.4141569 9.0000000 2.8856134 2.8625346 3.6864938 3.4054737 2.6816631 1.7680450 1.0238890 0.0000000 0.1248362 2.9340173 2.3202845 2.1100580 2.1983953 
taxon_26   9.0000000 9.0000000 9.0000000 2.0695076 3.2765861 2.9594434 3.2765861 2.4395830 9.0000000 3.1332946 2.4141569 3.2765861 3.6864938 9.0000000 2.8856134 2.4141569 9.0000000 3.0413429 3.4538776 3.2765861 4.2778369 2.7182557 1.6832371 0.9655158 0.1248362 0.0000000 2.6134342 2.3313958 1.9944450 1.9262162 
taxon_27   3.5056223 9.0000000 9.0000000 2.4395830 5.4849153 9.0000000 4.9650549 2.6640152 9.0000000 5.4849153 3.3171365 2.5360461 2.4141569 2.8184042 3.5612033 3.2381161 3.9253341 2.5973046 9.0000000 3.6212353 3.2015235 2.8625346 2.1798759 2.6467731 2.9340173 2.6134342 0.0000000 2.5660501 2.6816631 2.2774157 
taxon_28   4.4451945 9.0000000 3.4054737 2.7372441 3.1666335 3.0707584 4.1410957 2.4794154 9.0000000 4.6609561 2.9594434 2.7567257 3.1013749 3.3171365 9.0000000 9.0000000 4.4451945 9.0000000 9.0000000 3.7579765 3.5612033 2.5508980 1.9132848 2.5071964 2.3202845 2.3313958 2.5660501 0.0000000 0.8360563 1.9393744 
taxon_29   9.0000000 3.6212353 3.4054737 2.5214825 2.7972761 2.7767269 9.0000000 2.4267622 9.0000000 3.6212353 2.6997362 4.2778369 3.0707584 3.0130376 2.9340173 3.1666335 9.0000000 3.1666335 9.0000000 4.4451945 9.0000000 3.0707584 1.6330665 1.8577039 2.1100580 1.9944450 2.6816631 0.8360563 0.0000000 1.6738620 
taxon_30   2.5360461 2.5815145 2.4526268 1.4534565 2.1798759 2.5660501 2.3895645 2.0016221 2.8401449 2.0310377 1.5575838 2.0695076 2.7767269 2.3093354 2.3313958 2.3313958 2.2078294 2.2173837 2.3202845 2.2670707 2.6997362 1.7786835 1.5225125 1.9873360 2.1983953 1.9262162 2.2774157 1.9393744 1.6738620 0.0000000 
