RF=0.319149
WRF=0.064894
