30
taxon_1    0.0000000 0.8225959 2.0950575 1.9657791 1.5389582 1.4843887 1.0590589 1.3438196 3.1728576 3.2381161 1.5641404 1.4183083 3.3480687 9.0000000 1.6330665 1.6700603 9.0000000 3.6927179 4.5166771 1.6658586 9.0000000 3.3886191 1.6575252 1.5939951 1.7594516 1.6132764 1.8719068 1.7594516 1.7835695 2.2605610 
taxon_2    0.8225959 0.0000000 1.4093261 1.2372216 0.9694788 0.9136614 0.4834840 1.2760652 2.5508980 2.9340166 1.3916782 1.2911664 2.1489268 9.0000000 1.4649071 1.5354288 9.0000000 9.0000000 2.3593880 1.5532444 2.8898864 2.6849167 1.6290665 1.6093803 1.6016483 1.3356821 1.6700603 1.7453447 1.8084887 1.6658586 
taxon_3    2.0950575 1.4093261 0.0000000 0.7662377 0.9981662 0.9136614 0.7880154 9.0000000 1.7134249 1.7786835 9.0000000 9.0000000 1.6914292 1.7642136 9.0000000 9.0000000 1.7500176 1.8555425 1.6575252 9.0000000 1.7269388 1.6132764 9.0000000 9.0000000 9.0000000 3.6326859 9.0000000 9.0000000 9.0000000 1.4033972 
taxon_4    1.9657791 1.2372216 0.7662377 0.0000000 0.9213854 0.8703658 0.6804301 3.1128255 1.5010191 1.6700603 9.0000000 5.5563970 1.5939951 1.7884875 9.0000000 9.0000000 1.6370879 1.7224071 1.6658586 9.0000000 1.7134249 1.6016483 9.0000000 9.0000000 9.0000000 9.0000000 9.0000000 9.0000000 9.0000000 1.4183083 
taxon_5    1.5389582 0.9694788 0.9981662 0.9213854 0.0000000 0.3248374 0.4706045 2.8087264 1.5214749 1.4459187 3.4314879 2.8282080 1.5249391 1.6742856 4.3493195 9.0000000 1.7314981 1.6700603 1.4943226 9.0000000 1.5864193 1.4876854 9.0000000 9.0000000 9.0000000 4.5166771 9.0000000 9.0000000 9.0000000 1.2785611 
taxon_6    1.4843887 0.9136614 0.9136614 0.8703658 0.3248374 0.0000000 0.4389331 2.3083479 1.4243567 1.3575815 3.4769564 2.4372356 1.4521949 1.5826599 3.3480687 3.5253603 1.6957771 1.5532444 1.4617088 9.0000000 1.5010191 1.5641404 9.0000000 9.0000000 9.0000000 4.0969647 9.0000000 9.0000000 9.0000000 1.2563920 
taxon_7    1.0590589 0.4834840 0.7880154 0.6804301 0.4706045 0.4389331 0.0000000 1.9291865 1.3520464 1.3548088 2.5373841 1.9411867 1.3329891 1.5077759 3.0572445 5.5563970 1.6211299 1.6055043 1.3276319 4.5166771 1.4428002 1.4093261 3.4769564 3.6927179 3.3480687 2.3488983 9.0000000 9.0000000 9.0000000 1.0609269 
taxon_8    1.3438196 1.2760652 9.0000000 3.1128255 2.8087264 2.3083479 1.9291865 0.0000000 1.3039872 1.3196672 1.2491455 1.0817879 2.9570953 9.0000000 1.5864193 1.6211299 9.0000000 9.0000000 3.2730061 1.6658586 9.0000000 9.0000000 1.4909967 1.5319159 1.5145941 1.3858867 1.8999999 1.7089739 1.8664122 2.3808180 
taxon_9    3.1728576 2.5508980 1.7134249 1.5010191 1.5214749 1.4243567 1.3520464 1.3039872 0.0000000 0.8602792 3.2381161 2.3808180 1.4713449 1.5496472 2.8898864 9.0000000 1.6330665 1.5568588 1.4843887 9.0000000 1.6451961 1.5077759 5.5563970 9.0000000 9.0000000 4.3493195 9.0000000 9.0000000 9.0000000 1.4713449 
taxon_10   3.2381161 2.9340166 1.7786835 1.6700603 1.4459187 1.3575815 1.3548088 1.3196672 0.8602792 0.0000000 2.9570953 1.9351626 1.5425043 1.6616803 9.0000000 9.0000000 1.5714934 1.6828084 1.5077759 9.0000000 1.6250877 1.5496472 9.0000000 9.0000000 9.0000000 2.8282080 9.0000000 9.0000000 9.0000000 1.4243567 
taxon_11   1.5641404 1.3916782 9.0000000 9.0000000 3.4314879 3.4769564 2.5373841 1.2491455 3.2381161 2.9570953 0.0000000 1.2208403 9.0000000 4.5166771 1.6171929 1.7407007 9.0000000 9.0000000 9.0000000 1.7453447 9.0000000 9.0000000 1.6871065 1.7269388 1.7179026 1.4366018 1.8290379 1.7547198 1.7835695 2.6375326 
taxon_12   1.4183083 1.2911664 9.0000000 5.5563970 2.8282080 2.4372356 1.9411867 1.0817879 2.3808180 1.9351626 1.2208403 0.0000000 3.2381161 9.0000000 1.6533929 1.6957771 9.0000000 9.0000000 2.7531455 1.6290665 9.0000000 4.5166771 1.6250877 1.5901977 1.6171929 1.4459187 1.8084887 1.8238476 1.6093803 2.0108571 
taxon_13   3.3480687 2.1489268 1.6914292 1.5939951 1.5249391 1.4521949 1.3329891 2.9570953 1.4713449 1.5425043 9.0000000 3.2381161 0.0000000 0.8531566 1.3548088 1.2911664 1.2093546 0.9845295 0.6637257 1.5284194 1.0442801 0.8674700 3.4314879 9.0000000 9.0000000 1.9595550 9.0000000 9.0000000 9.0000000 1.1012695 
taxon_14   9.0000000 9.0000000 1.7642136 1.7884875 1.6742856 1.5826599 1.5077759 9.0000000 1.5496472 1.6616803 4.5166771 9.0000000 0.8531566 0.0000000 1.6016483 1.5010191 1.3039872 1.0798673 0.9323345 1.8719068 1.2760652 1.1314749 9.0000000 9.0000000 9.0000000 2.6529970 9.0000000 9.0000000 9.0000000 1.3329891 
taxon_15   1.6330665 1.4649071 9.0000000 9.0000000 4.3493195 3.3480687 3.0572445 1.5864193 2.8898864 9.0000000 1.6171929 1.6533929 1.3548088 1.6016483 0.0000000 1.0173310 2.2793120 1.7407007 1.3858867 1.2886283 2.1732533 1.6132764 1.6290665 1.7134249 1.7045491 1.4335218 1.7224071 1.5532444 1.7500176 2.1899206 
taxon_16   1.6700603 1.5354288 9.0000000 9.0000000 9.0000000 3.5253603 5.5563970 1.6211299 9.0000000 9.0000000 1.7407007 1.6957771 1.2911664 1.5010191 1.0173310 0.0000000 1.5939951 1.2395913 1.2810652 1.1958000 2.1409902 1.7179026 1.6957771 1.7360853 1.7089739 1.4876854 1.7835695 1.6957771 1.6575252 2.5373841 
taxon_17   9.0000000 9.0000000 1.7500176 1.6370879 1.7314981 1.6957771 1.6211299 9.0000000 1.6330665 1.5714934 9.0000000 9.0000000 1.2093546 1.3039872 2.2793120 1.5939951 0.0000000 0.7079561 1.2301572 2.6529970 1.5043899 1.4335218 9.0000000 9.0000000 9.0000000 9.0000000 9.0000000 9.0000000 9.0000000 1.4304543 
taxon_18   3.6927179 9.0000000 1.8555425 1.7224071 1.6700603 1.5532444 1.6055043 9.0000000 1.5568588 1.6828084 9.0000000 9.0000000 0.9845295 1.0798673 1.7407007 1.2395913 0.7079561 0.0000000 1.0155684 2.3083479 1.3744361 1.2139278 9.0000000 9.0000000 9.0000000 9.0000000 9.0000000 9.0000000 9.0000000 1.4123082 
taxon_19   4.5166771 2.3593880 1.6575252 1.6658586 1.4943226 1.4617088 1.3276319 3.2730061 1.4843887 1.5077759 9.0000000 2.7531455 0.6637257 0.9323345 1.3858867 1.2810652 1.2301572 1.0155684 0.0000000 1.3772824 1.0050787 0.8674700 9.0000000 9.0000000 9.0000000 2.3283491 9.0000000 9.0000000 9.0000000 1.1459982 
taxon_20   1.6658586 1.5532444 9.0000000 9.0000000 9.0000000 9.0000000 4.5166771 1.6658586 9.0000000 9.0000000 1.7453447 1.6290665 1.5284194 1.8719068 1.2886283 1.1958000 2.6529970 2.3083479 1.3772824 0.0000000 1.3303057 1.1355958 1.8395276 1.7738291 1.8290379 1.6370879 1.6785349 1.7314981 1.7835695 2.5646598 
taxon_21   9.0000000 2.8898864 1.7269388 1.7134249 1.5864193 1.5010191 1.4428002 9.0000000 1.6451961 1.6250877 9.0000000 9.0000000 1.0442801 1.2760652 2.1732533 2.1409902 1.5043899 1.3744361 1.0050787 1.3303057 0.0000000 0.8212360 9.0000000 9.0000000 9.0000000 9.0000000 9.0000000 9.0000000 9.0000000 1.4428002 
taxon_22   3.3886191 2.6849167 1.6132764 1.6016483 1.4876854 1.5641404 1.4093261 9.0000000 1.5077759 1.5496472 9.0000000 4.5166771 0.8674700 1.1314749 1.6132764 1.7179026 1.4335218 1.2139278 0.8674700 1.1355958 0.8212360 0.0000000 9.0000000 9.0000000 9.0000000 2.8898864 9.0000000 9.0000000 9.0000000 1.3659614 
taxon_23   1.6575252 1.6290665 9.0000000 9.0000000 9.0000000 9.0000000 3.4769564 1.4909967 5.5563970 9.0000000 1.6871065 1.6250877 3.4314879 9.0000000 1.6290665 1.6957771 9.0000000 9.0000000 9.0000000 1.8395276 9.0000000 9.0000000 0.0000000 0.1544020 0.1438658 1.2419684 1.5604908 1.7690059 1.7134249 2.5786789 
taxon_24   1.5939951 1.6093803 9.0000000 9.0000000 9.0000000 9.0000000 3.6927179 1.5319159 9.0000000 9.0000000 1.7269388 1.5901977 9.0000000 9.0000000 1.7134249 1.7360853 9.0000000 9.0000000 9.0000000 1.7738291 9.0000000 9.0000000 0.1544020 0.0000000 0.1178892 1.2539687 1.6132764 1.8448280 1.6658586 3.5771049 
taxon_25   1.7594516 1.6016483 9.0000000 9.0000000 9.0000000 9.0000000 3.3480687 1.5145941 9.0000000 9.0000000 1.7179026 1.6171929 9.0000000 9.0000000 1.7045491 1.7089739 9.0000000 9.0000000 9.0000000 1.8290379 9.0000000 9.0000000 0.1438658 0.1178892 0.0000000 1.2093546 1.5789192 1.7547198 1.7547198 3.2047773 
taxon_26   1.6132764 1.3356821 3.6326859 9.0000000 4.5166771 4.0969647 2.3488983 1.3858867 4.3493195 2.8282080 1.4366018 1.4459187 1.9595550 2.6529970 1.4335218 1.4876854 9.0000000 9.0000000 2.3283491 1.6370879 9.0000000 2.8898864 1.2419684 1.2539687 1.2093546 0.0000000 1.7594516 1.7179026 1.5864193 1.7224071 
taxon_27   1.8719068 1.6700603 9.0000000 9.0000000 9.0000000 9.0000000 9.0000000 1.8999999 9.0000000 9.0000000 1.8290379 1.8084887 9.0000000 9.0000000 1.7224071 1.7835695 9.0000000 9.0000000 9.0000000 1.6785349 9.0000000 9.0000000 1.5604908 1.6132764 1.5789192 1.7594516 0.0000000 1.6211299 1.8395276 2.5929650 
taxon_28   1.7594516 1.7453447 9.0000000 9.0000000 9.0000000 9.0000000 9.0000000 1.7089739 9.0000000 9.0000000 1.7547198 1.8238476 9.0000000 9.0000000 1.5532444 1.6957771 9.0000000 9.0000000 9.0000000 1.7314981 9.0000000 9.0000000 1.7690059 1.8448280 1.7547198 1.7179026 1.6211299 0.0000000 1.6492833 2.8282080 
taxon_29   1.7835695 1.8084887 9.0000000 9.0000000 9.0000000 9.0000000 9.0000000 1.8664122 9.0000000 9.0000000 1.7835695 1.6093803 9.0000000 9.0000000 1.7500176 1.6575252 9.0000000 9.0000000 9.0000000 1.7835695 9.0000000 9.0000000 1.7134249 1.6658586 1.7547198 1.5864193 1.8395276 1.6492833 0.0000000 1.4876854 
taxon_30   2.2605610 1.6658586 1.4033972 1.4183083 1.2785611 1.2563920 1.0609269 2.3808180 1.4713449 1.4243567 2.6375326 2.0108571 1.1012695 1.3329891 2.1899206 2.5373841 1.4304543 1.4123082 1.1459982 2.5646598 1.4428002 1.3659614 2.5786789 3.5771049 3.2047773 1.7224071 2.5929650 2.8282080 1.4876854 0.0000000 
