30
taxon_1    0.0000000 9.0000000 1.8342645 9.0000000 1.8342645 1.7224071 1.7500176 1.7407007 3.2047773 9.0000000 9.0000000 2.2698775 2.2793115 1.6871065 1.3916782 1.2962676 9.0000000 1.7001503 3.9968168 9.0000000 3.4769564 1.6330665 1.7314981 3.9084795 1.5145941 9.0000000 1.9533821 9.0000000 1.8942965 1.6211299 
taxon_2    9.0000000 0.0000000 0.7867175 0.8602791 1.0665587 0.6860825 9.0000000 9.0000000 1.7001503 1.6871065 1.8135735 1.4123082 1.7500176 9.0000000 4.5166766 9.0000000 1.8186930 9.0000000 1.9533821 1.7224071 1.8555425 9.0000000 9.0000000 1.5901977 9.0000000 1.7134249 4.7324386 1.7089739 9.0000000 1.6914292 
taxon_3    1.8342645 0.7867175 0.0000000 1.0627993 0.6952151 0.4140514 1.9173752 1.6533929 9.0000000 4.3493195 9.0000000 2.3385533 9.0000000 1.7835695 1.8395276 1.7690059 9.0000000 1.7045491 9.0000000 9.0000000 9.0000000 1.7500176 1.7786835 3.9084795 1.7934380 9.0000000 1.5751972 9.0000000 1.8342645 9.0000000 
taxon_4    9.0000000 0.8602791 1.0627993 0.0000000 1.0553366 0.7828348 9.0000000 9.0000000 1.6658586 1.7786835 1.7690059 1.4304543 1.7884875 9.0000000 9.0000000 9.0000000 1.7642136 9.0000000 1.7642136 1.7642136 1.7089739 9.0000000 9.0000000 1.6871065 9.0000000 1.9720553 9.0000000 1.7500176 9.0000000 1.7884875 
taxon_5    1.8342645 1.0665587 0.6952151 1.0553366 0.0000000 0.4965888 1.7984215 1.7547198 9.0000000 9.0000000 9.0000000 2.2605606 9.0000000 1.7786835 1.6957771 1.7001503 9.0000000 1.8719068 9.0000000 9.0000000 9.0000000 1.8664122 1.7269388 9.0000000 1.6957771 9.0000000 1.6055043 9.0000000 1.7547198 9.0000000 
taxon_6    1.7224071 0.6860825 0.4140514 0.7828348 0.4965888 0.0000000 1.7884875 1.6492833 3.2730061 9.0000000 9.0000000 1.7134249 4.0969653 1.8186930 1.5714934 1.5249391 9.0000000 1.8034382 9.0000000 4.3493195 9.0000000 1.6700603 1.6742856 3.1128254 1.5354288 9.0000000 1.5319159 9.0000000 1.7547198 9.0000000 
taxon_7    1.7500176 9.0000000 1.9173752 9.0000000 1.7984215 1.7884875 0.0000000 0.6906349 2.2985432 3.2047773 9.0000000 2.1025202 3.6927179 1.8942965 1.5864193 1.5568588 9.0000000 1.6914292 9.0000000 9.0000000 9.0000000 1.9976988 1.6742856 9.0000000 1.6451961 9.0000000 1.8501661 9.0000000 1.5864193 9.0000000 
taxon_8    1.7407007 9.0000000 1.6533929 9.0000000 1.7547198 1.6492833 0.6906349 0.0000000 1.8186930 3.2730061 2.8282083 1.6330665 3.2730061 1.6451961 1.6451961 1.5751972 9.0000000 1.7642136 9.0000000 9.0000000 9.0000000 1.9411867 1.6828084 9.0000000 1.5460673 9.0000000 1.8942965 9.0000000 1.6742856 9.0000000 
taxon_9    3.2047773 1.7001503 9.0000000 1.6658586 9.0000000 3.2730061 2.2985432 1.8186930 0.0000000 1.3465518 1.3356821 0.7341083 1.4123082 9.0000000 2.4610471 2.2888657 1.8084887 9.0000000 1.7934380 1.7786835 1.5604908 9.0000000 9.0000000 1.5604908 3.9084795 1.6492833 9.0000000 1.9057471 9.0000000 1.5568588 
taxon_10   9.0000000 1.6871065 4.3493195 1.7786835 9.0000000 9.0000000 3.2047773 3.2730061 1.3465518 0.0000000 1.4553528 1.3631577 1.7738291 9.0000000 9.0000000 9.0000000 1.9411867 9.0000000 1.8942965 1.8084887 1.6451961 9.0000000 9.0000000 1.7934380 9.0000000 1.8664122 9.0000000 1.6370879 9.0000000 1.8084887 
taxon_11   9.0000000 1.8135735 9.0000000 1.7690059 9.0000000 9.0000000 9.0000000 2.8282083 1.3356821 1.4553528 0.0000000 1.3065769 1.6785349 9.0000000 9.0000000 9.0000000 1.7690059 9.0000000 1.7360853 1.7453447 1.5901977 9.0000000 9.0000000 1.6290665 3.7579765 1.8135735 9.0000000 1.6411311 9.0000000 1.7547198 
taxon_12   2.2698775 1.4123082 2.3385533 1.4304543 2.2605606 1.7134249 2.1025202 1.6330665 0.7341083 1.3631577 1.3065769 0.0000000 1.1980417 9.0000000 2.1331367 1.7001503 1.7045491 4.7324386 1.6533929 1.5010191 1.4649071 3.2047773 9.0000000 1.5010191 2.0517763 1.5568588 3.1128254 1.7089739 3.3095987 1.3249676 
taxon_13   2.2793115 1.7500176 9.0000000 1.7884875 9.0000000 4.0969653 3.6927179 3.2730061 1.4123082 1.7738291 1.6785349 1.1980417 0.0000000 3.3480687 1.9912053 1.5319159 1.6370879 5.5562928 1.5111773 1.5249391 1.4617088 3.9084795 3.4769564 1.4304543 1.7738291 1.6658586 3.0054995 1.6957771 9.0000000 1.4123082 
taxon_14   1.6871065 9.0000000 1.7835695 9.0000000 1.7786835 1.8186930 1.8942965 1.6451961 9.0000000 9.0000000 9.0000000 9.0000000 3.3480687 0.0000000 1.0016144 1.1172273 9.0000000 1.5939951 9.0000000 4.7324386 3.0572445 1.6492833 1.7314981 9.0000000 1.3659614 3.2730061 1.7786835 9.0000000 1.6658586 9.0000000 
taxon_15   1.3916782 4.5166766 1.8395276 9.0000000 1.6957771 1.5714934 1.5864193 1.6451961 2.4610471 9.0000000 9.0000000 2.1331367 1.9912053 1.0016144 0.0000000 0.3185555 2.1253646 1.2835770 2.1331367 1.7835695 1.2231581 1.4811064 1.5568588 1.7738291 0.7802575 2.2985432 1.3065769 3.2381158 1.4243567 5.0365368 
taxon_16   1.2962676 9.0000000 1.7690059 9.0000000 1.7001503 1.5249391 1.5568588 1.5751972 2.2888657 9.0000000 9.0000000 1.7001503 1.5319159 1.1172273 0.3185555 0.0000000 1.7179026 1.1253354 1.6451961 1.3801395 0.8894657 1.3716006 1.4033972 1.3716006 0.5189518 2.0659276 1.1501995 2.3283491 1.2231581 2.3917671 
taxon_17   9.0000000 1.8186930 9.0000000 1.7642136 9.0000000 9.0000000 9.0000000 9.0000000 1.8084887 1.9411867 1.7690059 1.7045491 1.6370879 9.0000000 2.1253646 1.7179026 0.0000000 0.2106277 1.6742856 1.7045491 1.5425043 9.0000000 9.0000000 1.6370879 2.2888657 1.9351626 9.0000000 1.8034382 9.0000000 1.7314981 
taxon_18   1.7001503 9.0000000 1.7045491 9.0000000 1.8719068 1.8034382 1.6914292 1.7642136 9.0000000 9.0000000 9.0000000 4.7324386 5.5562928 1.5939951 1.2835770 1.1253354 0.2106277 0.0000000 9.0000000 9.0000000 2.9570960 1.7224071 1.7360853 9.0000000 1.3303057 9.0000000 1.6616803 9.0000000 1.8664122 9.0000000 
taxon_19   3.9968168 1.9533821 9.0000000 1.7642136 9.0000000 9.0000000 9.0000000 9.0000000 1.7934380 1.8942965 1.7360853 1.6533929 1.5111773 9.0000000 2.1331367 1.6451961 1.6742856 9.0000000 0.0000000 1.4304543 1.2254837 9.0000000 3.4769564 1.5901977 2.4256075 1.7594516 9.0000000 1.7884875 9.0000000 1.6871065 
taxon_20   9.0000000 1.7224071 9.0000000 1.7642136 9.0000000 4.3493195 9.0000000 9.0000000 1.7786835 1.8084887 1.7453447 1.5010191 1.5249391 4.7324386 1.7835695 1.3801395 1.7045491 9.0000000 1.4304543 0.0000000 0.8335659 3.9968168 9.0000000 1.4976634 1.8135735 1.6290665 9.0000000 1.7453447 3.6326859 1.7224071 
taxon_21   3.4769564 1.8555425 9.0000000 1.7089739 9.0000000 9.0000000 9.0000000 9.0000000 1.5604908 1.6451961 1.5901977 1.4649071 1.4617088 3.0572445 1.2231581 0.8894657 1.5425043 2.9570960 1.2254837 0.8335659 0.0000000 9.0000000 4.3493195 1.3945909 1.4778384 1.4649071 3.0572445 1.6370879 3.4314879 1.5604908 
taxon_22   1.6330665 9.0000000 1.7500176 9.0000000 1.8664122 1.6700603 1.9976988 1.9411867 9.0000000 9.0000000 9.0000000 3.2047773 3.9084795 1.6492833 1.4811064 1.3716006 9.0000000 1.7224071 9.0000000 3.9968168 9.0000000 0.0000000 1.7134249 3.0054995 1.4004503 3.7579765 1.5826599 9.0000000 1.5214749 3.8294591 
taxon_23   1.7314981 9.0000000 1.7786835 9.0000000 1.7269388 1.6742856 1.6742856 1.6828084 9.0000000 9.0000000 9.0000000 9.0000000 3.4769564 1.7314981 1.5568588 1.4033972 9.0000000 1.7360853 3.4769564 9.0000000 4.3493195 1.7134249 0.0000000 1.7738291 1.5354288 9.0000000 1.8395276 9.0000000 1.7642136 9.0000000 
taxon_24   3.9084795 1.5901977 3.9084795 1.6871065 9.0000000 3.1128254 9.0000000 9.0000000 1.5604908 1.7934380 1.6290665 1.5010191 1.4304543 9.0000000 1.7738291 1.3716006 1.6370879 9.0000000 1.5901977 1.4976634 1.3945909 3.0054995 1.7738291 0.0000000 1.5145941 1.4335218 3.0572445 1.5145941 2.7897376 1.6290665 
taxon_25   1.5145941 9.0000000 1.7934380 9.0000000 1.6957771 1.5354288 1.6451961 1.5460673 3.9084795 9.0000000 3.7579765 2.0517763 1.7738291 1.3659614 0.7802575 0.5189518 2.2888657 1.3303057 2.4256075 1.8135735 1.4778384 1.4004503 1.5354288 1.5145941 0.0000000 2.1331367 1.1694040 2.5786790 1.2443525 2.7531455 
taxon_26   9.0000000 1.7134249 9.0000000 1.9720553 9.0000000 9.0000000 9.0000000 9.0000000 1.6492833 1.8664122 1.8135735 1.5568588 1.6658586 3.2730061 2.2985432 2.0659276 1.9351626 9.0000000 1.7594516 1.6290665 1.4649071 3.7579765 9.0000000 1.4335218 2.1331367 0.0000000 2.4256075 1.5496472 2.3917671 1.7547198 
taxon_27   1.9533821 4.7324386 1.5751972 9.0000000 1.6055043 1.5319159 1.8501661 1.8942965 9.0000000 9.0000000 9.0000000 3.1128254 3.0054995 1.7786835 1.3065769 1.1501995 9.0000000 1.6616803 9.0000000 9.0000000 3.0572445 1.5826599 1.8395276 3.0572445 1.1694040 2.4256075 0.0000000 1.4428002 0.7932336 9.0000000 
taxon_28   9.0000000 1.7089739 9.0000000 1.7500176 9.0000000 9.0000000 9.0000000 9.0000000 1.9057471 1.6370879 1.6411311 1.7089739 1.6957771 9.0000000 3.2381158 2.3283491 1.8034382 9.0000000 1.7884875 1.7453447 1.6370879 9.0000000 9.0000000 1.5145941 2.5786790 1.5496472 1.4428002 0.0000000 0.8820619 1.7089739 
taxon_29   1.8942965 9.0000000 1.8342645 9.0000000 1.7547198 1.7547198 1.5864193 1.6742856 9.0000000 9.0000000 9.0000000 3.3095987 9.0000000 1.6658586 1.4243567 1.2231581 9.0000000 1.8664122 9.0000000 3.6326859 3.4314879 1.5214749 1.7642136 2.7897376 1.2443525 2.3917671 0.7932336 0.8820619 0.0000000 9.0000000 
taxon_30   1.6211299 1.6914292 9.0000000 1.7884875 9.0000000 9.0000000 9.0000000 9.0000000 1.5568588 1.8084887 1.7547198 1.3249676 1.4123082 9.0000000 5.0365368 2.3917671 1.7314981 9.0000000 1.6871065 1.7224071 1.5604908 3.8294591 9.0000000 1.6290665 2.7531455 1.7547198 9.0000000 1.7089739 9.0000000 0.0000000 
