RF=0.106383
WRF=0.102979
