30
taxon_1    0.0000000 1.7269381 1.7224064 1.9173752 9.0000000 1.7269381 9.0000000 1.8342645 4.7324386 1.7984215 1.8395276 3.6927179 9.0000000 3.9968168 9.0000000 9.0000000 1.8186930 9.0000000 9.0000000 9.0000000 1.7547198 1.7224064 1.7224064 1.8238476 9.0000000 1.6914288 9.0000000 9.0000000 1.6914288 9.0000000 
taxon_2    1.7269381 0.0000000 1.5460672 1.6914288 2.0242503 1.3223127 3.3886190 1.5826598 3.2381160 1.5901975 1.4976634 2.5646599 2.8482095 2.2605611 1.2661641 2.9340172 1.5249391 3.5253603 2.8087267 2.4490469 1.5214749 1.5319159 1.4123082 1.2162249 2.3283491 1.5425043 2.3182818 1.0173310 1.7453437 9.0000000 
taxon_3    1.7224064 1.5460672 0.0000000 1.8186930 3.1128255 1.7406998 4.2125783 1.5939950 9.0000000 1.7269381 1.6871060 9.0000000 9.0000000 9.0000000 2.7354978 9.0000000 1.7406998 9.0000000 9.0000000 5.5562928 1.6742853 1.6742853 1.5678078 1.6785346 9.0000000 1.7269381 9.0000000 3.7579762 1.8774418 9.0000000 
taxon_4    1.9173752 1.6914288 1.8186930 0.0000000 1.0262069 1.1672461 2.7182557 1.5180266 1.9115386 1.2395913 1.1802899 2.1569480 2.5508980 1.7884875 1.9173752 9.0000000 1.7179019 5.5562928 3.8294576 5.0365368 1.8135735 1.7547198 1.9173752 1.8719068 9.0000000 1.7089733 3.0054999 9.0000000 1.7269381 9.0000000 
taxon_5    9.0000000 2.0242503 3.1128255 1.0262069 0.0000000 1.0571955 1.0973325 1.6616800 0.9694788 1.2785611 1.1212707 1.0442801 1.1544252 0.8954419 0.8198794 1.6370877 2.2888663 1.6411308 1.3465518 1.3065779 4.7324386 3.6326859 9.0000000 9.0000000 1.6370877 3.8294576 1.5532443 1.4428002 4.3493195 1.7884875 
taxon_6    1.7269381 1.3223127 1.7406998 1.1672461 1.0571955 0.0000000 1.6492831 1.2563920 1.5641404 1.0703373 1.0068169 1.8238476 1.7934380 1.5010191 1.3716006 9.0000000 1.6370877 3.3480687 3.6326859 2.8282083 1.6742853 1.6370877 1.6250875 1.7224064 9.0000000 1.7134243 9.0000000 3.0572445 1.8290380 9.0000000 
taxon_7    9.0000000 3.3886190 4.2125783 2.7182557 1.0973325 1.6492831 0.0000000 1.0479475 1.2962685 1.8342645 1.7134243 1.3276319 1.5145941 1.3065779 1.3117863 1.8664122 9.0000000 1.6250875 1.5460672 1.5214749 9.0000000 9.0000000 9.0000000 9.0000000 1.7269381 9.0000000 1.8034382 1.7269381 9.0000000 1.7934380 
taxon_8    1.8342645 1.5826598 1.5939950 1.5180266 1.6616800 1.2563920 1.0479475 0.0000000 2.0731047 1.3065779 1.2348594 2.5508980 4.3493195 2.3593880 2.0175238 9.0000000 1.5864192 9.0000000 3.1422411 2.8482095 2.0108571 1.9115386 1.9472597 1.8609577 9.0000000 1.8186930 9.0000000 3.6927179 2.0803512 9.0000000 
taxon_9    4.7324386 3.2381160 9.0000000 1.9115386 0.9694788 1.5641404 1.2962685 2.0731047 0.0000000 0.6271857 0.5063464 1.4521949 1.5319159 1.2661641 1.2093546 1.6492831 2.8087267 1.7786835 1.5010191 1.5043899 9.0000000 9.0000000 9.0000000 9.0000000 1.7547198 9.0000000 1.7089733 1.5532443 9.0000000 1.7500176 
taxon_10   1.7984215 1.5901975 1.7269381 1.2395913 1.2785611 1.0703373 1.8342645 1.3065779 0.6271857 0.0000000 0.2662086 2.1100580 2.4256075 1.8238476 1.7314973 9.0000000 1.5145941 9.0000000 3.1422411 3.2730061 1.6871060 1.6700599 1.7547198 1.7453437 4.3493195 1.8664122 3.1728574 2.9570960 1.6616800 9.0000000 
taxon_11   1.8395276 1.4976634 1.6871060 1.1802899 1.1212707 1.0068169 1.7134243 1.2348594 0.5063464 0.2662086 0.0000000 1.9291865 2.3083479 1.7547198 1.5389582 9.0000000 1.5496472 9.0000000 2.8087267 3.0572445 1.6871060 1.6700599 1.7500176 1.7406998 3.9084795 1.8186930 3.8294576 3.4769564 1.7500176 9.0000000 
taxon_12   3.6927179 2.5646599 9.0000000 2.1569480 1.0442801 1.8238476 1.3276319 2.5508980 1.4521949 2.1100580 1.9291865 0.0000000 1.4778384 1.1565469 1.1523096 1.6616800 4.0969653 1.7934380 1.5751971 1.5751971 9.0000000 5.0365368 9.0000000 4.7324386 1.7224064 5.5562928 1.6370877 1.7360844 9.0000000 1.7179019 
taxon_13   9.0000000 2.8482095 9.0000000 2.5508980 1.1544252 1.7934380 1.5145941 4.3493195 1.5319159 2.4256075 2.3083479 1.4778384 0.0000000 1.0279947 1.2710983 1.9411868 3.4769564 1.6700599 1.6658583 1.6132762 9.0000000 9.0000000 9.0000000 5.0365368 1.7045486 9.0000000 1.8555425 1.6132762 9.0000000 2.0175238 
taxon_14   3.9968168 2.2605611 9.0000000 1.7884875 0.8954419 1.5010191 1.3065779 2.3593880 1.2661641 1.8238476 1.7547198 1.1565469 1.0279947 0.0000000 0.9964480 1.5939950 3.4769564 1.6742853 1.4428002 1.4004503 9.0000000 9.0000000 9.0000000 9.0000000 1.5826598 9.0000000 1.8186930 1.6451959 9.0000000 1.8395276 
taxon_15   9.0000000 1.2661641 2.7354978 1.9173752 0.8198794 1.3716006 1.3117863 2.0175238 1.2093546 1.7314973 1.5389582 1.1523096 1.2710983 0.9964480 0.0000000 1.3249676 1.8999999 1.2185290 1.0590589 0.9645283 3.2381160 2.8898869 9.0000000 2.9116275 1.7001497 9.0000000 1.6055042 1.2048091 3.4769564 1.6616800 
taxon_16   9.0000000 2.9340172 9.0000000 9.0000000 1.6370877 9.0000000 1.8664122 9.0000000 1.6492831 9.0000000 9.0000000 1.6616800 1.9411868 1.5939950 1.3249676 0.0000000 1.8290380 1.5939950 1.5284194 1.5214749 9.0000000 9.0000000 9.0000000 9.0000000 1.7314973 9.0000000 1.8719068 1.7224064 9.0000000 1.9291865 
taxon_17   1.8186930 1.5249391 1.7406998 1.7179019 2.2888663 1.6370877 9.0000000 1.5864192 2.8087267 1.5145941 1.5496472 4.0969653 3.4769564 3.4769564 1.8999999 1.8290380 0.0000000 3.1128255 2.8482095 2.7182557 1.6132762 1.5826598 1.6533926 1.6742853 9.0000000 1.7224064 9.0000000 2.6075287 1.7406998 9.0000000 
taxon_18   9.0000000 3.5253603 9.0000000 5.5562928 1.6411308 3.3480687 1.6250875 9.0000000 1.7786835 9.0000000 9.0000000 1.7934380 1.6700599 1.6742853 1.2185290 1.5939950 3.1128255 0.0000000 1.4063558 1.2735777 9.0000000 9.0000000 9.0000000 9.0000000 1.8034382 5.0365368 1.8135735 1.6330663 9.0000000 1.9411868 
taxon_19   9.0000000 2.8087267 9.0000000 3.8294576 1.3465518 3.6326859 1.5460672 3.1422411 1.5010191 3.1422411 2.8087267 1.5751971 1.6658583 1.4428002 1.0590589 1.5284194 2.8482095 1.4063558 0.0000000 0.2382155 9.0000000 9.0000000 9.0000000 9.0000000 1.7786835 9.0000000 1.7134243 1.5641404 9.0000000 1.6451959 
taxon_20   9.0000000 2.4490469 5.5562928 5.0365368 1.3065779 2.8282083 1.5214749 2.8482095 1.5043899 3.2730061 3.0572445 1.5751971 1.6132762 1.4004503 0.9645283 1.5214749 2.7182557 1.2735777 0.2382155 0.0000000 9.0000000 9.0000000 9.0000000 3.6927179 1.7406998 9.0000000 1.6871060 1.5354287 9.0000000 1.7134243 
taxon_21   1.7547198 1.5214749 1.6742853 1.8135735 4.7324386 1.6742853 9.0000000 2.0108571 9.0000000 1.6871060 1.6871060 9.0000000 9.0000000 9.0000000 3.2381160 9.0000000 1.6132762 9.0000000 9.0000000 9.0000000 0.0000000 0.1869290 0.4860868 1.1112034 9.0000000 1.9533821 9.0000000 3.0309261 1.6828080 9.0000000 
taxon_22   1.7224064 1.5319159 1.6742853 1.7547198 3.6326859 1.6370877 9.0000000 1.9115386 9.0000000 1.6700599 1.6700599 5.0365368 9.0000000 9.0000000 2.8898869 9.0000000 1.5826598 9.0000000 9.0000000 9.0000000 0.1869290 0.0000000 0.4843507 1.1112034 9.0000000 1.8664122 9.0000000 3.0572445 1.6828080 9.0000000 
taxon_23   1.7224064 1.4123082 1.5678078 1.9173752 9.0000000 1.6250875 9.0000000 1.9472597 9.0000000 1.7547198 1.7500176 9.0000000 9.0000000 9.0000000 9.0000000 9.0000000 1.6533926 9.0000000 9.0000000 9.0000000 0.4860868 0.4843507 0.0000000 0.9339118 9.0000000 1.8664122 4.2125783 2.4856395 1.7406998 9.0000000 
taxon_24   1.8238476 1.2162249 1.6785346 1.8719068 9.0000000 1.7224064 9.0000000 1.8609577 9.0000000 1.7453437 1.7406998 4.7324386 5.0365368 9.0000000 2.9116275 9.0000000 1.6742853 9.0000000 9.0000000 3.6927179 1.1112034 1.1112034 0.9339118 0.0000000 9.0000000 1.6533926 9.0000000 2.2985439 1.8034382 9.0000000 
taxon_25   9.0000000 2.3283491 9.0000000 9.0000000 1.6370877 9.0000000 1.7269381 9.0000000 1.7547198 4.3493195 3.9084795 1.7224064 1.7045486 1.5826598 1.7001497 1.7314973 9.0000000 1.8034382 1.7786835 1.7406998 9.0000000 9.0000000 9.0000000 9.0000000 0.0000000 2.5241095 1.4459187 1.1891135 9.0000000 1.7089733 
taxon_26   1.6914288 1.5425043 1.7269381 1.7089733 3.8294576 1.7134243 9.0000000 1.8186930 9.0000000 1.8664122 1.8186930 5.5562928 9.0000000 9.0000000 9.0000000 9.0000000 1.7224064 5.0365368 9.0000000 9.0000000 1.9533821 1.8664122 1.8664122 1.6533926 2.5241095 0.0000000 1.5532443 1.7453437 1.8034382 9.0000000 
taxon_27   9.0000000 2.3182818 9.0000000 3.0054999 1.5532443 9.0000000 1.8034382 9.0000000 1.7089733 3.1728574 3.8294576 1.6370877 1.8555425 1.8186930 1.6055042 1.8719068 9.0000000 1.8135735 1.7134243 1.6871060 9.0000000 9.0000000 4.2125783 9.0000000 1.4459187 1.5532443 0.0000000 1.0226439 9.0000000 1.5826598 
taxon_28   9.0000000 1.0173310 3.7579762 9.0000000 1.4428002 3.0572445 1.7269381 3.6927179 1.5532443 2.9570960 3.4769564 1.7360844 1.6132762 1.6451959 1.2048091 1.7224064 2.6075287 1.6330663 1.5641404 1.5354287 3.0309261 3.0572445 2.4856395 2.2985439 1.1891135 1.7453437 1.0226439 0.0000000 9.0000000 1.6211297 
taxon_29   1.6914288 1.7453437 1.8774418 1.7269381 4.3493195 1.8290380 9.0000000 2.0803512 9.0000000 1.6616800 1.7500176 9.0000000 9.0000000 9.0000000 3.4769564 9.0000000 1.7406998 9.0000000 9.0000000 9.0000000 1.6828080 1.6828080 1.7406998 1.8034382 9.0000000 1.8034382 9.0000000 9.0000000 0.0000000 0.5336221 
taxon_30   9.0000000 9.0000000 9.0000000 9.0000000 1.7884875 9.0000000 1.7934380 9.0000000 1.7500176 9.0000000 9.0000000 1.7179019 2.0175238 1.8395276 1.6616800 1.9291865 9.0000000 1.9411868 1.6451959 1.7134243 9.0000000 9.0000000 9.0000000 9.0000000 1.7089733 9.0000000 1.5826598 1.6211297 0.5336221 0.0000000 
