30
taxon_1    0.0000000 1.1328734 9.0000000 9.0000000 9.0000000 1.1991207 9.0000000 9.0000000 1.1549338 9.0000000 9.0000000 1.2503001 9.0000000 1.2984216 1.2566832 9.0000000 1.2232515 1.1512117 9.0000000 9.0000000 1.1568018 1.1643207 9.0000000 1.2335397 1.1456630 9.0000000 9.0000000 1.2761648 1.2232515 1.2232515 
taxon_2    1.1328734 0.0000000 0.9883228 1.1892910 1.2191754 9.0000000 1.2460748 1.2151213 9.0000000 1.1456630 1.1834544 9.0000000 1.2696145 9.0000000 9.0000000 1.1493576 9.0000000 9.0000000 1.2696145 1.2171456 9.0000000 9.0000000 1.1776628 9.0000000 9.0000000 1.1475080 1.1757422 9.0000000 9.0000000 9.0000000 
taxon_3    9.0000000 0.9883228 0.0000000 0.9590222 0.8748472 9.0000000 1.1132060 0.9363790 9.0000000 1.1401550 1.0974895 9.0000000 1.0587604 9.0000000 9.0000000 1.0345387 2.9646337 2.9240833 1.0361294 1.0992196 9.0000000 9.0000000 0.9868303 9.0000000 9.0000000 0.7629125 0.8774201 9.0000000 4.0043544 1.8137776 
taxon_4    9.0000000 1.1892910 0.9590222 0.0000000 0.6665067 9.0000000 1.1383280 1.2171456 9.0000000 1.1512117 1.1912466 9.0000000 1.1662122 9.0000000 9.0000000 1.1971444 9.0000000 9.0000000 1.1912466 1.2588230 9.0000000 9.0000000 1.2376948 9.0000000 9.0000000 1.1079305 1.0957634 9.0000000 9.0000000 9.0000000 
taxon_5    9.0000000 1.2191754 0.8748472 0.6665067 0.0000000 9.0000000 1.0871919 1.1365054 9.0000000 1.1456630 1.1605518 9.0000000 1.1493576 9.0000000 9.0000000 1.1605518 9.0000000 9.0000000 1.1991207 1.2151213 9.0000000 9.0000000 1.1873404 9.0000000 9.0000000 1.0957634 1.1256618 9.0000000 9.0000000 9.0000000 
taxon_6    1.1991207 9.0000000 9.0000000 9.0000000 9.0000000 0.0000000 9.0000000 9.0000000 1.1549338 9.0000000 9.0000000 1.1795884 9.0000000 1.1643207 1.2090810 9.0000000 1.2070783 1.2011022 9.0000000 9.0000000 1.2212107 1.2252979 9.0000000 1.2131025 1.2191754 9.0000000 9.0000000 1.2273498 1.1932074 1.1256618 
taxon_7    9.0000000 1.2460748 1.1132060 1.1383280 1.0871919 9.0000000 0.0000000 0.5793593 9.0000000 0.9898184 1.0250649 9.0000000 1.0505993 9.0000000 9.0000000 1.1185189 9.0000000 9.0000000 1.1643207 1.1530705 9.0000000 9.0000000 1.1549338 9.0000000 9.0000000 1.0457449 1.0888984 9.0000000 9.0000000 9.0000000 
taxon_8    9.0000000 1.2151213 0.9363790 1.2171456 1.1365054 9.0000000 0.5793593 0.0000000 2.2290118 0.8251602 0.8735641 2.0679303 0.8646430 2.1762262 1.9733169 1.0770337 9.0000000 9.0000000 1.1114434 1.1892910 9.0000000 9.0000000 1.1401550 9.0000000 9.0000000 0.9706055 1.0571210 9.0000000 9.0000000 3.8538502 
taxon_9    1.1549338 9.0000000 9.0000000 9.0000000 9.0000000 1.1549338 9.0000000 2.2290118 0.0000000 1.4181874 9.0000000 0.9647915 4.1928395 1.0018910 0.9532970 9.0000000 1.1795884 1.2050810 9.0000000 9.0000000 1.1757422 1.1475080 9.0000000 1.1853948 1.1834544 9.0000000 9.0000000 1.2294074 1.2030890 1.1274582 
taxon_10   9.0000000 1.1456630 1.1401550 1.1512117 1.1456630 9.0000000 0.9898184 0.8251602 1.4181874 0.0000000 0.9619013 2.8490207 0.9462014 2.8490207 2.5815139 1.2273498 9.0000000 9.0000000 1.1549338 1.2030890 9.0000000 9.0000000 1.1605518 9.0000000 9.0000000 1.1328734 1.2151213 9.0000000 9.0000000 9.0000000 
taxon_11   9.0000000 1.1834544 1.0974895 1.1912466 1.1605518 9.0000000 1.0250649 0.8735641 9.0000000 0.9619013 0.0000000 2.6605349 0.9898184 3.6729800 2.6332592 1.1493576 9.0000000 9.0000000 1.2131025 1.1310640 9.0000000 9.0000000 1.1475080 9.0000000 9.0000000 1.0770337 1.1681086 9.0000000 9.0000000 9.0000000 
taxon_12   1.2503001 9.0000000 9.0000000 9.0000000 9.0000000 1.1795884 9.0000000 2.0679303 0.9647915 2.8490207 2.6605349 0.0000000 1.7410711 0.7706961 0.6812419 9.0000000 1.2110890 1.1238697 9.0000000 9.0000000 1.1912466 1.2273498 9.0000000 1.1853948 1.1605518 9.0000000 9.0000000 1.1834544 1.1401550 1.1079305 
taxon_13   9.0000000 1.2696145 1.0587604 1.1662122 1.1493576 9.0000000 1.0505993 0.8646430 4.1928395 0.9462014 0.9898184 1.7410711 0.0000000 0.3065027 0.8026644 1.1873404 9.0000000 9.0000000 1.1991207 1.1605518 9.0000000 9.0000000 1.1605518 9.0000000 9.0000000 1.1310640 1.1549338 9.0000000 9.0000000 9.0000000 
taxon_14   1.2984216 9.0000000 9.0000000 9.0000000 9.0000000 1.1643207 9.0000000 2.1762262 1.0018910 2.8490207 3.6729800 0.7706961 0.3065027 0.0000000 0.3685941 9.0000000 1.1586745 1.1681086 9.0000000 9.0000000 1.2011022 1.2050810 9.0000000 1.2212107 1.1738265 9.0000000 9.0000000 1.1346872 1.1256618 1.1202983 
taxon_15   1.2566832 9.0000000 9.0000000 9.0000000 9.0000000 1.2090810 9.0000000 1.9733169 0.9532970 2.5815139 2.6332592 0.6812419 0.8026644 0.3685941 0.0000000 9.0000000 1.1757422 1.1328734 9.0000000 9.0000000 1.2397810 1.1795884 9.0000000 1.1643207 1.1475080 9.0000000 9.0000000 1.1951733 1.1365054 1.1044340 
taxon_16   9.0000000 1.1493576 1.0345387 1.1971444 1.1605518 9.0000000 1.1185189 1.0770337 9.0000000 1.2273498 1.1493576 9.0000000 1.1873404 9.0000000 9.0000000 0.0000000 9.0000000 9.0000000 1.1605518 1.1274582 9.0000000 9.0000000 1.0837905 9.0000000 9.0000000 0.9808897 1.1328734 9.0000000 9.0000000 9.0000000 
taxon_17   1.2232515 9.0000000 2.9646337 9.0000000 9.0000000 1.2070783 9.0000000 9.0000000 1.1795884 9.0000000 9.0000000 1.2110890 9.0000000 1.1586745 1.1757422 9.0000000 0.0000000 1.0538531 9.0000000 9.0000000 1.1456630 1.1912466 9.0000000 1.1568018 1.0992196 2.4766929 9.0000000 1.1776628 1.1274582 1.0095364 
taxon_18   1.1512117 9.0000000 2.9240833 9.0000000 9.0000000 1.2011022 9.0000000 9.0000000 1.2050810 9.0000000 9.0000000 1.1238697 9.0000000 1.1681086 1.1328734 9.0000000 1.0538531 0.0000000 9.0000000 9.0000000 1.1292590 1.0620499 9.0000000 0.9853407 1.0297868 1.4155419 9.0000000 1.1044340 1.0871919 0.9504507 
taxon_19   9.0000000 1.2696145 1.0361294 1.1912466 1.1991207 9.0000000 1.1643207 1.1114434 9.0000000 1.1549338 1.2131025 9.0000000 1.1991207 9.0000000 9.0000000 1.1605518 9.0000000 9.0000000 0.0000000 1.0653538 9.0000000 9.0000000 1.0034139 9.0000000 3.1531196 0.8263631 1.1149728 9.0000000 9.0000000 9.0000000 
taxon_20   9.0000000 1.2171456 1.0992196 1.2588230 1.2151213 9.0000000 1.1530705 1.1892910 9.0000000 1.2030890 1.1310640 9.0000000 1.1605518 9.0000000 9.0000000 1.1274582 9.0000000 9.0000000 1.0653538 0.0000000 3.0075025 2.6605349 0.8508350 2.7182557 2.1546936 0.8697277 1.1185189 9.0000000 9.0000000 9.0000000 
taxon_21   1.1568018 9.0000000 9.0000000 9.0000000 9.0000000 1.2212107 9.0000000 9.0000000 1.1757422 9.0000000 9.0000000 1.1912466 9.0000000 1.2011022 1.2397810 9.0000000 1.1456630 1.1292590 9.0000000 3.0075025 0.0000000 0.9294409 1.8942965 0.8360562 0.8026644 3.3688811 9.0000000 1.1776628 1.1892910 1.1132060 
taxon_22   1.1643207 9.0000000 9.0000000 9.0000000 9.0000000 1.2252979 9.0000000 9.0000000 1.1475080 9.0000000 9.0000000 1.2273498 9.0000000 1.2050810 1.1795884 9.0000000 1.1912466 1.0620499 9.0000000 2.6605349 0.9294409 0.0000000 0.8239592 0.7443391 0.6645637 2.0370618 9.0000000 1.2131025 1.1815189 1.0837905 
taxon_23   9.0000000 1.1776628 0.9868303 1.2376948 1.1873404 9.0000000 1.1549338 1.1401550 9.0000000 1.1605518 1.1475080 9.0000000 1.1605518 9.0000000 9.0000000 1.0837905 9.0000000 9.0000000 1.0034139 0.8508350 1.8942965 0.8239592 0.0000000 1.2030890 0.9405729 0.7497543 1.0587604 9.0000000 9.0000000 9.0000000 
taxon_24   1.2335397 9.0000000 9.0000000 9.0000000 9.0000000 1.2131025 9.0000000 9.0000000 1.1853948 9.0000000 9.0000000 1.1853948 9.0000000 1.2212107 1.1643207 9.0000000 1.1568018 0.9853407 9.0000000 2.7182557 0.8360562 0.7443391 1.2030890 0.0000000 0.5258845 2.0310377 9.0000000 1.1776628 1.1605518 1.0770337 
taxon_25   1.1456630 9.0000000 9.0000000 9.0000000 9.0000000 1.2191754 9.0000000 9.0000000 1.1834544 9.0000000 9.0000000 1.1605518 9.0000000 1.1738265 1.1475080 9.0000000 1.0992196 1.0297868 3.1531196 2.1546936 0.8026644 0.6645637 0.9405729 0.5258845 0.0000000 1.6822943 9.0000000 1.1419865 1.1530705 0.9988546 
taxon_26   9.0000000 1.1475080 0.7629125 1.1079305 1.0957634 9.0000000 1.0457449 0.9706055 9.0000000 1.1328734 1.0770337 9.0000000 1.1310640 9.0000000 9.0000000 0.9808897 2.4766929 1.4155419 0.8263631 0.8697277 3.3688811 2.0370618 0.7497543 2.0310377 1.6822943 0.0000000 0.8956819 9.0000000 4.1928395 1.6313038 
taxon_27   9.0000000 1.1757422 0.8774201 1.0957634 1.1256618 9.0000000 1.0888984 1.0571210 9.0000000 1.2151213 1.1681086 9.0000000 1.1549338 9.0000000 9.0000000 1.1328734 9.0000000 9.0000000 1.1149728 1.1185189 9.0000000 9.0000000 1.0587604 9.0000000 9.0000000 0.8956819 0.0000000 9.0000000 9.0000000 2.4042229 
taxon_28   1.2761648 9.0000000 9.0000000 9.0000000 9.0000000 1.2273498 9.0000000 9.0000000 1.2294074 9.0000000 9.0000000 1.1834544 9.0000000 1.1346872 1.1951733 9.0000000 1.1776628 1.1044340 9.0000000 9.0000000 1.1776628 1.2131025 9.0000000 1.1776628 1.1419865 9.0000000 9.0000000 0.0000000 0.6842240 0.9363790 
taxon_29   1.2232515 9.0000000 4.0043544 9.0000000 9.0000000 1.1932074 9.0000000 9.0000000 1.2030890 9.0000000 9.0000000 1.1401550 9.0000000 1.1256618 1.1365054 9.0000000 1.1274582 1.0871919 9.0000000 9.0000000 1.1892910 1.1815189 9.0000000 1.1605518 1.1530705 4.1928395 9.0000000 0.6842240 0.0000000 0.7368229 
taxon_30   1.2232515 9.0000000 1.8137776 9.0000000 9.0000000 1.1256618 9.0000000 3.8538502 1.1274582 9.0000000 9.0000000 1.1079305 9.0000000 1.1202983 1.1044340 9.0000000 1.0095364 0.9504507 9.0000000 9.0000000 1.1132060 1.0837905 9.0000000 1.0770337 0.9988546 1.6313038 2.4042229 0.9363790 0.7368229 0.0000000 
