30
taxon_1    0.0000000 1.8886361 2.5110655 2.1331368 1.8448280 1.5532444 1.4617088 1.5496472 2.2513582 1.5496472 1.2467455 1.5789192 1.5864192 2.2069668 1.5214749 1.3276319 3.1422411 2.1983953 1.5939950 1.7407007 2.5929651 1.6914292 2.3808180 1.5568588 2.3083479 1.7884875 2.1409903 2.3385533 2.0378870 1.6290665 
taxon_2    1.8886361 0.0000000 1.6742856 1.5789192 1.4366018 2.4982447 2.4141569 3.6326859 1.6828084 2.7014010 2.2888663 2.8687587 2.3283491 1.7500176 2.4982447 2.1569483 1.8395276 1.6055040 3.1128248 2.7531456 1.9533821 4.0969653 1.6370879 2.3283491 1.7224063 2.4610471 1.8395276 1.8238476 1.7269388 1.7179021 
taxon_3    2.5110655 1.6742856 0.0000000 0.2966361 1.4153017 2.7182557 4.2125783 2.5929651 1.9057471 2.4610471 2.7354978 2.3917671 2.9809075 1.7786825 3.0845200 2.6529972 1.7045490 1.7089737 2.3593879 2.5110655 1.6492833 2.7354978 1.6828084 2.7712186 1.8830181 2.7897379 1.6871064 1.8238476 1.6785349 1.7045490 
taxon_4    2.1331368 1.5789192 0.2966361 0.0000000 1.4213257 2.4141569 2.5508971 2.7897379 1.7314981 2.3385533 2.4256075 2.2985438 2.8482095 1.8084883 2.6375327 2.4490469 1.7934380 1.6742856 2.4028785 2.4256075 1.6828084 2.9116275 1.6093799 2.3917671 1.8555425 2.9340173 1.7269388 1.8448280 1.6700603 1.5901976 
taxon_5    1.8448280 1.4366018 1.4153017 1.4213257 0.0000000 3.2381161 2.9570960 3.0845200 1.8395276 2.4856395 2.5508971 2.4141569 2.1899206 1.6828084 2.2422670 1.8942965 1.7738288 1.7089737 2.2698778 2.6075287 1.5864192 2.5241092 1.7594516 2.6223807 1.7134247 3.4314875 1.5978118 1.7134247 1.5789192 1.4843887 
taxon_6    1.5532444 2.4982447 2.7182557 2.4141569 3.2381161 0.0000000 0.1886807 1.0875794 1.1544252 1.2093546 1.0297869 1.7360853 1.7179021 3.0309260 1.7690058 1.7314981 2.5373836 2.2698778 1.6616803 1.7934380 2.6849169 1.7884875 2.8087259 1.8774418 2.5508971 1.8186930 2.4610471 2.3808180 2.4732425 2.2513582 
taxon_7    1.4617088 2.4141569 4.2125783 2.5508971 2.9570960 0.1886807 0.0000000 1.0646769 1.1737396 1.2637091 1.0406304 1.7500176 1.7269388 2.8282083 1.7045490 1.6957770 2.4372356 2.4732425 1.6171923 1.7934380 2.3700265 1.7224063 2.8687587 1.8501661 2.4610471 1.8609577 2.3283491 2.2888663 2.4028785 2.2244085 
taxon_8    1.5496472 3.6326859 2.5929651 2.7897379 3.0845200 1.0875794 1.0646769 0.0000000 0.9628849 1.2612621 1.0173301 1.6700603 1.7360853 2.3385533 1.6492833 1.6250877 2.3700265 2.7182557 1.6742856 1.6957770 2.6529972 1.7045490 3.2047773 1.8664122 2.4028785 1.8501661 2.2513582 2.7897379 2.2888663 2.1409903 
taxon_9    2.2513582 1.6828084 1.9057471 1.7314981 1.8395276 1.1544252 1.1737396 0.9628849 0.0000000 1.5284194 1.1012695 2.2985438 2.8282083 1.8774418 2.4982447 2.1025203 1.7500176 1.7360853 2.3808180 2.8087259 1.7407007 3.0309260 1.9595550 4.0969653 1.8290370 2.5508971 1.6211291 1.7224063 1.6093799 1.5354288 
taxon_10   1.5496472 2.7014010 2.4610471 2.3385533 2.4856395 1.2093546 1.2637091 1.2612621 1.5284194 0.0000000 0.6409479 1.6250877 1.5864192 2.2985438 1.5939950 1.5214749 2.9116275 2.6075287 1.7089737 1.7835695 3.4314875 1.7934380 2.3808180 1.7089737 2.3182818 1.7001502 2.3083479 2.5373836 2.6375327 2.1650565 
taxon_11   1.2467455 2.2888663 2.7354978 2.4256075 2.5508971 1.0297869 1.0406304 1.0173301 1.1012695 0.6409479 0.0000000 1.6290665 1.5389582 2.2332846 1.6055040 1.3276319 2.5646599 2.6075287 1.6700603 1.6914292 2.5786790 1.6330665 2.4028785 1.7407007 2.5241092 1.6411311 2.0588186 2.1489268 2.0447995 1.8501661 
taxon_12   1.5789192 2.8687587 2.3917671 2.2985438 2.4141569 1.7360853 1.7500176 1.6700603 2.2985438 1.6250877 1.6290665 0.0000000 1.6451961 2.5241092 1.5864192 1.1192464 2.6687872 2.1732533 1.6132759 1.6914292 2.5929651 1.7835695 2.7182557 1.7594516 2.7897379 1.5978118 2.3385533 2.4982447 2.1899206 2.3283491 
taxon_13   1.5864192 2.3283491 2.9809075 2.8482095 2.1899206 1.7179021 1.7269388 1.7360853 2.8282083 1.5864192 1.5389582 1.6451961 0.0000000 1.1072140 0.8617117 0.9661744 2.6223807 2.6849169 1.6492833 1.6957770 3.6326859 1.8395276 2.7712186 1.7134247 2.5241092 1.6828084 2.4256075 2.5646599 2.4982447 2.0950575 
taxon_14   2.2069668 1.7500176 1.7786825 1.8084883 1.6828084 3.0309260 2.8282083 2.3385533 1.8774418 2.2985438 2.2332846 2.5241092 1.1072140 0.0000000 0.7353190 1.5077759 1.9351626 1.6093799 2.1732533 2.4732425 1.8448280 2.4372356 1.6914292 2.6075287 1.6957770 2.6687872 1.7984214 1.8395276 1.7453447 1.5568588 
taxon_15   1.5214749 2.4982447 3.0845200 2.6375327 2.2422670 1.7690058 1.7045490 1.6492833 2.4982447 1.5939950 1.6055040 1.5864192 0.8617117 0.7353190 0.0000000 1.0953717 2.6849169 2.0659277 1.5496472 1.6492833 2.5929651 1.6700603 2.6075287 1.7045490 2.4982447 1.8501661 2.8687587 2.2605609 2.6375327 2.0447995 
taxon_16   1.3276319 2.1569483 2.6529972 2.4490469 1.8942965 1.7314981 1.6957770 1.6250877 2.1025203 1.5214749 1.3276319 1.1192464 0.9661744 1.5077759 1.0953717 0.0000000 2.4490469 2.1815407 1.3383848 1.6055040 2.6223807 1.6370879 2.5110655 1.6533929 2.4982447 1.7642135 2.1025203 2.1489268 1.9173752 1.6742856 
taxon_17   3.1422411 1.8395276 1.7045490 1.7934380 1.7738288 2.5373836 2.4372356 2.3700265 1.7500176 2.9116275 2.5646599 2.6687872 2.6223807 1.9351626 2.6849169 2.4490469 0.0000000 0.6473857 1.0895199 1.8886361 1.4213257 1.6575252 1.4976634 2.1253647 1.5214749 2.3283491 1.6957770 1.7835695 1.7269388 1.5864192 
taxon_18   2.1983953 1.6055040 1.7089737 1.6742856 1.7089737 2.2698778 2.4732425 2.7182557 1.7360853 2.6075287 2.6075287 2.1732533 2.6849169 1.6093799 2.0659277 2.1815407 0.6473857 0.0000000 0.8617117 1.6533929 1.2962685 1.6742856 1.5389582 2.0242503 1.4745846 2.3808180 1.5249391 1.7001502 1.5826598 1.5901976 
taxon_19   1.5939950 3.1128248 2.3593879 2.4028785 2.2698778 1.6616803 1.6171923 1.6742856 2.3808180 1.7089737 1.6700603 1.6132759 1.6492833 2.1732533 1.5496472 1.3383848 1.0895199 0.8617117 0.0000000 0.9828416 1.2988326 0.9913162 1.8084883 1.3744360 1.6211291 1.3687756 2.3385533 2.7531456 2.0876683 2.2605609 
taxon_20   1.7407007 2.7531456 2.5110655 2.4256075 2.6075287 1.7934380 1.7934380 1.6957770 2.8087259 1.7835695 1.6914292 1.6914292 1.6957770 2.4732425 1.6492833 1.6055040 1.8886361 1.6533929 0.9828416 0.0000000 1.4778384 1.1868978 2.1253647 1.5751971 2.6687872 1.5249391 3.1728576 2.6375327 2.8482095 2.4256075 
taxon_21   2.5929651 1.9533821 1.6492833 1.6828084 1.5864192 2.6849169 2.3700265 2.6529972 1.7407007 3.4314875 2.5786790 2.5929651 3.6326859 1.8448280 2.5929651 2.6223807 1.4213257 1.2962685 1.2988326 1.4778384 0.0000000 0.5580912 1.5864192 2.1815407 1.6171923 2.4856395 1.9291865 1.7500176 1.6914292 1.6616803 
taxon_22   1.6914292 4.0969653 2.7354978 2.9116275 2.5241092 1.7884875 1.7224063 1.7045490 3.0309260 1.7934380 1.6330665 1.7835695 1.8395276 2.4372356 1.6700603 1.6370879 1.6575252 1.6742856 0.9913162 1.1868978 0.5580912 0.0000000 2.0876683 1.5214749 2.0175238 1.6742856 3.4314875 2.9116275 3.1128248 2.4028785 
taxon_23   2.3808180 1.6370879 1.6828084 1.6093799 1.7594516 2.8087259 2.8687587 3.2047773 1.9595550 2.3808180 2.4028785 2.7182557 2.7712186 1.6914292 2.6075287 2.5110655 1.4976634 1.5389582 1.8084883 2.1253647 1.5864192 2.0876683 0.0000000 0.2565477 1.4617088 2.2332846 1.8609577 1.8830181 1.7786825 1.6742856 
taxon_24   1.5568588 2.3283491 2.7712186 2.3917671 2.6223807 1.8774418 1.8501661 1.8664122 4.0969653 1.7089737 1.7407007 1.7594516 1.7134247 2.6075287 1.7045490 1.6533929 2.1253647 2.0242503 1.3744360 1.5751971 2.1815407 1.5214749 0.2565477 0.0000000 2.0803512 1.6211291 3.0054999 3.8294576 2.6687872 2.2888663 
taxon_25   2.3083479 1.7224063 1.8830181 1.8555425 1.7134247 2.5508971 2.4610471 2.4028785 1.8290370 2.3182818 2.5241092 2.7897379 2.5241092 1.6957770 2.4982447 2.4982447 1.5214749 1.4745846 1.6211291 2.6687872 1.6171923 2.0175238 1.4617088 2.0803512 0.0000000 1.0516331 1.7314981 1.7738288 1.6700603 1.5789192 
taxon_26   1.7884875 2.4610471 2.7897379 2.9340173 3.4314875 1.8186930 1.8609577 1.8501661 2.5508971 1.7001502 1.6411311 1.5978118 1.6828084 2.6687872 1.8501661 1.7642135 2.3283491 2.3808180 1.3687756 1.5249391 2.4856395 1.6742856 2.2332846 1.6211291 1.0516331 0.0000000 2.5508971 3.6326859 2.3808180 2.4610471 
taxon_27   2.1409903 1.8395276 1.6871064 1.7269388 1.5978118 2.4610471 2.3283491 2.2513582 1.6211291 2.3083479 2.0588186 2.3385533 2.4256075 1.7984214 2.8687587 2.1025203 1.6957770 1.5249391 2.3385533 3.1728576 1.9291865 3.4314875 1.8609577 3.0054999 1.7314981 2.5508971 0.0000000 0.6441599 0.3000190 1.4366018 
taxon_28   2.3385533 1.8238476 1.8238476 1.8448280 1.7134247 2.3808180 2.2888663 2.7897379 1.7224063 2.5373836 2.1489268 2.4982447 2.5646599 1.8395276 2.2605609 2.1489268 1.7835695 1.7001502 2.7531456 2.6375327 1.7500176 2.9116275 1.8830181 3.8294576 1.7738288 3.6326859 0.6441599 0.0000000 0.5504769 1.4943226 
taxon_29   2.0378870 1.7269388 1.6785349 1.6700603 1.5789192 2.4732425 2.4028785 2.2888663 1.6093799 2.6375327 2.0447995 2.1899206 2.4982447 1.7453447 2.6375327 1.9173752 1.7269388 1.5826598 2.0876683 2.8482095 1.6914292 3.1128248 1.7786825 2.6687872 1.6700603 2.3808180 0.3000190 0.5504769 0.0000000 1.4304533 
taxon_30   1.6290665 1.7179021 1.7045490 1.5901976 1.4843887 2.2513582 2.2244085 2.1409903 1.5354288 2.1650565 1.8501661 2.3283491 2.0950575 1.5568588 2.0447995 1.6742856 1.5864192 1.5901976 2.2605609 2.4256075 1.6616803 2.4028785 1.6742856 2.2888663 1.5789192 2.4610471 1.4366018 1.4943226 1.4304533 0.0000000 
