30
taxon_1    0.0000000 1.4674756 2.4141569 2.7372441 3.4054737 3.4538776 3.2381161 9.0000000 9.0000000 9.0000000 2.6467731 3.1013749 2.8625346 3.2765861 5.4849153 2.9594434 2.9340173 2.7567257 9.0000000 4.4451945 9.0000000 4.6609561 9.0000000 9.0000000 3.1332946 4.0254827 4.1410957 4.6609561 3.5612033 2.3313958 
taxon_2    1.4674756 0.0000000 1.8577039 2.5071964 2.4267622 9.0000000 3.1013749 3.1332946 5.4849153 3.8369969 4.1410957 4.4451945 2.7567257 2.7567257 4.2778369 2.8184042 2.5508980 2.8184042 3.2015235 3.1666335 2.6640152 2.1707848 2.9857619 2.6467731 2.9594434 2.8184042 2.4395830 9.0000000 9.0000000 1.7523650 
taxon_3    2.4141569 1.8577039 0.0000000 0.8061718 0.7593259 1.5985776 1.1752629 1.6242944 1.5737135 1.8458926 1.5536050 1.4890082 1.0337446 1.7733454 1.5860425 3.2381161 2.7972761 2.6640152 2.7372441 2.6467731 2.5508980 1.9197226 3.6864938 3.4538776 3.5056223 3.0413429 2.4526268 9.0000000 2.2568665 1.1610220 
taxon_4    2.7372441 2.5071964 0.8061718 0.0000000 0.6723661 1.8757770 1.4963253 1.9393744 1.9197226 1.9197226 1.7627818 1.6832371 1.2669022 2.1354842 2.2078294 3.1666335 3.3600053 2.7567257 3.3171365 3.4538776 3.1013749 2.5973046 9.0000000 9.0000000 3.2765861 2.5071964 2.6640152 4.9650549 2.9094249 1.6832371 
taxon_5    3.4054737 2.4267622 0.7593259 0.6723661 0.0000000 1.9132848 1.3172942 1.7420909 1.5417938 2.0695076 1.8004241 1.6600155 1.2120952 1.8285173 1.7575553 2.9594434 2.7567257 3.6212353 9.0000000 9.0000000 3.1013749 2.6816631 9.0000000 5.4849153 2.9594434 3.3600053 2.9857619 9.0000000 2.2879054 1.6600155 
taxon_6    3.4538776 9.0000000 1.5985776 1.8757770 1.9132848 0.0000000 1.0007510 1.4096238 1.2615065 2.4017599 2.2670707 2.6299184 2.0385754 2.6467731 2.5815145 3.4538776 3.8369969 3.3600053 9.0000000 9.0000000 4.4451945 4.4451945 9.0000000 9.0000000 9.0000000 9.0000000 3.2381161 3.4538776 3.6212353 2.5815145 
taxon_7    3.2381161 3.1013749 1.1752629 1.4963253 1.3172942 1.0007510 0.0000000 0.5769814 0.4667836 2.3657530 1.9005727 2.1618027 1.6286676 2.2985439 2.4267622 4.2778369 3.9253341 2.5508980 3.4054737 2.6299184 2.4267622 3.2765861 9.0000000 9.0000000 3.5612033 3.1332946 2.9094249 3.7579765 3.2765861 1.8757770 
taxon_8    9.0000000 3.1332946 1.6242944 1.9393744 1.7420909 1.4096238 0.5769814 0.0000000 0.7579511 2.6134342 2.1618027 2.7182557 1.9595550 2.6134342 3.2765861 3.8369969 3.8369969 2.9094249 9.0000000 2.9094249 3.4538776 2.9594434 3.5056223 3.6864938 3.6212353 3.5056223 4.2778369 4.4451945 2.4659015 2.4395830 
taxon_9    9.0000000 5.4849153 1.5737135 1.9197226 1.5417938 1.2615065 0.4667836 0.7579511 0.0000000 2.7972761 2.3657530 2.4017599 1.7170049 2.5973046 2.8856134 5.4849153 4.1410957 2.7372441 5.4849153 2.6299184 2.3202845 3.5056223 4.6609561 3.4054737 3.7579765 3.6864938 4.1410957 3.8369969 3.1013749 2.2670707 
taxon_10   9.0000000 3.8369969 1.8458926 1.9197226 2.0695076 2.4017599 2.3657530 2.6134342 2.7972761 0.0000000 1.4465440 1.9005727 1.4963253 2.8401449 2.2270612 4.6609561 3.4538776 4.9650549 3.2765861 3.4538776 2.9094249 2.4931773 2.8625346 2.5660501 9.0000000 4.0254827 2.7972761 3.2381161 3.1332946 2.5214825 
taxon_11   2.6467731 4.1410957 1.5536050 1.7627818 1.8004241 2.2670707 1.9005727 2.1618027 2.3657530 1.4465440 0.0000000 1.7472103 1.3589716 2.3657530 2.5071964 2.7372441 3.2381161 3.1013749 2.5973046 4.9650549 3.2381161 3.3171365 3.3171365 3.6212353 9.0000000 9.0000000 2.4267622 9.0000000 2.9340173 2.2467992 
taxon_12   3.1013749 4.4451945 1.4890082 1.6832371 1.6600155 2.6299184 2.1618027 2.7182557 2.4017599 1.9005727 1.7472103 0.0000000 0.8800019 2.4526268 2.6299184 2.8856134 2.8401449 4.6609561 3.5056223 9.0000000 9.0000000 2.6816631 9.0000000 9.0000000 9.0000000 3.4054737 2.9094249 9.0000000 3.2381161 2.4267622 
taxon_13   2.8625346 2.7567257 1.0337446 1.2669022 1.2120952 2.0385754 1.6286676 1.9595550 1.7170049 1.4963253 1.3589716 0.8800019 0.0000000 1.8880724 1.7786835 2.8856134 2.9594434 3.1666335 3.4054737 3.0413429 3.1332946 2.2270612 3.4538776 3.1666335 3.9253341 2.7372441 2.9094249 3.6864938 2.8625346 1.9005727 
taxon_14   3.2765861 2.7567257 1.7733454 2.1354842 1.8285173 2.6467731 2.2985439 2.6134342 2.5973046 2.8401449 2.3657530 2.4526268 1.8880724 0.0000000 2.6467731 3.9253341 4.6609561 3.1332946 2.7767269 4.0254827 3.5056223 3.4054737 9.0000000 3.0130376 3.1332946 9.0000000 9.0000000 3.4054737 2.8401449 2.1890784 
taxon_15   5.4849153 4.2778369 1.5860425 2.2078294 1.7575553 2.5815145 2.4267622 3.2765861 2.8856134 2.2270612 2.5071964 2.6299184 1.7786835 2.6467731 0.0000000 2.4931773 2.4395830 9.0000000 9.0000000 2.8625346 2.8625346 2.9340173 3.2015235 3.3600053 3.9253341 9.0000000 4.4451945 3.4054737 3.4538776 2.6640152 
taxon_16   2.9594434 2.8184042 3.2381161 3.1666335 2.9594434 3.4538776 4.2778369 3.8369969 5.4849153 4.6609561 2.7372441 2.8856134 2.8856134 3.9253341 2.4931773 0.0000000 0.3192509 9.0000000 9.0000000 2.2879054 2.1529268 2.2985439 3.7579765 4.2778369 3.3171365 2.6816631 2.4659015 3.0130376 3.9253341 2.0935739 
taxon_17   2.9340173 2.5508980 2.7972761 3.3600053 2.7567257 3.8369969 3.9253341 3.8369969 4.1410957 3.4538776 3.2381161 2.8401449 2.9594434 4.6609561 2.4395830 0.3192509 0.0000000 9.0000000 3.1666335 2.6467731 2.4931773 2.2985439 2.5660501 2.8625346 3.0413429 2.4794154 2.2985439 2.9594434 3.8369969 2.0161857 
taxon_18   2.7567257 2.8184042 2.6640152 2.7567257 3.6212353 3.3600053 2.5508980 2.9094249 2.7372441 4.9650549 3.1013749 4.6609561 3.1666335 3.1332946 9.0000000 9.0000000 9.0000000 0.0000000 0.9783054 1.4639462 1.4228400 1.8880724 2.9340173 2.8184042 3.1332946 2.7182557 2.6640152 2.8401449 2.9857619 2.6816631 
taxon_19   9.0000000 3.2015235 2.7372441 3.3171365 9.0000000 9.0000000 3.4054737 9.0000000 5.4849153 3.2765861 2.5973046 3.5056223 3.4054737 2.7767269 9.0000000 9.0000000 3.1666335 0.9783054 0.0000000 1.3682120 1.3408256 1.9944450 2.8401449 3.6212353 9.0000000 2.8184042 2.3093354 3.1013749 2.9340173 2.2270612 
taxon_20   4.4451945 3.1666335 2.6467731 3.4538776 9.0000000 9.0000000 2.6299184 2.9094249 2.6299184 3.4538776 4.9650549 9.0000000 3.0413429 4.0254827 2.8625346 2.2879054 2.6467731 1.4639462 1.3682120 0.0000000 0.2197723 1.6374913 2.9094249 2.8401449 2.6997362 2.1354842 1.7949296 2.7567257 2.9857619 1.9005727 
taxon_21   9.0000000 2.6640152 2.5508980 3.1013749 3.1013749 4.4451945 2.4267622 3.4538776 2.3202845 2.9094249 3.2381161 9.0000000 3.1332946 3.5056223 2.8625346 2.1529268 2.4931773 1.4228400 1.3408256 0.2197723 0.0000000 1.6286676 2.9594434 2.6299184 2.9094249 2.1354842 1.7472103 2.7972761 2.7182557 1.9197226 
taxon_22   4.6609561 2.1707848 1.9197226 2.5973046 2.6816631 4.4451945 3.2765861 2.9594434 3.5056223 2.4931773 3.3171365 2.6816631 2.2270612 3.4054737 2.9340173 2.2985439 2.2985439 1.8880724 1.9944450 1.6374913 1.6286676 0.0000000 1.5696484 1.5860425 1.5457102 1.2070784 0.7648508 2.1983953 2.3313958 1.4031020 
taxon_23   9.0000000 2.9857619 3.6864938 9.0000000 9.0000000 9.0000000 9.0000000 3.5056223 4.6609561 2.8625346 3.3171365 9.0000000 3.4538776 9.0000000 3.2015235 3.7579765 2.5660501 2.9340173 2.8401449 2.9094249 2.9594434 1.5696484 0.0000000 0.2170961 2.7972761 2.2670707 1.6374913 4.1410957 2.6997362 2.5360461 
taxon_24   9.0000000 2.6467731 3.4538776 9.0000000 5.4849153 9.0000000 9.0000000 3.6864938 3.4054737 2.5660501 3.6212353 9.0000000 3.1666335 3.0130376 3.3600053 4.2778369 2.8625346 2.8184042 3.6212353 2.8401449 2.6299184 1.5860425 0.2170961 0.0000000 2.9094249 2.2879054 1.6975233 2.7972761 2.5508980 2.3895645 
taxon_25   3.1332946 2.9594434 3.5056223 3.2765861 2.9594434 9.0000000 3.5612033 3.6212353 3.7579765 9.0000000 9.0000000 9.0000000 3.9253341 3.1332946 3.9253341 3.3171365 3.0413429 3.1332946 9.0000000 2.6997362 2.9094249 1.5457102 2.7972761 2.9094249 0.0000000 0.4042474 0.7988831 9.0000000 2.5071964 2.8184042 
taxon_26   4.0254827 2.8184042 3.0413429 2.5071964 3.3600053 9.0000000 3.1332946 3.5056223 3.6864938 4.0254827 9.0000000 3.4054737 2.7372441 9.0000000 9.0000000 2.6816631 2.4794154 2.7182557 2.8184042 2.1354842 2.1354842 1.2070784 2.2670707 2.2879054 0.4042474 0.0000000 0.4411401 2.8184042 2.3895645 2.0461897 
taxon_27   4.1410957 2.4395830 2.4526268 2.6640152 2.9857619 3.2381161 2.9094249 4.2778369 4.1410957 2.7972761 2.4267622 2.9094249 2.9094249 9.0000000 4.4451945 2.4659015 2.2985439 2.6640152 2.3093354 1.7949296 1.7472103 0.7648508 1.6374913 1.6975233 0.7988831 0.4411401 0.0000000 2.3202845 2.0616541 1.5985776 
taxon_28   4.6609561 9.0000000 9.0000000 4.9650549 9.0000000 3.4538776 3.7579765 4.4451945 3.8369969 3.2381161 9.0000000 9.0000000 3.6864938 3.4054737 3.4054737 3.0130376 2.9594434 2.8401449 3.1013749 2.7567257 2.7972761 2.1983953 4.1410957 2.7972761 9.0000000 2.8184042 2.3202845 0.0000000 2.3541248 2.2467992 
taxon_29   3.5612033 9.0000000 2.2568665 2.9094249 2.2879054 3.6212353 3.2765861 2.4659015 3.1013749 3.1332946 2.9340173 3.2381161 2.8625346 2.8401449 3.4538776 3.9253341 3.8369969 2.9857619 2.9340173 2.9857619 2.7182557 2.3313958 2.6997362 2.5508980 2.5071964 2.3895645 2.0616541 2.3541248 0.0000000 2.1269127 
taxon_30   2.3313958 1.7523650 1.1610220 1.6832371 1.6600155 2.5815145 1.8757770 2.4395830 2.2670707 2.5214825 2.2467992 2.4267622 1.9005727 2.1890784 2.6640152 2.0935739 2.0161857 2.6816631 2.2270612 1.9005727 1.9197226 1.4031020 2.5360461 2.3895645 2.8184042 2.0461897 1.5985776 2.2467992 2.1269127 0.0000000 
