RF=0.361702
WRF=0.041033
