30
taxon_1    0.0000000 1.8186930 9.0000000 9.0000000 1.9173752 1.7179026 1.6370879 9.0000000 1.7134249 9.0000000 1.6742856 9.0000000 9.0000000 1.7547198 9.0000000 9.0000000 1.6914292 1.6370879 1.6093803 9.0000000 9.0000000 9.0000000 9.0000000 1.8135735 1.7500176 1.5826599 3.6326859 1.6700603 9.0000000 3.7579765 
taxon_2    1.8186930 0.0000000 0.7624601 9.0000000 1.7738291 1.8501661 1.8395276 9.0000000 1.8135735 9.0000000 1.6171929 9.0000000 9.0000000 1.5604908 9.0000000 9.0000000 2.1569481 1.9720553 1.8886361 9.0000000 9.0000000 9.0000000 9.0000000 1.7738291 1.8342644 1.6330665 3.9084795 1.8342644 9.0000000 2.5646599 
taxon_3    9.0000000 0.7624601 0.0000000 1.7045491 9.0000000 9.0000000 9.0000000 1.6871065 3.2381161 1.8999999 9.0000000 1.8555425 1.7407007 9.0000000 1.9411867 1.7594516 9.0000000 9.0000000 9.0000000 2.0310376 1.6828084 1.6411311 1.7134249 9.0000000 9.0000000 3.3095987 1.5214749 9.0000000 1.7224071 1.1314745 
taxon_4    9.0000000 9.0000000 1.7045491 0.0000000 1.5354288 2.5373842 3.9968168 1.5389582 1.3410973 1.7360853 9.0000000 1.6211299 1.7786835 9.0000000 1.7314981 1.7269388 9.0000000 9.0000000 9.0000000 1.6616803 1.6828084 1.6290665 1.6828084 9.0000000 9.0000000 5.5562928 1.5789192 9.0000000 1.6957771 1.5010191 
taxon_5    1.9173752 1.7738291 9.0000000 1.5354288 0.0000000 1.3830076 1.4649071 2.4610471 0.6075161 9.0000000 1.7934380 9.0000000 9.0000000 1.6370879 9.0000000 9.0000000 1.6871065 1.7269388 1.7984215 9.0000000 9.0000000 9.0000000 9.0000000 1.7642136 1.5641404 1.5460673 2.6687871 1.8342644 9.0000000 2.1569481 
taxon_6    1.7179026 1.8501661 9.0000000 2.5373842 1.3830076 0.0000000 1.1957994 1.6700603 1.0315830 9.0000000 1.7134249 9.0000000 3.6927164 1.7045491 9.0000000 9.0000000 1.6575252 1.6575252 1.5425043 9.0000000 3.9084795 9.0000000 4.7324386 1.7690059 1.7407007 1.5389582 3.2047772 1.7407007 3.7579765 3.0845203 
taxon_7    1.6370879 1.8395276 9.0000000 3.9968168 1.4649071 1.1957994 0.0000000 0.7524765 1.2539678 9.0000000 1.7407007 9.0000000 9.0000000 1.7786835 9.0000000 9.0000000 1.8942965 1.7224071 1.8448280 9.0000000 9.0000000 9.0000000 9.0000000 1.9173752 1.9411867 1.7134249 9.0000000 1.7045491 9.0000000 9.0000000 
taxon_8    9.0000000 9.0000000 1.6871065 1.5389582 2.4610471 1.6700603 0.7524765 0.0000000 1.7045491 1.8501661 9.0000000 1.7360853 1.7224071 9.0000000 1.8290379 1.7407007 9.0000000 9.0000000 9.0000000 1.7269388 1.6828084 1.6957771 1.7884875 9.0000000 9.0000000 3.5253603 1.5641404 9.0000000 1.6828084 1.6957771 
taxon_9    1.7134249 1.8135735 3.2381161 1.3410973 0.6075161 1.0315830 1.2539678 1.7045491 0.0000000 3.3480687 1.7269388 3.1422401 9.0000000 1.5751972 9.0000000 9.0000000 1.6055043 1.5532444 1.5751972 9.0000000 3.5253603 3.8294585 9.0000000 1.6616803 1.5901977 1.2860988 1.8135735 1.7045491 3.2047772 1.5010191 
taxon_10   9.0000000 9.0000000 1.8999999 1.7360853 9.0000000 9.0000000 9.0000000 1.8501661 3.3480687 0.0000000 1.0516328 1.5978119 1.5249391 9.0000000 1.6575252 1.6785349 3.6927164 3.0054999 2.6849167 1.5826599 1.7001503 1.6290665 1.6171929 9.0000000 4.7324386 2.2069664 1.3858867 9.0000000 1.7407007 1.5641404 
taxon_11   1.6742856 1.6171929 9.0000000 9.0000000 1.7934380 1.7134249 1.7407007 9.0000000 1.7269388 1.0516328 0.0000000 3.5253603 4.5166766 1.7547198 9.0000000 9.0000000 1.6211299 1.5714934 1.5460673 5.5562928 9.0000000 5.0365368 5.5562928 1.8238476 1.7835695 1.4304543 2.7354970 1.6871065 9.0000000 3.2730061 
taxon_12   9.0000000 9.0000000 1.8555425 1.6211299 9.0000000 9.0000000 9.0000000 1.7360853 3.1422401 1.5978119 3.5253603 0.0000000 1.4153022 9.0000000 1.5111773 1.5180266 2.3700265 3.1422401 2.4490469 1.6330665 1.6411311 1.5864193 1.6211299 9.0000000 3.0054999 2.7014008 1.3887769 9.0000000 1.6093803 1.6211299 
taxon_13   9.0000000 9.0000000 1.7407007 1.7786835 9.0000000 3.6927164 9.0000000 1.7224071 9.0000000 1.5249391 4.5166766 1.4153022 0.0000000 3.3095987 1.4811064 1.4304543 2.0108570 2.2605602 2.2332847 1.6533929 1.5532444 1.4459187 1.4304543 3.3095987 2.4732425 2.0447995 1.3520464 9.0000000 1.5010191 1.5043899 
taxon_14   1.7547198 1.5604908 9.0000000 9.0000000 1.6370879 1.7045491 1.7786835 9.0000000 1.5751972 9.0000000 1.7547198 9.0000000 3.3095987 0.0000000 2.7897383 2.9570953 1.4585241 1.4745846 1.4553528 9.0000000 3.2730061 2.7182552 3.0309260 1.4396946 1.4063558 1.3945909 2.3593880 1.5901977 3.4769564 3.1128255 
taxon_15   9.0000000 9.0000000 1.9411867 1.7314981 9.0000000 9.0000000 9.0000000 1.8290379 9.0000000 1.6575252 9.0000000 1.5111773 1.4811064 2.7897383 0.0000000 1.4909967 2.0803511 2.2513577 2.0108570 1.7045491 1.6171929 1.4273993 1.4093261 9.0000000 3.0572444 2.4141569 1.3065779 9.0000000 1.4811064 1.7134249 
taxon_16   9.0000000 9.0000000 1.7594516 1.7269388 9.0000000 9.0000000 9.0000000 1.7407007 9.0000000 1.6785349 9.0000000 1.5180266 1.4304543 2.9570953 1.4909967 0.0000000 0.8131287 2.0042491 2.0108570 1.6211299 1.8135735 1.6451961 1.8238476 9.0000000 9.0000000 2.3083479 1.3858867 9.0000000 1.5010191 1.5901977 
taxon_17   1.6914292 2.1569481 9.0000000 9.0000000 1.6871065 1.6575252 1.8942965 9.0000000 1.6055043 3.6927164 1.6211299 2.3700265 2.0108570 1.4585241 2.0803511 0.8131287 0.0000000 1.0016143 1.0369982 9.0000000 3.3480687 2.4256075 2.7712189 1.6330665 1.4243567 1.2419676 1.8034382 1.6658586 2.5786790 2.8687587 
taxon_18   1.6370879 1.9720553 9.0000000 9.0000000 1.7269388 1.6575252 1.7224071 9.0000000 1.5532444 3.0054999 1.5714934 3.1422401 2.2605602 1.4745846 2.2513577 2.0042491 1.0016143 0.0000000 0.5045629 3.0845203 3.9968168 2.3083479 2.4732425 1.5389582 1.3091776 1.1824855 1.6370879 1.5978119 2.4732425 2.9340171 
taxon_19   1.6093803 1.8886361 9.0000000 9.0000000 1.7984215 1.5425043 1.8448280 9.0000000 1.5751972 2.6849167 1.5460673 2.4490469 2.2332847 1.4553528 2.0108570 2.0108570 1.0369982 0.5045629 0.0000000 3.3480687 3.1128255 2.1253645 2.8282083 1.4943226 1.2637091 1.2048085 1.7269388 1.6742856 2.2513577 2.8482095 
taxon_20   9.0000000 9.0000000 2.0310376 1.6616803 9.0000000 9.0000000 9.0000000 1.7269388 9.0000000 1.5826599 5.5562928 1.6330665 1.6533929 9.0000000 1.7045491 1.6211299 9.0000000 3.0845203 3.3480687 0.0000000 1.5789192 1.4553528 1.6093803 9.0000000 3.3886191 2.2513577 1.4396946 9.0000000 1.5389582 1.6016483 
taxon_21   9.0000000 9.0000000 1.6828084 1.6828084 9.0000000 3.9084795 9.0000000 1.6828084 3.5253603 1.7001503 9.0000000 1.6411311 1.5532444 3.2730061 1.6171929 1.8135735 3.3480687 3.9968168 3.1128255 1.5789192 0.0000000 1.2860988 1.4213264 2.5241095 2.0803511 2.3083479 1.3744361 9.0000000 1.4811064 1.4843887 
taxon_22   9.0000000 9.0000000 1.6411311 1.6290665 9.0000000 9.0000000 9.0000000 1.6957771 3.8294585 1.6290665 5.0365368 1.5864193 1.4459187 2.7182552 1.4273993 1.6451961 2.4256075 2.3083479 2.1253645 1.4553528 1.2860988 0.0000000 0.8349484 1.2835778 0.9678249 1.8135735 1.2048085 9.0000000 1.5284194 1.6132764 
taxon_23   9.0000000 9.0000000 1.7134249 1.6828084 9.0000000 4.7324386 9.0000000 1.7884875 9.0000000 1.6171929 5.5562928 1.6211299 1.4304543 3.0309260 1.4093261 1.8238476 2.7712189 2.4732425 2.8282083 1.6093803 1.4213264 0.8349484 0.0000000 1.4428002 1.0665586 2.1650562 1.2515523 4.7324386 1.4876854 1.6785349 
taxon_24   1.8135735 1.7738291 9.0000000 9.0000000 1.7642136 1.7690059 1.9173752 9.0000000 1.6616803 9.0000000 1.8238476 9.0000000 3.3095987 1.4396946 9.0000000 9.0000000 1.6330665 1.5389582 1.4943226 9.0000000 2.5241095 1.2835778 1.4428002 0.0000000 0.6044570 1.4123082 2.5110657 1.6055043 3.3095987 9.0000000 
taxon_25   1.7500176 1.8342644 9.0000000 9.0000000 1.5641404 1.7407007 1.9411867 9.0000000 1.5901977 4.7324386 1.7835695 3.0054999 2.4732425 1.4063558 3.0572444 9.0000000 1.4243567 1.3091776 1.2637091 3.3886191 2.0803511 0.9678249 1.0665586 0.6044570 0.0000000 1.2539678 1.8448280 1.5978119 2.8687587 3.6927164 
taxon_26   1.5826599 1.6330665 3.3095987 5.5562928 1.5460673 1.5389582 1.7134249 3.5253603 1.2860988 2.2069664 1.4304543 2.7014008 2.0447995 1.3945909 2.4141569 2.3083479 1.2419676 1.1824855 1.2048085 2.2513577 2.3083479 1.8135735 2.1650562 1.4123082 1.2539678 0.0000000 0.6883553 1.3659614 1.4976634 1.8830181 
taxon_27   3.6326859 3.9084795 1.5214749 1.5789192 2.6687871 3.2047772 9.0000000 1.5641404 1.8135735 1.3858867 2.7354970 1.3887769 1.3520464 2.3593880 1.3065779 1.3858867 1.8034382 1.6370879 1.7269388 1.4396946 1.3744361 1.2048085 1.2515523 2.5110657 1.8448280 0.6883553 0.0000000 2.2793120 0.9498697 1.1092057 
taxon_28   1.6700603 1.8342644 9.0000000 9.0000000 1.8342644 1.7407007 1.7045491 9.0000000 1.7045491 9.0000000 1.6871065 9.0000000 9.0000000 1.5901977 9.0000000 9.0000000 1.6658586 1.5978119 1.6742856 9.0000000 9.0000000 9.0000000 4.7324386 1.6055043 1.5978119 1.3659614 2.2793120 0.0000000 2.7354970 9.0000000 
taxon_29   9.0000000 9.0000000 1.7224071 1.6957771 9.0000000 3.7579765 9.0000000 1.6828084 3.2047772 1.7407007 9.0000000 1.6093803 1.5010191 3.4769564 1.4811064 1.5010191 2.5786790 2.4732425 2.2513577 1.5389582 1.4811064 1.5284194 1.4876854 3.3095987 2.8687587 1.4976634 0.9498697 2.7354970 0.0000000 1.4811064 
taxon_30   3.7579765 2.5646599 1.1314745 1.5010191 2.1569481 3.0845203 9.0000000 1.6957771 1.5010191 1.5641404 3.2730061 1.6211299 1.5043899 3.1128255 1.7134249 1.5901977 2.8687587 2.9340171 2.8482095 1.6016483 1.4843887 1.6132764 1.6785349 9.0000000 3.6927164 1.8830181 1.1092057 9.0000000 1.4811064 0.0000000 
