RF=0.787234
WRF=0.022236
