30
taxon_1    0.0000000 3.5771049 1.4553527 5.5562928 9.0000000 3.1728575 1.5214747 9.0000000 1.6411306 1.6171924 1.6211295 1.7500166 9.0000000 9.0000000 9.0000000 9.0000000 1.7406998 4.5166766 1.6533924 9.0000000 3.2047772 1.7594507 9.0000000 1.6330660 9.0000000 9.0000000 1.6132760 1.7045484 1.6211295 1.7001496 
taxon_2    3.5771049 0.0000000 1.4490501 1.2962684 1.2419684 1.1672460 3.8294580 1.7594507 5.0365368 9.0000000 4.5166766 9.0000000 1.7934380 2.0108571 1.7453437 1.7269380 9.0000000 1.6451956 9.0000000 1.7690059 1.8501661 9.0000000 1.7835695 9.0000000 1.7738291 1.7594507 9.0000000 9.0000000 9.0000000 9.0000000 
taxon_3    1.4553527 1.4490501 0.0000000 1.3520463 1.3410972 1.1376647 1.3603643 9.0000000 1.6211295 1.7453437 1.6250872 1.7547188 9.0000000 3.3886191 9.0000000 9.0000000 1.5532441 5.0365368 1.8342645 9.0000000 9.0000000 1.8186930 9.0000000 1.6492828 4.3493195 9.0000000 1.6742850 1.6700597 1.6290660 1.4273992 
taxon_4    5.5562928 1.2962684 1.3520463 0.0000000 1.1355958 1.0297868 2.8898869 1.6700597 9.0000000 9.0000000 4.3493195 9.0000000 1.8448280 1.7001496 1.6658580 1.7690059 9.0000000 1.4976632 9.0000000 1.8290380 1.7738291 9.0000000 1.6093799 9.0000000 1.6658580 1.7269380 9.0000000 9.0000000 9.0000000 5.0365368 
taxon_5    9.0000000 1.2419684 1.3410972 1.1355958 0.0000000 0.8239592 3.1422410 1.6785343 3.4769563 9.0000000 9.0000000 9.0000000 1.7406998 1.6451956 1.7134242 1.8238476 9.0000000 1.7045484 9.0000000 1.7089732 1.7547188 9.0000000 1.7984215 9.0000000 1.8238476 1.7045484 9.0000000 9.0000000 9.0000000 9.0000000 
taxon_6    3.1728575 1.1672460 1.1376647 1.0297868 0.8239592 0.0000000 3.2381159 1.7224063 9.0000000 9.0000000 4.5166766 9.0000000 1.7690059 1.5864190 1.7045484 1.7547188 9.0000000 1.6785343 9.0000000 1.6785343 1.6370875 9.0000000 1.7089732 4.0969653 1.7001496 1.6957764 9.0000000 9.0000000 9.0000000 4.5166766 
taxon_7    1.5214747 3.8294580 1.3603643 2.8898869 3.1422410 3.2381159 0.0000000 2.6223806 1.1565469 1.4681189 1.2860988 1.4811063 9.0000000 1.7594507 2.1025203 2.6375326 1.4183081 3.2047772 1.3801395 3.8294580 2.8482095 1.5496470 2.2793120 1.5145939 2.5373841 3.2047772 1.3744360 1.3014054 1.3014054 1.5319157 
taxon_8    9.0000000 1.7594507 9.0000000 1.6700597 1.6785343 1.7224063 2.6223806 0.0000000 2.3593880 3.9084795 2.8482095 9.0000000 1.8238476 1.5010189 1.6616797 1.7224063 4.2125759 1.7179018 9.0000000 1.8135735 1.8448280 9.0000000 1.8034382 9.0000000 1.8501661 1.7835695 9.0000000 9.0000000 5.5562928 9.0000000 
taxon_9    1.6411306 5.0365368 1.6211295 9.0000000 3.4769563 9.0000000 1.1565469 2.3593880 0.0000000 1.1012695 0.8104453 1.6290660 9.0000000 2.3917671 2.3917671 9.0000000 1.5826596 9.0000000 1.6914286 9.0000000 4.2125759 1.7314973 3.6326857 1.6411306 9.0000000 9.0000000 1.6742850 1.3772823 1.5604905 1.6211295 
taxon_10   1.6171924 9.0000000 1.7453437 9.0000000 9.0000000 9.0000000 1.4681189 3.9084795 1.1012695 0.0000000 0.8617118 1.7453437 9.0000000 9.0000000 9.0000000 9.0000000 1.7786835 9.0000000 1.8342645 9.0000000 9.0000000 1.9115386 9.0000000 1.8555425 9.0000000 9.0000000 1.8555425 1.6785343 1.6411306 1.6492828 
taxon_11   1.6211295 4.5166766 1.6250872 4.3493195 9.0000000 4.5166766 1.2860988 2.8482095 0.8104453 0.8617118 0.0000000 1.5425041 9.0000000 2.9340173 3.0572445 9.0000000 1.5319157 9.0000000 1.6016479 9.0000000 9.0000000 1.7547188 3.2381159 1.5789189 3.1728575 4.7324386 1.5714931 1.5678076 1.6016479 1.7453437 
taxon_12   1.7500166 9.0000000 1.7547188 9.0000000 9.0000000 9.0000000 1.4811063 9.0000000 1.6290660 1.7453437 1.5425041 0.0000000 9.0000000 2.4732425 9.0000000 9.0000000 1.5532441 4.3493195 1.6533924 9.0000000 9.0000000 1.9115386 9.0000000 1.7224063 9.0000000 9.0000000 1.6093799 1.6957764 1.8238476 1.7045484 
taxon_13   9.0000000 1.7934380 9.0000000 1.8448280 1.7406998 1.7690059 9.0000000 1.8238476 9.0000000 9.0000000 9.0000000 9.0000000 0.0000000 1.1355958 1.1980422 1.4617086 2.1409903 1.7500166 9.0000000 1.7269380 1.6957764 9.0000000 1.7045484 9.0000000 1.6616797 1.7406998 9.0000000 9.0000000 9.0000000 9.0000000 
taxon_14   9.0000000 2.0108571 3.3886191 1.7001496 1.6451956 1.5864190 1.7594507 1.5010189 2.3917671 9.0000000 2.9340173 2.4732425 1.1355958 0.0000000 0.5657835 0.9370764 1.0442800 1.5043897 9.0000000 1.6171924 1.6290660 9.0000000 1.5901973 3.0845203 1.5180264 1.5678076 3.0572445 2.6375326 2.9116275 3.9084795 
taxon_15   9.0000000 1.7453437 9.0000000 1.6658580 1.7134242 1.7045484 2.1025203 1.6616797 2.3917671 9.0000000 3.0572445 9.0000000 1.1980422 0.5657835 0.0000000 0.9323345 1.0741347 1.5496470 9.0000000 1.6785343 1.6211295 9.0000000 1.5901973 2.7897376 1.5532441 1.6171924 3.7579765 3.3480687 2.6375326 9.0000000 
taxon_16   9.0000000 1.7269380 9.0000000 1.7690059 1.8238476 1.7547188 2.6375326 1.7224063 9.0000000 9.0000000 9.0000000 9.0000000 1.4617086 0.9370764 0.9323345 0.0000000 0.9612460 1.6828078 9.0000000 1.6742850 1.8238476 9.0000000 1.6871058 9.0000000 1.6828078 1.6871058 9.0000000 9.0000000 3.5253596 9.0000000 
taxon_17   1.7406998 9.0000000 1.5532441 9.0000000 9.0000000 9.0000000 1.4183081 4.2125759 1.5826596 1.7786835 1.5319157 1.5532441 2.1409903 1.0442800 1.0741347 0.9612460 0.0000000 9.0000000 1.7934380 9.0000000 9.0000000 1.9411868 9.0000000 1.6330660 9.0000000 9.0000000 1.6742850 1.7179018 1.6016479 1.6828078 
taxon_18   4.5166766 1.6451956 5.0365368 1.4976632 1.7045484 1.6785343 3.2047772 1.7179018 9.0000000 9.0000000 9.0000000 4.3493195 1.7500166 1.5043897 1.5496470 1.6828078 9.0000000 0.0000000 2.3283491 1.4093260 1.4909965 9.0000000 1.7134242 9.0000000 1.6370875 1.6914286 9.0000000 9.0000000 9.0000000 9.0000000 
taxon_19   1.6533924 9.0000000 1.8342645 9.0000000 9.0000000 9.0000000 1.3801395 9.0000000 1.6914286 1.8342645 1.6016479 1.6533924 9.0000000 9.0000000 9.0000000 9.0000000 1.7934380 2.3283491 0.0000000 1.1052273 0.9964480 1.7001496 9.0000000 1.6914286 5.0365368 9.0000000 1.6411306 1.6785343 1.5864190 1.6451956 
taxon_20   9.0000000 1.7690059 9.0000000 1.8290380 1.7089732 1.6785343 3.8294580 1.8135735 9.0000000 9.0000000 9.0000000 9.0000000 1.7269380 1.6171924 1.6785343 1.6742850 9.0000000 1.4093260 1.1052273 0.0000000 0.3519575 3.7579765 1.7269380 9.0000000 1.4943224 1.6658580 3.2047772 9.0000000 9.0000000 9.0000000 
taxon_21   3.2047772 1.8501661 9.0000000 1.7738291 1.7547188 1.6370875 2.8482095 1.8448280 4.2125759 9.0000000 9.0000000 9.0000000 1.6957764 1.6290660 1.6211295 1.8238476 9.0000000 1.4909965 0.9964480 0.3519575 0.0000000 9.0000000 1.6411306 9.0000000 1.5319157 1.5496470 3.0845203 9.0000000 9.0000000 9.0000000 
taxon_22   1.7594507 9.0000000 1.8186930 9.0000000 9.0000000 9.0000000 1.5496470 9.0000000 1.7314973 1.9115386 1.7547188 1.9115386 9.0000000 9.0000000 9.0000000 9.0000000 1.9411868 9.0000000 1.7001496 3.7579765 9.0000000 0.0000000 3.1422410 1.5678076 2.7897376 2.8482095 1.4909965 1.3575814 1.6575246 1.7835695 
taxon_23   9.0000000 1.7835695 9.0000000 1.6093799 1.7984215 1.7089732 2.2793120 1.8034382 3.6326857 9.0000000 3.2381159 9.0000000 1.7045484 1.5901973 1.5901973 1.6871058 9.0000000 1.7134242 9.0000000 1.7269380 1.6411306 3.1422410 0.0000000 2.8282083 1.4123081 1.4681189 2.3808180 2.0950575 4.0969653 9.0000000 
taxon_24   1.6330660 9.0000000 1.6492828 9.0000000 9.0000000 4.0969653 1.5145939 9.0000000 1.6411306 1.8555425 1.5789189 1.7224063 9.0000000 3.0845203 2.7897376 9.0000000 1.6330660 9.0000000 1.6914286 9.0000000 9.0000000 1.5678076 2.8282083 0.0000000 0.4878270 0.8077715 0.4817541 1.2185290 1.6742850 1.5460670 
taxon_25   9.0000000 1.7738291 4.3493195 1.6658580 1.8238476 1.7001496 2.5373841 1.8501661 9.0000000 9.0000000 3.1728575 9.0000000 1.6616797 1.5180264 1.5532441 1.6828078 9.0000000 1.6370875 5.0365368 1.4943224 1.5319157 2.7897376 1.4123081 0.4878270 0.0000000 0.3318798 0.3447250 1.6016479 5.0365368 3.3480687 
taxon_26   9.0000000 1.7594507 9.0000000 1.7269380 1.7045484 1.6957764 3.2047772 1.7835695 9.0000000 9.0000000 4.7324386 9.0000000 1.7406998 1.5678076 1.6171924 1.6871058 9.0000000 1.6914286 9.0000000 1.6658580 1.5496470 2.8482095 1.4681189 0.8077715 0.3318798 0.0000000 0.4529370 1.7045484 3.6326857 3.9084795 
taxon_27   1.6132760 9.0000000 1.6742850 9.0000000 9.0000000 9.0000000 1.3744360 9.0000000 1.6742850 1.8555425 1.5714931 1.6093799 9.0000000 3.0572445 3.7579765 9.0000000 1.6742850 9.0000000 1.6411306 3.2047772 3.0845203 1.4909965 2.3808180 0.4817541 0.3447250 0.4529370 0.0000000 1.1072140 1.5939948 1.5077757 
taxon_28   1.7045484 9.0000000 1.6700597 9.0000000 9.0000000 9.0000000 1.3014054 9.0000000 1.3772823 1.6785343 1.5678076 1.6957764 9.0000000 2.6375326 3.3480687 9.0000000 1.7179018 9.0000000 1.6785343 9.0000000 9.0000000 1.3575814 2.0950575 1.2185290 1.6016479 1.7045484 1.1072140 0.0000000 1.4553527 1.5460670 
taxon_29   1.6211295 9.0000000 1.6290660 9.0000000 9.0000000 9.0000000 1.3014054 5.5562928 1.5604905 1.6411306 1.6016479 1.8238476 9.0000000 2.9116275 2.6375326 3.5253596 1.6016479 9.0000000 1.5864190 9.0000000 9.0000000 1.6575246 4.0969653 1.6742850 5.0365368 3.6326857 1.5939948 1.4553527 0.0000000 1.1544252 
taxon_30   1.7001496 9.0000000 1.4273992 5.0365368 9.0000000 4.5166766 1.5319157 9.0000000 1.6211295 1.6492828 1.7453437 1.7045484 9.0000000 3.9084795 9.0000000 9.0000000 1.6828078 9.0000000 1.6451956 9.0000000 9.0000000 1.7835695 9.0000000 1.5460670 3.3480687 3.9084795 1.5077757 1.5460670 1.1544252 0.0000000 
