30
taxon_1    0.0000000 1.0489777 1.0080011 1.8993132 1.1493577 1.8048489 1.1951734 1.1512118 2.0870803 2.0191326 2.3028419 2.2448019 1.9514175 2.1269127 1.1605519 1.9145677 2.0870803 1.8648809 2.0250615 1.2418732 1.1605519 2.0074136 2.0492572 1.2151214 1.1795884 1.1700098 1.1853949 1.1815189 1.1438223 1.9460411 
taxon_2    1.0489777 0.0000000 0.9547242 1.9568327 1.1873405 2.0679301 1.2335398 1.2232516 2.2135473 2.0310377 2.1406745 2.1067321 2.1201253 1.8794445 1.1853949 2.1269127 1.9460411 1.9788929 2.2857957 1.2939172 1.2212107 1.8745584 2.0492572 1.1834544 1.1892910 1.2294076 1.2524219 1.2418732 1.2439711 1.8942965 
taxon_3    1.0080011 0.9547242 0.0000000 1.8093000 1.1662120 1.9568327 1.1220813 1.1605519 1.9901715 1.9788929 2.0250615 1.9460411 1.9094478 1.9677808 1.1932075 1.9301395 1.9622873 1.8600886 1.9677808 1.1624339 1.1991208 1.9407030 1.7744100 1.1719157 1.1220813 1.2131026 1.1853949 1.2131026 1.1586745 2.0310377 
taxon_4    1.8993132 1.9568327 1.8093000 0.0000000 0.9575868 0.6276477 1.4479205 1.3029535 1.1834544 1.1776629 1.1643207 1.1438223 1.1456623 1.1238698 1.8004241 1.2783611 1.1892910 1.1475081 1.2151214 2.0679301 2.0370618 1.2151214 1.1568015 1.9788929 1.8697036 2.1201253 1.8182821 1.9094478 1.8843626 1.1681086 
taxon_5    1.1493577 1.1873405 1.1662120 0.9575868 0.0000000 0.9157545 0.9764647 0.9198342 1.9094478 2.0431347 1.9043637 1.8843626 1.9354027 1.8182821 1.2609690 1.9958749 1.8505948 2.0191326 1.7960253 1.1568015 1.2110891 1.9043637 1.9094478 1.1549338 1.0957634 1.2418732 1.1700098 1.1834544 1.1892910 1.9677808 
taxon_6    1.8048489 2.0679301 1.9568327 0.6276477 0.9157545 0.0000000 1.4788823 1.3167153 1.2252980 1.2212107 1.2460749 1.1932075 1.1892910 1.1605519 1.8137776 1.2011023 1.2050811 1.2335398 1.1757423 1.9043637 1.9622873 1.1873405 1.2151214 1.8794445 1.7701607 1.9514175 1.8600886 1.8458924 1.8273731 1.2212107 
taxon_7    1.1951734 1.2335398 1.1220813 1.4479205 0.9764647 1.4788823 0.0000000 0.8251602 1.9145677 1.9958749 2.0742594 2.0554292 2.0074136 1.9514175 1.1873405 1.8648809 1.9901715 2.2135473 2.0250615 1.2110891 1.2030891 1.9958749 1.9145677 1.1568015 1.0720055 1.1795884 1.1853949 1.2011023 1.1776629 1.9958749 
taxon_8    1.1512118 1.2232516 1.1605519 1.3029535 0.9198342 1.3167153 0.8251602 0.0000000 2.0431347 1.9845110 1.8893131 1.9845110 1.8553267 1.8893131 1.1383280 1.9677808 1.9094478 2.0250615 1.8648809 1.2439711 1.2050811 1.8745584 1.8993132 1.1530705 1.1719157 1.2314708 1.1493577 1.1932075 1.1991208 2.0679301 
taxon_9    2.0870803 2.2135473 1.9901715 1.1834544 1.9094478 1.2252980 1.9145677 2.0431347 0.0000000 0.8014983 0.6942509 0.5250785 0.9076608 1.0571210 1.7329629 1.1586745 1.1310641 1.1438223 1.1292590 1.7829815 1.7829815 1.2356145 1.2011023 1.7410711 1.6822942 1.8228138 2.0250615 1.9677808 1.9043637 1.1132060 
taxon_10   2.0191326 2.0310377 1.9788929 1.1776629 2.0431347 1.2212107 1.9958749 1.9845110 0.8014983 0.0000000 0.4595515 0.4320122 0.9157545 1.0604033 1.6860718 1.0441337 1.0906088 1.1873405 1.2050811 1.8553267 1.8273731 1.2588231 1.1624339 1.8273731 1.7451583 1.7659353 1.9845110 1.9622873 2.0191326 1.1530705 
taxon_11   2.3028419 2.1406745 2.0250615 1.1643207 1.9043637 1.2460749 2.0742594 1.8893131 0.6942509 0.4595515 0.0000000 0.3028996 0.8697277 1.0110749 1.6527339 1.0620498 1.0804045 1.1365054 1.1586745 1.7209627 1.8137776 1.2212107 1.1834544 1.8745584 1.6785349 1.8505948 1.9845110 1.8697036 1.9354027 1.2151214 
taxon_12   2.2448019 2.1067321 1.9460411 1.1438223 1.8843626 1.1932075 2.0554292 1.9845110 0.5250785 0.4320122 0.3028996 0.0000000 0.7167936 0.8838913 1.5052010 0.9590222 0.9958304 1.1079305 1.1365054 1.7170049 1.7170049 1.2212107 1.1202980 1.7209627 1.4904657 1.7370061 2.0074136 1.9301395 1.9958749 1.1096849 
taxon_13   1.9514175 2.1201253 1.9094478 1.1456623 1.9354027 1.1892910 2.0074136 1.8553267 0.9076608 0.9157545 0.8697277 0.7167936 0.0000000 0.5741809 0.9116967 0.7519312 0.7220128 1.0854893 1.1274583 1.6104691 1.6600155 1.1834544 1.1971445 1.7091513 1.3167153 1.8093000 1.8137776 1.8505948 1.7960253 1.0974896 
taxon_14   2.1269127 1.8794445 1.9677808 1.1238698 1.8182821 1.1605519 1.9514175 1.8893131 1.0571210 1.0604033 1.0110749 0.8838913 0.5741809 0.0000000 1.0587604 0.8646430 0.7991728 1.1310641 1.0992197 1.6898702 1.6527339 1.1873405 1.2050811 1.9301395 1.5480699 1.9145677 1.8228138 1.8412197 1.8794445 1.0770331 
taxon_15   1.1605519 1.1853949 1.1932075 1.8004241 1.2609690 1.8137776 1.1873405 1.1383280 1.7329629 1.6860718 1.6527339 1.5052010 0.9116967 1.0587604 0.0000000 1.2783611 1.2397812 1.9043637 1.9407030 1.1700098 1.1719157 1.9407030 2.0132503 1.1568015 1.0736776 1.2070784 1.1605519 1.1795884 1.1719157 1.8004241 
taxon_16   1.9145677 2.1269127 1.9301395 1.2783611 1.9958749 1.2011023 1.8648809 1.9677808 1.1586745 1.0441337 1.0620498 0.9590222 0.7519312 0.8646430 1.2783611 0.0000000 0.5059894 1.1530705 1.1475081 1.7534002 1.6139016 1.2011023 1.2110891 1.7492679 1.7170049 1.7329629 1.8745584 1.8993132 1.9568327 1.1719157 
taxon_17   2.0870803 1.9460411 1.9622873 1.1892910 1.8505948 1.2050811 1.9901715 1.9094478 1.1310641 1.0906088 1.0804045 0.9958304 0.7220128 0.7991728 1.2397812 0.5059894 0.0000000 1.1044340 1.1328735 1.8553267 1.7410711 1.1991208 1.1586745 1.7617336 1.6348330 1.7492679 1.7916521 1.8993132 1.8182821 1.1401551 
taxon_18   1.8648809 1.9788929 1.8600886 1.1475081 2.0191326 1.2335398 2.2135473 2.0250615 1.1438223 1.1873405 1.1365054 1.1079305 1.0854893 1.1310641 1.9043637 1.1530705 1.1044340 0.0000000 1.0250649 1.3402282 1.1776629 1.1238698 1.2151214 1.7289415 1.5543991 1.8365757 1.8893131 2.1201253 2.0132503 1.1096849 
taxon_19   2.0250615 2.2857957 1.9677808 1.2151214 1.7960253 1.1757423 2.0250615 1.8648809 1.1292590 1.2050811 1.1586745 1.1365054 1.1274583 1.0992197 1.9407030 1.1475081 1.1328735 1.0250649 0.0000000 0.6378772 1.1185187 1.2545496 1.1971445 1.9354027 1.7492679 2.0742594 1.9568327 2.1269127 2.0742594 1.1700098 
taxon_20   1.2418732 1.2939172 1.1624339 2.0679301 1.1568015 1.9043637 1.2110891 1.2439711 1.7829815 1.8553267 1.7209627 1.7170049 1.6104691 1.6898702 1.1700098 1.7534002 1.8553267 1.3402282 0.6378772 0.0000000 0.5933457 1.9677808 1.8993132 1.1719157 1.0670112 1.1815189 1.1991208 1.2524219 1.2335398 1.8182821 
taxon_21   1.1605519 1.2212107 1.1991208 2.0370618 1.2110891 1.9622873 1.2030891 1.2050811 1.7829815 1.8273731 1.8137776 1.7170049 1.6600155 1.6527339 1.1719157 1.6139016 1.7410711 1.1776629 1.1185187 0.5933457 0.0000000 1.9568327 1.9249129 1.1096849 0.9575868 1.1238698 1.1681086 1.1605519 1.1700098 1.7091513 
taxon_22   2.0074136 1.8745584 1.9407030 1.2151214 1.9043637 1.1873405 1.9958749 1.8745584 1.2356145 1.2588231 1.2212107 1.2212107 1.1834544 1.1873405 1.9407030 1.2011023 1.1991208 1.1238698 1.2545496 1.9677808 1.9568327 0.0000000 0.8372768 0.8085185 1.5022307 2.0679301 1.9568327 1.9301395 1.8745584 1.1624339 
taxon_23   2.0492572 2.0492572 1.7744100 1.1568015 1.9094478 1.2151214 1.9145677 1.8993132 1.2011023 1.1624339 1.1834544 1.1202980 1.1971445 1.2050811 2.0132503 1.2110891 1.1586745 1.2151214 1.1971445 1.8993132 1.9249129 0.8372768 0.0000000 0.8659109 1.6070522 2.0616537 2.1983953 2.2135473 2.1001241 1.1292590 
taxon_24   1.2151214 1.1834544 1.1719157 1.9788929 1.1549338 1.8794445 1.1568015 1.1530705 1.7410711 1.8273731 1.8745584 1.7209627 1.7091513 1.9301395 1.1568015 1.7492679 1.7617336 1.7289415 1.9354027 1.1719157 1.1096849 0.8085185 0.8659109 0.0000000 0.9363790 1.2212107 1.1738266 1.1605519 1.1512118 1.8048489 
taxon_25   1.1795884 1.1892910 1.1220813 1.8697036 1.0957634 1.7701607 1.0720055 1.1719157 1.6822942 1.7451583 1.6785349 1.4904657 1.3167153 1.5480699 1.0736776 1.7170049 1.6348330 1.5543991 1.7492679 1.0670112 0.9575868 1.5022307 1.6070522 0.9363790 0.0000000 1.0126165 1.0329514 1.0188149 0.9547242 1.0770331 
taxon_26   1.1700098 1.2294076 1.2131026 2.1201253 1.2418732 1.9514175 1.1795884 1.2314708 1.8228138 1.7659353 1.8505948 1.7370061 1.8093000 1.9145677 1.2070784 1.7329629 1.7492679 1.8365757 2.0742594 1.1815189 1.1238698 2.0679301 2.0616537 1.2212107 1.0126165 0.0000000 1.1512118 1.1096849 1.0992197 1.6898702 
taxon_27   1.1853949 1.2524219 1.1853949 1.8182821 1.1700098 1.8600886 1.1853949 1.1493577 2.0250615 1.9845110 1.9845110 2.0074136 1.8137776 1.8228138 1.1605519 1.8745584 1.7916521 1.8893131 1.9568327 1.1991208 1.1681086 1.9568327 2.1983953 1.1738266 1.0329514 1.1512118 0.0000000 0.3046989 0.2111093 1.4208427 
taxon_28   1.1815189 1.2418732 1.2131026 1.9094478 1.1834544 1.8458924 1.2011023 1.1932075 1.9677808 1.9622873 1.8697036 1.9301395 1.8505948 1.8412197 1.1795884 1.8993132 1.8993132 2.1201253 2.1269127 1.2524219 1.1605519 1.9301395 2.2135473 1.1605519 1.0188149 1.1096849 0.3046989 0.0000000 0.1534867 1.4424259 
taxon_29   1.1438223 1.2439711 1.1586745 1.8843626 1.1892910 1.8273731 1.1776629 1.1991208 1.9043637 2.0191326 1.9354027 1.9958749 1.7960253 1.8794445 1.1719157 1.9568327 1.8182821 2.0132503 2.0742594 1.2335398 1.1700098 1.8745584 2.1001241 1.1512118 0.9547242 1.0992197 0.2111093 0.1534867 0.0000000 1.3330966 
taxon_30   1.9460411 1.8942965 2.0310377 1.1681086 1.9677808 1.2212107 1.9958749 2.0679301 1.1132060 1.1530705 1.2151214 1.1096849 1.0974896 1.0770331 1.8004241 1.1719157 1.1401551 1.1096849 1.1700098 1.8182821 1.7091513 1.1624339 1.1292590 1.8048489 1.0770331 1.6898702 1.4208427 1.4424259 1.3330966 0.0000000 
