50
taxon_1    0.0000000 0.1927838 0.1753164 0.1791160 0.1850651 0.1914918 0.1876292 0.1837863 0.1919222 0.1829350 0.1690262 0.1949421 0.1636170 0.1439759 0.1842123 0.1966732 0.2146513 0.1897726 0.2075841 0.1842123 0.1812353 0.1837863 0.1799630 0.1958071 0.1889145 0.1863460 0.2036378 0.2023270 0.1880574 0.2018906 0.1992774 0.1803868 0.1872012 0.1566018 0.1940780 0.1884858 0.1706984 0.1897726 0.1623743 0.1607204 0.2142076 0.2093446 0.1988427 0.2049509 0.2062664 0.2027637 0.1837863 0.2023270 0.1932150 0.1603076 
taxon_2    0.1927838 0.0000000 0.1256240 0.1719551 0.1770027 0.1867735 0.1799630 0.1753164 0.1833605 0.1761591 0.1611336 0.1816598 0.1537322 0.1323540 0.1723744 0.1854918 0.2023270 0.1795394 0.1966732 0.1723744 0.1774249 0.1770027 0.1715359 0.1910617 0.1833605 0.1715359 0.1880574 0.1889145 0.1736338 0.1932150 0.1893434 0.1698618 0.1757376 0.1459981 0.1872012 0.1799630 0.1615469 0.1820846 0.1537322 0.1492448 0.2014544 0.1958071 0.1872012 0.1953745 0.1953745 0.1971066 0.1748954 0.1949421 0.1825097 0.1553706 
taxon_3    0.1753164 0.1256240 0.0000000 0.1525057 0.1607204 0.1652772 0.1607204 0.1557808 0.1594825 0.1525057 0.1359416 0.1632025 0.1315591 0.1107952 0.1520973 0.1644466 0.1812353 0.1578350 0.1753164 0.1549607 0.1549607 0.1574237 0.1488382 0.1686087 0.1611336 0.1529143 0.1698618 0.1669411 0.1516891 0.1677744 0.1640317 0.1500587 0.1553706 0.1283879 0.1652772 0.1598949 0.1419593 0.1607204 0.1331498 0.1299718 0.1744747 0.1748954 0.1627883 0.1727940 0.1732138 0.1690262 0.1496516 0.1702800 0.1603076 0.1291794 
taxon_4    0.1791160 0.1719551 0.1525057 0.0000000 0.0992919 0.1092512 0.1027244 0.1500587 0.1504660 0.1431686 0.1275971 0.1520973 0.1236560 0.1031068 0.1419593 0.1529143 0.1677744 0.1451886 0.1669411 0.1455932 0.1431686 0.1451886 0.1407519 0.1582466 0.1496516 0.1516891 0.1694439 0.1690262 0.1533231 0.1744747 0.1677744 0.1496516 0.1557808 0.1260182 0.1661087 0.1578350 0.1423622 0.1611336 0.1323540 0.1295755 0.1812353 0.1757376 0.1661087 0.1698618 0.1719551 0.1748954 0.1537322 0.1770027 0.1627883 0.1307650 
taxon_5    0.1850651 0.1770027 0.1607204 0.0992919 0.0000000 0.0643500 0.0560427 0.1566018 0.1578350 0.1512812 0.1363413 0.1594825 0.1315591 0.1123424 0.1512812 0.1603076 0.1778473 0.1549607 0.1736338 0.1557808 0.1529143 0.1545510 0.1500587 0.1656928 0.1590703 0.1615469 0.1791160 0.1803868 0.1648618 0.1829350 0.1761591 0.1603076 0.1652772 0.1347438 0.1719551 0.1669411 0.1488382 0.1711171 0.1423622 0.1375416 0.1893434 0.1825097 0.1736338 0.1778473 0.1816598 0.1786929 0.1598949 0.1829350 0.1719551 0.1399480 
taxon_6    0.1914918 0.1867735 0.1652772 0.1092512 0.0643500 0.0000000 0.0603654 0.1661087 0.1723744 0.1603076 0.1455932 0.1727940 0.1419593 0.1216931 0.1632025 0.1719551 0.1914918 0.1669411 0.1803868 0.1644466 0.1611336 0.1632025 0.1574237 0.1736338 0.1656928 0.1740541 0.1889145 0.1876292 0.1706984 0.1906317 0.1829350 0.1681915 0.1727940 0.1423622 0.1799630 0.1753164 0.1566018 0.1782700 0.1504660 0.1451886 0.1936464 0.1936464 0.1799630 0.1859188 0.1850651 0.1863460 0.1669411 0.1923529 0.1825097 0.1472139 
taxon_7    0.1876292 0.1799630 0.1607204 0.1027244 0.0560427 0.0603654 0.0000000 0.1578350 0.1611336 0.1533231 0.1371413 0.1611336 0.1327518 0.1131172 0.1533231 0.1603076 0.1782700 0.1553706 0.1736338 0.1549607 0.1533231 0.1570127 0.1512812 0.1669411 0.1586583 0.1656928 0.1820846 0.1820846 0.1652772 0.1825097 0.1770027 0.1619605 0.1661087 0.1363413 0.1732138 0.1690262 0.1512812 0.1719551 0.1451886 0.1395464 0.1919222 0.1837863 0.1757376 0.1803868 0.1829350 0.1782700 0.1619605 0.1854918 0.1727940 0.1399480 
taxon_8    0.1837863 0.1753164 0.1557808 0.1500587 0.1566018 0.1661087 0.1578350 0.0000000 0.1415566 0.1335480 0.1173929 0.1447841 0.1138928 0.1004343 0.1399480 0.1533231 0.1673577 0.1455932 0.1590703 0.1431686 0.1411541 0.1447841 0.1351429 0.1574237 0.1476197 0.1590703 0.1757376 0.1736338 0.1611336 0.1786929 0.1744747 0.1590703 0.1644466 0.1363413 0.1748954 0.1673577 0.1508735 0.1706984 0.1403498 0.1367412 0.1884858 0.1816598 0.1740541 0.1795394 0.1816598 0.1791160 0.1586583 0.1808109 0.1656928 0.1355421 
taxon_9    0.1919222 0.1833605 0.1594825 0.1504660 0.1578350 0.1723744 0.1611336 0.1415566 0.0000000 0.1065568 0.0913433 0.1115684 0.0849698 0.1054050 0.1435722 0.1561912 0.1711171 0.1484318 0.1652772 0.1504660 0.1476197 0.1455932 0.1411541 0.1582466 0.1529143 0.1611336 0.1829350 0.1812353 0.1665248 0.1829350 0.1761591 0.1607204 0.1656928 0.1403498 0.1744747 0.1677744 0.1537322 0.1732138 0.1464031 0.1391450 0.1910617 0.1850651 0.1782700 0.1833605 0.1884858 0.1876292 0.1648618 0.1876292 0.1727940 0.1431686 
taxon_10   0.1829350 0.1761591 0.1525057 0.1431686 0.1512812 0.1603076 0.1533231 0.1335480 0.1065568 0.0000000 0.0243924 0.1080953 0.0786501 0.1000533 0.1387438 0.1529143 0.1673577 0.1447841 0.1623743 0.1455932 0.1415566 0.1427653 0.1351429 0.1549607 0.1455932 0.1586583 0.1744747 0.1719551 0.1619605 0.1803868 0.1715359 0.1541415 0.1590703 0.1343450 0.1723744 0.1648618 0.1488382 0.1677744 0.1403498 0.1335480 0.1872012 0.1786929 0.1702800 0.1778473 0.1829350 0.1803868 0.1615469 0.1791160 0.1644466 0.1367412 
taxon_11   0.1690262 0.1611336 0.1359416 0.1275971 0.1363413 0.1455932 0.1371413 0.1173929 0.0913433 0.0243924 0.0000000 0.0920967 0.0647133 0.0845966 0.1220853 0.1395464 0.1525057 0.1303683 0.1468084 0.1299718 0.1256240 0.1244426 0.1189538 0.1391450 0.1299718 0.1427653 0.1598949 0.1574237 0.1451886 0.1627883 0.1557808 0.1403498 0.1435722 0.1181729 0.1570127 0.1496516 0.1327518 0.1520973 0.1252300 0.1205179 0.1715359 0.1623743 0.1553706 0.1619605 0.1652772 0.1640317 0.1455932 0.1656928 0.1496516 0.1209094 
taxon_12   0.1949421 0.1816598 0.1632025 0.1520973 0.1594825 0.1727940 0.1611336 0.1447841 0.1115684 0.1080953 0.0920967 0.0000000 0.0864646 0.1088657 0.1472139 0.1574237 0.1715359 0.1496516 0.1694439 0.1500587 0.1459981 0.1459981 0.1371413 0.1615469 0.1525057 0.1673577 0.1884858 0.1850651 0.1719551 0.1902021 0.1770027 0.1632025 0.1677744 0.1403498 0.1770027 0.1702800 0.1537322 0.1761591 0.1464031 0.1443799 0.1936464 0.1893434 0.1795394 0.1863460 0.1906317 0.1893434 0.1669411 0.1914918 0.1757376 0.1447841 
taxon_13   0.1636170 0.1537322 0.1315591 0.1236560 0.1315591 0.1419593 0.1327518 0.1138928 0.0849698 0.0786501 0.0647133 0.0864646 0.0000000 0.0801323 0.1177828 0.1327518 0.1468084 0.1252300 0.1415566 0.1228702 0.1201266 0.1189538 0.1115684 0.1323540 0.1244426 0.1383429 0.1553706 0.1520973 0.1415566 0.1607204 0.1508735 0.1327518 0.1391450 0.1123424 0.1476197 0.1411541 0.1256240 0.1443799 0.1193445 0.1111817 0.1640317 0.1582466 0.1512812 0.1582466 0.1615469 0.1603076 0.1399480 0.1603076 0.1484318 0.1170032 
taxon_14   0.1439759 0.1323540 0.1107952 0.1031068 0.1123424 0.1216931 0.1131172 0.1004343 0.1054050 0.1000533 0.0845966 0.1088657 0.0801323 0.0000000 0.0868388 0.0992919 0.1154464 0.0936057 0.1107952 0.0898388 0.0864646 0.0909669 0.0842236 0.1023422 0.0947395 0.1173929 0.1319565 0.1311620 0.1181729 0.1311620 0.1291794 0.1115684 0.1189538 0.0890877 0.1311620 0.1213012 0.1046381 0.1236560 0.0947395 0.0928508 0.1439759 0.1391450 0.1295755 0.1347438 0.1403498 0.1355421 0.1142809 0.1387438 0.1268072 0.0936057 
taxon_15   0.1842123 0.1723744 0.1520973 0.1419593 0.1512812 0.1632025 0.1533231 0.1399480 0.1435722 0.1387438 0.1220853 0.1472139 0.1177828 0.0868388 0.0000000 0.0842236 0.0981512 0.0782800 0.1484318 0.1279924 0.1275971 0.1272021 0.1197354 0.1363413 0.1283879 0.1545510 0.1761591 0.1732138 0.1578350 0.1723744 0.1706984 0.1529143 0.1594825 0.1303683 0.1715359 0.1590703 0.1443799 0.1640317 0.1359416 0.1359416 0.1846386 0.1786929 0.1719551 0.1753164 0.1786929 0.1795394 0.1525057 0.1799630 0.1677744 0.1335480 
taxon_16   0.1966732 0.1854918 0.1644466 0.1529143 0.1603076 0.1719551 0.1603076 0.1533231 0.1561912 0.1529143 0.1395464 0.1574237 0.1327518 0.0992919 0.0842236 0.0000000 0.0481817 0.0292289 0.1590703 0.1375416 0.1391450 0.1399480 0.1347438 0.1545510 0.1455932 0.1669411 0.1872012 0.1850651 0.1757376 0.1902021 0.1884858 0.1636170 0.1736338 0.1439759 0.1859188 0.1765808 0.1590703 0.1782700 0.1512812 0.1464031 0.1979742 0.1923529 0.1854918 0.1880574 0.1902021 0.1884858 0.1669411 0.1923529 0.1786929 0.1459981 
taxon_17   0.2146513 0.2023270 0.1812353 0.1677744 0.1778473 0.1914918 0.1782700 0.1673577 0.1711171 0.1673577 0.1525057 0.1715359 0.1468084 0.1154464 0.0981512 0.0481817 0.0000000 0.0281899 0.1698618 0.1545510 0.1545510 0.1541415 0.1484318 0.1681915 0.1594825 0.1829350 0.2023270 0.2010185 0.1884858 0.2058276 0.2018906 0.1816598 0.1889145 0.1623743 0.2001474 0.1914918 0.1748954 0.1945099 0.1665248 0.1623743 0.2097854 0.2058276 0.2014544 0.2027637 0.2045130 0.2045130 0.1829350 0.2075841 0.1949421 0.1636170 
taxon_18   0.1897726 0.1795394 0.1578350 0.1451886 0.1549607 0.1669411 0.1553706 0.1455932 0.1484318 0.1447841 0.1303683 0.1496516 0.1252300 0.0936057 0.0782800 0.0292289 0.0281899 0.0000000 0.1504660 0.1327518 0.1323540 0.1339464 0.1268072 0.1464031 0.1379421 0.1582466 0.1808109 0.1786929 0.1673577 0.1816598 0.1799630 0.1578350 0.1652772 0.1379421 0.1778473 0.1677744 0.1512812 0.1711171 0.1435722 0.1391450 0.1906317 0.1846386 0.1770027 0.1786929 0.1808109 0.1825097 0.1603076 0.1867735 0.1723744 0.1391450 
taxon_19   0.2075841 0.1966732 0.1753164 0.1669411 0.1736338 0.1803868 0.1736338 0.1590703 0.1652772 0.1623743 0.1468084 0.1694439 0.1415566 0.1107952 0.1484318 0.1590703 0.1698618 0.1504660 0.0000000 0.0996725 0.0947395 0.1065568 0.1008155 0.1166137 0.1104089 0.1770027 0.1927838 0.1923529 0.1782700 0.1945099 0.1867735 0.1727940 0.1744747 0.1496516 0.1863460 0.1829350 0.1644466 0.1859188 0.1553706 0.1537322 0.2058276 0.1966732 0.1906317 0.1958071 0.2010185 0.1953745 0.1719551 0.1984083 0.1880574 0.1537322 
taxon_20   0.1842123 0.1723744 0.1549607 0.1455932 0.1557808 0.1644466 0.1549607 0.1431686 0.1504660 0.1455932 0.1299718 0.1500587 0.1228702 0.0898388 0.1279924 0.1375416 0.1545510 0.1327518 0.0996725 0.0000000 0.0560427 0.0887124 0.0842236 0.1000533 0.0954963 0.1590703 0.1753164 0.1740541 0.1619605 0.1753164 0.1690262 0.1504660 0.1594825 0.1299718 0.1686087 0.1632025 0.1468084 0.1673577 0.1363413 0.1343450 0.1854918 0.1791160 0.1686087 0.1736338 0.1795394 0.1765808 0.1525057 0.1786929 0.1698618 0.1335480 
taxon_21   0.1812353 0.1774249 0.1549607 0.1431686 0.1529143 0.1611336 0.1533231 0.1411541 0.1476197 0.1415566 0.1256240 0.1459981 0.1201266 0.0864646 0.1275971 0.1391450 0.1545510 0.1323540 0.0947395 0.0560427 0.0000000 0.0875877 0.0812459 0.0977714 0.0924737 0.1566018 0.1736338 0.1719551 0.1594825 0.1740541 0.1673577 0.1496516 0.1598949 0.1295755 0.1694439 0.1615469 0.1455932 0.1656928 0.1327518 0.1323540 0.1876292 0.1795394 0.1648618 0.1702800 0.1774249 0.1740541 0.1516891 0.1757376 0.1669411 0.1311620 
taxon_22   0.1837863 0.1770027 0.1574237 0.1451886 0.1545510 0.1632025 0.1570127 0.1447841 0.1455932 0.1427653 0.1244426 0.1459981 0.1189538 0.0909669 0.1272021 0.1399480 0.1541415 0.1339464 0.1065568 0.0887124 0.0875877 0.0000000 0.0756944 0.0875877 0.0849698 0.1590703 0.1748954 0.1719551 0.1615469 0.1761591 0.1706984 0.1525057 0.1594825 0.1303683 0.1694439 0.1598949 0.1443799 0.1648618 0.1355421 0.1351429 0.1889145 0.1791160 0.1698618 0.1757376 0.1770027 0.1778473 0.1553706 0.1812353 0.1686087 0.1355421 
taxon_23   0.1799630 0.1715359 0.1488382 0.1407519 0.1500587 0.1574237 0.1512812 0.1351429 0.1411541 0.1351429 0.1189538 0.1371413 0.1115684 0.0842236 0.1197354 0.1347438 0.1484318 0.1268072 0.1008155 0.0842236 0.0812459 0.0756944 0.0000000 0.0618119 0.0564019 0.1496516 0.1681915 0.1652772 0.1541415 0.1702800 0.1632025 0.1451886 0.1533231 0.1228702 0.1611336 0.1578350 0.1395464 0.1598949 0.1275971 0.1275971 0.1795394 0.1732138 0.1619605 0.1681915 0.1744747 0.1706984 0.1500587 0.1723744 0.1603076 0.1272021 
taxon_24   0.1958071 0.1910617 0.1686087 0.1582466 0.1656928 0.1736338 0.1669411 0.1574237 0.1582466 0.1549607 0.1391450 0.1615469 0.1323540 0.1023422 0.1363413 0.1545510 0.1681915 0.1464031 0.1166137 0.1000533 0.0977714 0.0875877 0.0618119 0.0000000 0.0499611 0.1723744 0.1854918 0.1833605 0.1727940 0.1872012 0.1812353 0.1644466 0.1702800 0.1411541 0.1816598 0.1736338 0.1566018 0.1774249 0.1464031 0.1451886 0.1953745 0.1872012 0.1812353 0.1880574 0.1914918 0.1897726 0.1669411 0.1910617 0.1782700 0.1451886 
taxon_25   0.1889145 0.1833605 0.1611336 0.1496516 0.1590703 0.1656928 0.1586583 0.1476197 0.1529143 0.1455932 0.1299718 0.1525057 0.1244426 0.0947395 0.1283879 0.1455932 0.1594825 0.1379421 0.1104089 0.0954963 0.0924737 0.0849698 0.0564019 0.0499611 0.0000000 0.1627883 0.1791160 0.1757376 0.1640317 0.1816598 0.1732138 0.1549607 0.1652772 0.1339464 0.1736338 0.1669411 0.1476197 0.1686087 0.1391450 0.1383429 0.1884858 0.1816598 0.1727940 0.1770027 0.1829350 0.1803868 0.1598949 0.1820846 0.1702800 0.1363413 
taxon_26   0.1863460 0.1715359 0.1529143 0.1516891 0.1615469 0.1740541 0.1656928 0.1590703 0.1611336 0.1586583 0.1427653 0.1673577 0.1383429 0.1173929 0.1545510 0.1669411 0.1829350 0.1582466 0.1770027 0.1590703 0.1566018 0.1590703 0.1496516 0.1723744 0.1627883 0.0000000 0.1665248 0.1677744 0.1504660 0.1719551 0.1711171 0.1476197 0.1529143 0.1272021 0.1673577 0.1607204 0.1431686 0.1607204 0.1311620 0.1244426 0.1799630 0.1723744 0.1636170 0.1711171 0.1698618 0.1702800 0.1484318 0.1757376 0.1603076 0.1283879 
taxon_27   0.2036378 0.1880574 0.1698618 0.1694439 0.1791160 0.1889145 0.1820846 0.1757376 0.1829350 0.1744747 0.1598949 0.1884858 0.1553706 0.1319565 0.1761591 0.1872012 0.2023270 0.1808109 0.1927838 0.1753164 0.1736338 0.1748954 0.1681915 0.1854918 0.1791160 0.1665248 0.0000000 0.0271523 0.1407519 0.1541415 0.1541415 0.1363413 0.1423622 0.1115684 0.1512812 0.1439759 0.1275971 0.1468084 0.1170032 0.1131172 0.1611336 0.1652772 0.1570127 0.1582466 0.1561912 0.1541415 0.1339464 0.1603076 0.1464031 0.1177828 
taxon_28   0.2023270 0.1889145 0.1669411 0.1690262 0.1803868 0.1876292 0.1820846 0.1736338 0.1812353 0.1719551 0.1574237 0.1850651 0.1520973 0.1311620 0.1732138 0.1850651 0.2010185 0.1786929 0.1923529 0.1740541 0.1719551 0.1719551 0.1652772 0.1833605 0.1757376 0.1677744 0.0271523 0.0000000 0.1407519 0.1545510 0.1561912 0.1375416 0.1419593 0.1123424 0.1488382 0.1431686 0.1275971 0.1476197 0.1154464 0.1111817 0.1566018 0.1619605 0.1537322 0.1566018 0.1570127 0.1553706 0.1331498 0.1598949 0.1464031 0.1166137 
taxon_29   0.1880574 0.1736338 0.1516891 0.1533231 0.1648618 0.1706984 0.1652772 0.1611336 0.1665248 0.1619605 0.1451886 0.1719551 0.1415566 0.1181729 0.1578350 0.1757376 0.1884858 0.1673577 0.1782700 0.1619605 0.1594825 0.1615469 0.1541415 0.1727940 0.1640317 0.1504660 0.1407519 0.1407519 0.0000000 0.1123424 0.1127297 0.1073256 0.1146692 0.0872131 0.1244426 0.1162244 0.1008155 0.1216931 0.0939835 0.0989115 0.1476197 0.1464031 0.1383429 0.1403498 0.1447841 0.1415566 0.1224777 0.1459981 0.1295755 0.1031068 
taxon_30   0.2018906 0.1932150 0.1677744 0.1744747 0.1829350 0.1906317 0.1825097 0.1786929 0.1829350 0.1803868 0.1627883 0.1902021 0.1607204 0.1311620 0.1723744 0.1902021 0.2058276 0.1816598 0.1945099 0.1753164 0.1740541 0.1761591 0.1702800 0.1872012 0.1816598 0.1719551 0.1541415 0.1545510 0.1123424 0.0000000 0.1069411 0.1283879 0.1359416 0.1038721 0.1399480 0.1339464 0.1181729 0.1379421 0.1104089 0.1158353 0.1652772 0.1665248 0.1537322 0.1549607 0.1615469 0.1590703 0.1375416 0.1619605 0.1488382 0.1173929 
taxon_31   0.1992774 0.1893434 0.1640317 0.1677744 0.1761591 0.1829350 0.1770027 0.1744747 0.1761591 0.1715359 0.1557808 0.1770027 0.1508735 0.1291794 0.1706984 0.1884858 0.2018906 0.1799630 0.1867735 0.1690262 0.1673577 0.1706984 0.1632025 0.1812353 0.1732138 0.1711171 0.1541415 0.1561912 0.1127297 0.1069411 0.0000000 0.1256240 0.1331498 0.1015785 0.1395464 0.1335480 0.1189538 0.1351429 0.1104089 0.1154464 0.1594825 0.1644466 0.1468084 0.1508735 0.1541415 0.1516891 0.1315591 0.1636170 0.1492448 0.1158353 
taxon_32   0.1803868 0.1698618 0.1500587 0.1496516 0.1603076 0.1681915 0.1619605 0.1590703 0.1607204 0.1541415 0.1403498 0.1632025 0.1327518 0.1115684 0.1529143 0.1636170 0.1816598 0.1578350 0.1727940 0.1504660 0.1496516 0.1525057 0.1451886 0.1644466 0.1549607 0.1476197 0.1363413 0.1375416 0.1073256 0.1283879 0.1256240 0.0000000 0.0782800 0.0694521 0.1069411 0.0989115 0.0831056 0.1096369 0.0823611 0.0932282 0.1415566 0.1415566 0.1347438 0.1375416 0.1415566 0.1367412 0.1177828 0.1411541 0.1248362 0.0954963 
taxon_33   0.1872012 0.1757376 0.1553706 0.1557808 0.1652772 0.1727940 0.1661087 0.1644466 0.1656928 0.1590703 0.1435722 0.1677744 0.1391450 0.1189538 0.1594825 0.1736338 0.1889145 0.1652772 0.1744747 0.1594825 0.1598949 0.1594825 0.1533231 0.1702800 0.1652772 0.1529143 0.1423622 0.1419593 0.1146692 0.1359416 0.1331498 0.0782800 0.0000000 0.0764323 0.1150577 0.1084804 0.0928508 0.1185632 0.0902146 0.1015785 0.1492448 0.1516891 0.1415566 0.1435722 0.1464031 0.1468084 0.1236560 0.1472139 0.1347438 0.1038721 
taxon_34   0.1566018 0.1459981 0.1283879 0.1260182 0.1347438 0.1423622 0.1363413 0.1363413 0.1403498 0.1343450 0.1181729 0.1403498 0.1123424 0.0890877 0.1303683 0.1439759 0.1623743 0.1379421 0.1496516 0.1299718 0.1295755 0.1303683 0.1228702 0.1411541 0.1339464 0.1272021 0.1115684 0.1123424 0.0872131 0.1038721 0.1015785 0.0694521 0.0764323 0.0000000 0.0731177 0.0668967 0.0506740 0.0872131 0.0607268 0.0727504 0.1177828 0.1205179 0.1107952 0.1142809 0.1173929 0.1146692 0.0947395 0.1213012 0.1050215 0.0723832 
taxon_35   0.1940780 0.1872012 0.1652772 0.1661087 0.1719551 0.1799630 0.1732138 0.1748954 0.1744747 0.1723744 0.1570127 0.1770027 0.1476197 0.1311620 0.1715359 0.1859188 0.2001474 0.1778473 0.1863460 0.1686087 0.1694439 0.1694439 0.1611336 0.1816598 0.1736338 0.1673577 0.1512812 0.1488382 0.1244426 0.1399480 0.1395464 0.1069411 0.1150577 0.0731177 0.0000000 0.0816175 0.0665323 0.1268072 0.0996725 0.1115684 0.1603076 0.1561912 0.1484318 0.1541415 0.1553706 0.1500587 0.1327518 0.1574237 0.1431686 0.1111817 
taxon_36   0.1884858 0.1799630 0.1598949 0.1578350 0.1669411 0.1753164 0.1690262 0.1673577 0.1677744 0.1648618 0.1496516 0.1702800 0.1411541 0.1213012 0.1590703 0.1765808 0.1914918 0.1677744 0.1829350 0.1632025 0.1615469 0.1598949 0.1578350 0.1736338 0.1669411 0.1607204 0.1439759 0.1431686 0.1162244 0.1339464 0.1335480 0.0989115 0.1084804 0.0668967 0.0816175 0.0000000 0.0499611 0.1197354 0.0913433 0.1054050 0.1508735 0.1516891 0.1419593 0.1468084 0.1480256 0.1439759 0.1283879 0.1537322 0.1343450 0.1038721 
taxon_37   0.1706984 0.1615469 0.1419593 0.1423622 0.1488382 0.1566018 0.1512812 0.1508735 0.1537322 0.1488382 0.1327518 0.1537322 0.1256240 0.1046381 0.1443799 0.1590703 0.1748954 0.1512812 0.1644466 0.1468084 0.1455932 0.1443799 0.1395464 0.1566018 0.1476197 0.1431686 0.1275971 0.1275971 0.1008155 0.1181729 0.1189538 0.0831056 0.0928508 0.0506740 0.0665323 0.0499611 0.0000000 0.1011969 0.0753258 0.0875877 0.1307650 0.1347438 0.1248362 0.1311620 0.1331498 0.1299718 0.1100228 0.1367412 0.1213012 0.0887124 
taxon_38   0.1897726 0.1820846 0.1607204 0.1611336 0.1711171 0.1782700 0.1719551 0.1706984 0.1732138 0.1677744 0.1520973 0.1761591 0.1443799 0.1236560 0.1640317 0.1782700 0.1945099 0.1711171 0.1859188 0.1673577 0.1656928 0.1648618 0.1598949 0.1774249 0.1686087 0.1607204 0.1468084 0.1476197 0.1216931 0.1379421 0.1351429 0.1096369 0.1185632 0.0872131 0.1268072 0.1197354 0.1011969 0.0000000 0.0928508 0.1038721 0.1512812 0.1480256 0.1451886 0.1476197 0.1516891 0.1484318 0.1275971 0.1541415 0.1363413 0.1092512 
taxon_39   0.1623743 0.1537322 0.1331498 0.1323540 0.1423622 0.1504660 0.1451886 0.1403498 0.1464031 0.1403498 0.1252300 0.1464031 0.1193445 0.0947395 0.1359416 0.1512812 0.1665248 0.1435722 0.1553706 0.1363413 0.1327518 0.1355421 0.1275971 0.1464031 0.1391450 0.1311620 0.1170032 0.1154464 0.0939835 0.1104089 0.1104089 0.0823611 0.0902146 0.0607268 0.0996725 0.0913433 0.0753258 0.0928508 0.0000000 0.0797615 0.1283879 0.1260182 0.1154464 0.1193445 0.1228702 0.1213012 0.1011969 0.1272021 0.1111817 0.0812459 
taxon_40   0.1607204 0.1492448 0.1299718 0.1295755 0.1375416 0.1451886 0.1395464 0.1367412 0.1391450 0.1335480 0.1205179 0.1443799 0.1111817 0.0928508 0.1359416 0.1464031 0.1623743 0.1391450 0.1537322 0.1343450 0.1323540 0.1351429 0.1275971 0.1451886 0.1383429 0.1244426 0.1131172 0.1111817 0.0989115 0.1158353 0.1154464 0.0932282 0.1015785 0.0727504 0.1115684 0.1054050 0.0875877 0.1038721 0.0797615 0.0000000 0.1023422 0.1004343 0.1084804 0.1142809 0.1170032 0.1135049 0.0905907 0.1197354 0.1046381 0.0749573 
taxon_41   0.2142076 0.2014544 0.1744747 0.1812353 0.1893434 0.1936464 0.1919222 0.1884858 0.1910617 0.1872012 0.1715359 0.1936464 0.1640317 0.1439759 0.1846386 0.1979742 0.2097854 0.1906317 0.2058276 0.1854918 0.1876292 0.1889145 0.1795394 0.1953745 0.1884858 0.1799630 0.1611336 0.1566018 0.1476197 0.1652772 0.1594825 0.1415566 0.1492448 0.1177828 0.1603076 0.1508735 0.1307650 0.1512812 0.1283879 0.1023422 0.0000000 0.1291794 0.1557808 0.1623743 0.1632025 0.1607204 0.1391450 0.1681915 0.1496516 0.1232630 
taxon_42   0.2093446 0.1958071 0.1748954 0.1757376 0.1825097 0.1936464 0.1837863 0.1816598 0.1850651 0.1786929 0.1623743 0.1893434 0.1582466 0.1391450 0.1786929 0.1923529 0.2058276 0.1846386 0.1966732 0.1791160 0.1795394 0.1791160 0.1732138 0.1872012 0.1816598 0.1723744 0.1652772 0.1619605 0.1464031 0.1665248 0.1644466 0.1415566 0.1516891 0.1205179 0.1561912 0.1516891 0.1347438 0.1480256 0.1260182 0.1004343 0.1291794 0.0000000 0.1566018 0.1644466 0.1669411 0.1598949 0.1423622 0.1652772 0.1472139 0.1224777 
taxon_43   0.1988427 0.1872012 0.1627883 0.1661087 0.1736338 0.1799630 0.1757376 0.1740541 0.1782700 0.1702800 0.1553706 0.1795394 0.1512812 0.1295755 0.1719551 0.1854918 0.2014544 0.1770027 0.1906317 0.1686087 0.1648618 0.1698618 0.1619605 0.1812353 0.1727940 0.1636170 0.1570127 0.1537322 0.1383429 0.1537322 0.1468084 0.1347438 0.1415566 0.1107952 0.1484318 0.1419593 0.1248362 0.1451886 0.1154464 0.1084804 0.1557808 0.1566018 0.0000000 0.1050215 0.1042550 0.1260182 0.1015785 0.1379421 0.1295755 0.0989115 
taxon_44   0.2049509 0.1953745 0.1727940 0.1698618 0.1778473 0.1859188 0.1803868 0.1795394 0.1833605 0.1778473 0.1619605 0.1863460 0.1582466 0.1347438 0.1753164 0.1880574 0.2027637 0.1786929 0.1958071 0.1736338 0.1702800 0.1757376 0.1681915 0.1880574 0.1770027 0.1711171 0.1582466 0.1566018 0.1403498 0.1549607 0.1508735 0.1375416 0.1435722 0.1142809 0.1541415 0.1468084 0.1311620 0.1476197 0.1193445 0.1142809 0.1623743 0.1644466 0.1050215 0.0000000 0.1073256 0.1295755 0.1065568 0.1455932 0.1303683 0.1027244 
taxon_45   0.2062664 0.1953745 0.1732138 0.1719551 0.1816598 0.1850651 0.1829350 0.1816598 0.1884858 0.1829350 0.1652772 0.1906317 0.1615469 0.1403498 0.1786929 0.1902021 0.2045130 0.1808109 0.2010185 0.1795394 0.1774249 0.1770027 0.1744747 0.1914918 0.1829350 0.1698618 0.1561912 0.1570127 0.1447841 0.1615469 0.1541415 0.1415566 0.1464031 0.1173929 0.1553706 0.1480256 0.1331498 0.1516891 0.1228702 0.1170032 0.1632025 0.1669411 0.1042550 0.1073256 0.0000000 0.1303683 0.1073256 0.1488382 0.1355421 0.1046381 
taxon_46   0.2027637 0.1971066 0.1690262 0.1748954 0.1786929 0.1863460 0.1782700 0.1791160 0.1876292 0.1803868 0.1640317 0.1893434 0.1603076 0.1355421 0.1795394 0.1884858 0.2045130 0.1825097 0.1953745 0.1765808 0.1740541 0.1778473 0.1706984 0.1897726 0.1803868 0.1702800 0.1541415 0.1553706 0.1415566 0.1590703 0.1516891 0.1367412 0.1468084 0.1146692 0.1500587 0.1439759 0.1299718 0.1484318 0.1213012 0.1135049 0.1607204 0.1598949 0.1260182 0.1295755 0.1303683 0.0000000 0.1057887 0.1423622 0.1291794 0.1000533 
taxon_47   0.1837863 0.1748954 0.1496516 0.1537322 0.1598949 0.1669411 0.1619605 0.1586583 0.1648618 0.1615469 0.1455932 0.1669411 0.1399480 0.1142809 0.1525057 0.1669411 0.1829350 0.1603076 0.1719551 0.1525057 0.1516891 0.1553706 0.1500587 0.1669411 0.1598949 0.1484318 0.1339464 0.1331498 0.1224777 0.1375416 0.1315591 0.1177828 0.1236560 0.0947395 0.1327518 0.1283879 0.1100228 0.1275971 0.1011969 0.0905907 0.1391450 0.1423622 0.1015785 0.1065568 0.1073256 0.1057887 0.0000000 0.1224777 0.1127297 0.0816175 
taxon_48   0.2023270 0.1949421 0.1702800 0.1770027 0.1829350 0.1923529 0.1854918 0.1808109 0.1876292 0.1791160 0.1656928 0.1914918 0.1603076 0.1387438 0.1799630 0.1923529 0.2075841 0.1867735 0.1984083 0.1786929 0.1757376 0.1812353 0.1723744 0.1910617 0.1820846 0.1757376 0.1603076 0.1598949 0.1459981 0.1619605 0.1636170 0.1411541 0.1472139 0.1213012 0.1574237 0.1537322 0.1367412 0.1541415 0.1272021 0.1197354 0.1681915 0.1652772 0.1379421 0.1455932 0.1488382 0.1423622 0.1224777 0.0000000 0.1339464 0.1038721 
taxon_49   0.1932150 0.1825097 0.1603076 0.1627883 0.1719551 0.1825097 0.1727940 0.1656928 0.1727940 0.1644466 0.1496516 0.1757376 0.1484318 0.1268072 0.1677744 0.1786929 0.1949421 0.1723744 0.1880574 0.1698618 0.1669411 0.1686087 0.1603076 0.1782700 0.1702800 0.1603076 0.1464031 0.1464031 0.1295755 0.1488382 0.1492448 0.1248362 0.1347438 0.1050215 0.1431686 0.1343450 0.1213012 0.1363413 0.1111817 0.1046381 0.1496516 0.1472139 0.1295755 0.1303683 0.1355421 0.1291794 0.1127297 0.1339464 0.0000000 0.0690865 
taxon_50   0.1603076 0.1553706 0.1291794 0.1307650 0.1399480 0.1472139 0.1399480 0.1355421 0.1431686 0.1367412 0.1209094 0.1447841 0.1170032 0.0936057 0.1335480 0.1459981 0.1636170 0.1391450 0.1537322 0.1335480 0.1311620 0.1355421 0.1272021 0.1451886 0.1363413 0.1283879 0.1177828 0.1166137 0.1031068 0.1173929 0.1158353 0.0954963 0.1038721 0.0723832 0.1111817 0.1038721 0.0887124 0.1092512 0.0812459 0.0749573 0.1232630 0.1224777 0.0989115 0.1027244 0.1046381 0.1000533 0.0816175 0.1038721 0.0690865 0.0000000 
