30
taxon_1    0.0000000 2.5047842 2.9651420 4.5638625 3.8149649 2.9401397 2.8477152 2.5472478 2.5472478 2.8697756 2.8262852 2.9651420 2.9651420 2.6238455 4.8162140 9.0000000 2.5186735 3.7399032 2.8054505 2.6401505 2.9159440 2.6401505 2.5619547 2.3443390 2.4141567 3.0177952 2.7851790 2.0999637 1.8852055 2.1411828 
taxon_2    2.5047842 0.0000000 3.2023947 2.7091647 2.7851790 2.6738640 3.4009143 3.0744259 9.0000000 5.1992826 3.3151067 2.4264518 2.9401397 2.8697756 2.5186735 3.4478040 2.9401397 9.0000000 9.0000000 2.6913067 3.7399032 2.5769552 2.6401505 2.3901548 2.7274582 3.6091383 2.9401397 3.8983851 2.5769552 3.1044299 
taxon_3    2.9651420 3.2023947 0.0000000 0.9867576 0.7980689 1.5861435 2.0023260 1.8499048 2.2907448 2.7091647 1.9159475 1.9883721 2.3333094 2.4141567 2.6738640 2.3443390 2.6568179 2.4911475 2.0237560 2.3011617 3.6091383 2.8262852 2.5922619 3.2023947 3.3567840 3.1044299 2.3011617 2.0165444 2.5472478 2.1497056 
taxon_4    4.5638625 2.7091647 0.9867576 0.0000000 0.2019864 1.5057094 1.6449971 1.7479618 2.9159440 2.4020597 1.8217060 1.8912539 2.8697756 2.4911475 2.7462092 2.3443390 2.3333094 2.1670473 2.0237560 2.0919849 2.7091647 3.0177952 2.4645960 2.4020597 3.4478040 4.8162140 2.3555333 2.2703354 3.3151067 2.3443390 
taxon_5    3.8149649 2.7851790 0.7980689 0.2019864 0.0000000 1.2627532 1.4842282 1.4877660 2.2122413 2.2122413 1.5901976 1.6406367 2.2216162 2.1583263 2.7851790 2.0999637 2.6238455 2.0383906 1.9480036 1.9814913 2.4264518 2.7274582 2.3668971 2.3668971 2.9159440 2.9159440 2.2029820 2.1847995 2.5047842 2.1327557 
taxon_6    2.9401397 2.6738640 1.5861435 1.5057094 1.2627532 0.0000000 1.3087966 1.0961841 1.5741112 1.8052820 1.1925852 1.4103431 2.1244223 1.9414819 2.0165444 2.1497056 2.0533165 1.8217060 1.9222500 1.5661956 2.1080282 2.3011617 2.0840901 1.8614881 2.4264518 2.7851790 2.2311108 2.8925046 2.2703354 2.8697756 
taxon_7    2.8477152 3.4009143 2.0023260 1.6449971 1.4842282 1.3087966 0.0000000 0.3912936 1.4396946 1.6671880 1.1667206 1.2949585 1.8673475 1.9814913 2.6913067 1.9679163 2.0237560 2.1080282 1.9612198 1.7136423 2.2407263 2.5472478 2.4141567 1.7529953 3.4978233 2.3011617 2.1670473 2.0919849 2.6913067 2.0999637 
taxon_8    2.5472478 3.0744259 1.8499048 1.7479618 1.4877660 1.0961841 0.3912936 0.0000000 1.2394755 1.7429618 0.9512480 1.1925852 2.0383906 1.9480036 1.9414819 2.0094015 1.6808247 1.9480036 1.8912539 1.3548763 2.1847995 2.1938357 2.0919849 1.6192067 2.3117252 2.5619547 2.1583263 2.5619547 2.5922619 2.5047842 
taxon_9    2.5472478 9.0000000 2.2907448 2.9159440 2.2122413 1.5741112 1.4396946 1.2394755 0.0000000 1.9286060 1.2627532 1.7892100 2.4141567 2.1327557 2.3011617 2.8697756 2.4020597 2.2216162 2.6078872 1.8732530 2.3668971 2.6913067 2.1327557 1.9159475 2.1758709 3.4478040 2.6078872 3.1044299 2.5619547 2.5328248 
taxon_10   2.8697756 5.1992826 2.7091647 2.4020597 2.2122413 1.8052820 1.6671880 1.7429618 1.9286060 0.0000000 1.0202204 1.7136423 2.2122413 2.1411828 2.3668971 2.5472478 2.5328248 2.2603353 2.2603353 2.3117252 2.5922619 5.1992826 2.8477152 2.3784358 3.0455762 2.5769552 2.2311108 2.4516647 3.2023947 2.5328248 
taxon_11   2.8262852 3.3151067 1.9159475 1.8217060 1.5901976 1.1925852 1.1667206 0.9512480 1.2627532 1.0202204 0.0000000 1.2627532 2.2804707 1.8912539 1.8499048 2.2311108 1.8161913 1.8732530 1.8792054 1.4297826 2.0094015 2.1583263 1.8272616 1.7088653 2.0165444 2.7851790 2.0533165 2.9159440 2.3117252 2.6238455 
taxon_12   2.9651420 2.4264518 1.9883721 1.8912539 1.6406367 1.4103431 1.2949585 1.1925852 1.7892100 1.7136423 1.2627532 0.0000000 1.9286060 1.5622688 2.0840901 1.7683018 1.8556741 1.6854260 1.6626970 1.4430280 2.2407263 2.0533165 2.1244223 1.7184500 2.7654410 3.7399032 1.9612198 2.8054505 2.6401505 2.5186735 
taxon_13   2.9651420 2.9401397 2.3333094 2.8697756 2.2216162 2.1244223 1.8673475 2.0383906 2.4141567 2.2122413 2.2804707 1.9286060 0.0000000 1.3548763 2.5186735 2.4777543 2.2907448 2.0094015 1.8732530 1.8052820 2.6078872 3.1044299 2.3784358 2.4020597 3.0455762 2.7462092 2.3117252 2.4516647 2.3784358 2.5047842 
taxon_14   2.6238455 2.8697756 2.4141567 2.4911475 2.1583263 1.9414819 1.9814913 1.9480036 2.1327557 2.1411828 1.8912539 1.5622688 1.3548763 0.0000000 2.0165444 1.9953166 1.8441796 1.8161913 1.7786835 1.6149932 2.6913067 3.4009143 2.2804707 2.1161805 2.5047842 2.1847995 2.0383906 2.2311108 2.6401505 2.2504667 
taxon_15   4.8162140 2.5186735 2.6738640 2.7462092 2.7851790 2.0165444 2.6913067 1.9414819 2.3011617 2.3668971 1.8499048 2.0840901 2.5186735 2.0165444 0.0000000 2.2907448 1.7580628 1.7786835 1.6717061 1.3314826 2.3011617 3.0744259 2.4141567 2.3117252 2.7462092 3.0744259 3.1044299 3.8149649 2.6238455 2.7091647 
taxon_16   9.0000000 3.4478040 2.3443390 2.3443390 2.0999637 2.1497056 1.9679163 2.0094015 2.8697756 2.5472478 2.2311108 1.7683018 2.4777543 1.9953166 2.2907448 0.0000000 2.1080282 1.7479618 1.7580628 1.3976578 3.0744259 3.8149649 2.8477152 3.2381161 2.7274582 2.4911475 2.4645960 3.1682983 3.1682983 3.0177952 
taxon_17   2.5186735 2.9401397 2.6568179 2.3333094 2.6238455 2.0533165 2.0237560 1.6808247 2.4020597 2.5328248 1.8161913 1.8556741 2.2907448 1.8441796 1.7580628 2.1080282 0.0000000 1.5278240 1.4167671 1.0652731 2.3443390 2.3555333 2.0458164 2.2804707 2.3011617 2.4911475 3.1356844 3.1682983 2.6078872 2.9910067 
taxon_18   3.7399032 9.0000000 2.4911475 2.1670473 2.0383906 1.8217060 2.1080282 1.9480036 2.2216162 2.2603353 1.8732530 1.6854260 2.0094015 1.8161913 1.7786835 1.7479618 1.5278240 0.0000000 0.4655347 0.6462823 2.5619547 4.3753767 3.6091383 2.0533165 3.2756239 2.3333094 2.1847995 2.5619547 2.8697756 2.6738640 
taxon_19   2.8054505 9.0000000 2.0237560 2.0237560 1.9480036 1.9222500 1.9612198 1.8912539 2.6078872 2.2603353 1.8792054 1.6626970 1.8732530 1.7786835 1.6717061 1.7580628 1.4167671 0.4655347 0.0000000 0.6544093 2.5328248 4.0995831 2.6913067 2.0165444 3.4478040 3.2756239 2.1327557 2.4516647 2.5472478 2.1161805 
taxon_20   2.6401505 2.6913067 2.3011617 2.0919849 1.9814913 1.5661956 1.7136423 1.3548763 1.8732530 2.3117252 1.4297826 1.4430280 1.8052820 1.6149932 1.3314826 1.3976578 1.0652731 0.6462823 0.6544093 0.0000000 2.2122413 2.4777543 2.3224397 1.7734742 2.4777543 2.6913067 2.4516647 2.4777543 2.2311108 2.5328248 
taxon_21   2.9159440 3.7399032 3.6091383 2.7091647 2.4264518 2.1080282 2.2407263 2.1847995 2.3668971 2.5922619 2.0094015 2.2407263 2.6078872 2.6913067 2.3011617 3.0744259 2.3443390 2.5619547 2.5328248 2.2122413 0.0000000 2.1758709 2.4020597 2.1583263 2.9401397 2.8262852 2.4141567 3.3567840 2.5472478 2.8054505 
taxon_22   2.6401505 2.5769552 2.8262852 3.0177952 2.7274582 2.3011617 2.5472478 2.1938357 2.6913067 5.1992826 2.1583263 2.0533165 3.1044299 3.4009143 3.0744259 3.8149649 2.3555333 4.3753767 4.0995831 2.4777543 2.1758709 0.0000000 0.8849064 1.9096974 2.5186735 2.4911475 2.9651420 2.8925046 2.4020597 2.8697756 
taxon_23   2.5619547 2.6401505 2.5922619 2.4645960 2.3668971 2.0840901 2.4141567 2.0919849 2.1327557 2.8477152 1.8272616 2.1244223 2.3784358 2.2804707 2.4141567 2.8477152 2.0458164 3.6091383 2.6913067 2.3224397 2.4020597 0.8849064 0.0000000 1.3945197 2.4264518 3.0455762 2.4389517 2.9401397 2.8925046 2.7462092 
taxon_24   2.3443390 2.3901548 3.2023947 2.4020597 2.3668971 1.8614881 1.7529953 1.6192067 1.9159475 2.3784358 1.7088653 1.7184500 2.4020597 2.1161805 2.3117252 3.2381161 2.2804707 2.0533165 2.0165444 1.7734742 2.1583263 1.9096974 1.3945197 0.0000000 2.1670473 2.7274582 2.0023260 2.1080282 2.2311108 2.2907448 
taxon_25   2.4141567 2.7274582 3.3567840 3.4478040 2.9159440 2.4264518 3.4978233 2.3117252 2.1758709 3.0455762 2.0165444 2.7654410 3.0455762 2.5047842 2.7462092 2.7274582 2.3011617 3.2756239 3.4478040 2.4777543 2.9401397 2.5186735 2.4264518 2.1670473 0.0000000 4.2248707 2.3555333 3.2381161 2.1938357 2.5328248 
taxon_26   3.0177952 3.6091383 3.1044299 4.8162140 2.9159440 2.7851790 2.3011617 2.5619547 3.4478040 2.5769552 2.7851790 3.7399032 2.7462092 2.1847995 3.0744259 2.4911475 2.4911475 2.3333094 3.2756239 2.6913067 2.8262852 2.4911475 3.0455762 2.7274582 4.2248707 0.0000000 1.5166852 2.7091647 9.0000000 2.3224397 
taxon_27   2.7851790 2.9401397 2.3011617 2.3555333 2.2029820 2.2311108 2.1670473 2.1583263 2.6078872 2.2311108 2.0533165 1.9612198 2.3117252 2.0383906 3.1044299 2.4645960 3.1356844 2.1847995 2.1327557 2.4516647 2.4141567 2.9651420 2.4389517 2.0023260 2.3555333 1.5166852 0.0000000 1.9612198 2.3784358 1.9612198 
taxon_28   2.0999637 3.8983851 2.0165444 2.2703354 2.1847995 2.8925046 2.0919849 2.5619547 3.1044299 2.4516647 2.9159440 2.8054505 2.4516647 2.2311108 3.8149649 3.1682983 3.1682983 2.5619547 2.4516647 2.4777543 3.3567840 2.8925046 2.9401397 2.1080282 3.2381161 2.7091647 1.9612198 0.0000000 0.6602687 0.3782569 
taxon_29   1.8852055 2.5769552 2.5472478 3.3151067 2.5047842 2.2703354 2.6913067 2.5922619 2.5619547 3.2023947 2.3117252 2.6401505 2.3784358 2.6401505 2.6238455 3.1682983 2.6078872 2.8697756 2.5472478 2.2311108 2.5472478 2.4020597 2.8925046 2.2311108 2.1938357 9.0000000 2.3784358 0.6602687 0.0000000 0.5581377 
taxon_30   2.1411828 3.1044299 2.1497056 2.3443390 2.1327557 2.8697756 2.0999637 2.5047842 2.5328248 2.5328248 2.6238455 2.5186735 2.5047842 2.2504667 2.7091647 3.0177952 2.9910067 2.6738640 2.1161805 2.5328248 2.8054505 2.8697756 2.7462092 2.2907448 2.5328248 2.3224397 1.9612198 0.3782569 0.5581377 0.0000000 
