30
taxon_1    0.0000000 2.4020598 2.2907448 2.0533163 9.0000000 2.8054505 9.0000000 3.4978233 2.9910067 2.9401397 3.2381161 9.0000000 3.9922575 2.2804707 9.0000000 9.0000000 9.0000000 9.0000000 2.3784358 2.9651416 2.4141569 9.0000000 2.6568179 2.3901548 9.0000000 3.4478047 2.7274583 9.0000000 9.0000000 3.8983851 
taxon_2    2.4020598 0.0000000 0.8166775 2.4389525 3.4478047 3.4009145 9.0000000 3.3151067 2.4777543 2.6238449 2.4516647 9.0000000 2.7654411 3.6091382 9.0000000 3.8149649 9.0000000 3.7399032 2.3117252 3.5514163 3.2023950 9.0000000 2.1327552 2.3784358 3.1044290 3.8149649 2.3443391 9.0000000 3.0177952 3.4009145 
taxon_3    2.2907448 0.8166775 0.0000000 2.0310375 9.0000000 3.0744254 9.0000000 9.0000000 2.5769551 2.7091647 2.7091647 9.0000000 9.0000000 2.7274583 9.0000000 4.0995831 9.0000000 3.0177952 2.2603353 9.0000000 2.5472483 9.0000000 2.7091647 2.6738640 3.1356841 3.3567841 2.6913067 3.8149649 9.0000000 3.8983851 
taxon_4    2.0533163 2.4389525 2.0310375 0.0000000 4.8162140 2.2603353 3.6091382 9.0000000 2.3117252 2.7462092 2.6913067 2.9401397 2.6078871 2.6913067 3.7399032 5.1992826 4.3753767 9.0000000 3.0455762 4.2248707 9.0000000 3.3567841 2.9910067 2.9401397 9.0000000 9.0000000 2.3443391 9.0000000 3.2381161 9.0000000 
taxon_5    9.0000000 3.4478047 9.0000000 4.8162140 0.0000000 1.1598178 1.6994018 1.8161913 1.7998863 1.6192068 1.5861436 1.4633452 1.4199998 1.6319912 0.9529839 2.2804707 2.4141569 2.5619546 2.4777543 2.7462092 3.9922575 2.5328248 5.1992826 4.5638625 2.9159441 3.8149649 3.2381161 2.5619546 2.3117252 2.8262851 
taxon_6    2.8054505 3.4009145 3.0744254 2.2603353 1.1598178 0.0000000 1.7184504 1.7088657 1.6024930 1.3790233 1.3401700 1.2867766 1.2627532 1.4103431 0.8896834 9.0000000 3.3151067 3.1044290 2.4645960 5.1992826 3.1044290 9.0000000 2.5047842 2.2311108 9.0000000 3.6716745 2.3443391 9.0000000 9.0000000 2.5769551 
taxon_7    9.0000000 9.0000000 9.0000000 3.6091382 1.6994018 1.7184504 0.0000000 2.0999633 2.2804707 2.0919845 1.9414818 1.8217060 1.8384978 1.9814913 1.3032307 2.9651416 2.4645960 2.5328248 2.9651416 2.8477147 9.0000000 3.2381161 3.2756239 3.6091382 3.0744254 2.7274583 9.0000000 2.6913067 3.3151067 3.1044290 
taxon_8    3.4978233 3.3151067 9.0000000 9.0000000 1.8161913 1.7088657 2.0999633 0.0000000 2.7654411 2.0533163 2.1583256 1.7945291 2.0458163 1.9612198 1.4232466 3.1044290 2.8697757 2.9159441 3.0455762 3.0455762 9.0000000 2.7654411 2.9910067 2.9910067 2.4389525 3.1682983 9.0000000 3.2756239 3.8149649 2.7091647 
taxon_9    2.9910067 2.4777543 2.5769551 2.3117252 1.7998863 1.6024930 2.2804707 2.7654411 0.0000000 0.8538138 0.8583963 1.0221236 0.9358010 1.8673475 1.3519119 9.0000000 3.4978233 3.4009145 2.6401505 9.0000000 3.1356841 2.5769551 3.0455762 4.8162140 3.4009145 3.2381161 3.1044290 4.0995831 3.6716745 9.0000000 
taxon_10   2.9401397 2.6238449 2.7091647 2.7462092 1.6192068 1.3790233 2.0919845 2.0533163 0.8538138 0.0000000 0.3575440 0.8432289 0.7924359 1.5861436 1.2070784 9.0000000 3.7399032 4.0995831 2.4645960 9.0000000 9.0000000 9.0000000 2.6913067 3.7399032 9.0000000 9.0000000 2.8262851 9.0000000 3.0744254 9.0000000 
taxon_11   3.2381161 2.4516647 2.7091647 2.6913067 1.5861436 1.3401700 1.9414818 2.1583256 0.8583963 0.3575440 0.0000000 0.8568657 0.7924359 1.6537951 1.2193738 9.0000000 3.4009145 9.0000000 2.5922617 9.0000000 4.5638625 4.5638625 2.9159441 3.0177952 9.0000000 3.9922575 2.9651416 6.0226461 5.1992826 9.0000000 
taxon_12   9.0000000 9.0000000 9.0000000 2.9401397 1.4633452 1.2867766 1.8217060 1.7945291 1.0221236 0.8432289 0.8568657 0.0000000 0.5230378 1.8161913 1.0394765 2.6078871 2.4911475 2.5922617 3.2023950 2.5472483 4.8162140 2.4264522 9.0000000 3.2023950 3.2381161 9.0000000 3.1682983 2.9651416 2.6238449 2.9651416 
taxon_13   3.9922575 2.7654411 9.0000000 2.6078871 1.4199998 1.2627532 1.8384978 2.0458163 0.9358010 0.7924359 0.7924359 0.5230378 0.0000000 1.5544766 1.1089136 4.0995831 3.8149649 3.4978233 2.5472483 2.8697757 9.0000000 4.2248707 3.4478047 3.0455762 9.0000000 4.5638625 2.6738640 9.0000000 3.4478047 4.0995831 
taxon_14   2.2804707 3.6091382 2.7274583 2.6913067 1.6319912 1.4103431 1.9814913 1.9612198 1.8673475 1.5861436 1.6537951 1.8161913 1.5544766 0.0000000 1.2168985 2.9651416 2.8697757 4.8162140 3.3151067 9.0000000 3.1682983 2.7851790 2.9910067 2.4516647 9.0000000 3.4478047 3.1682983 4.5638625 9.0000000 9.0000000 
taxon_15   9.0000000 9.0000000 9.0000000 3.7399032 0.9529839 0.8896834 1.3032307 1.4232466 1.3519119 1.2070784 1.2193738 1.0394765 1.1089136 1.2168985 0.0000000 2.6238449 2.6568179 2.2122419 2.7091647 2.5619546 4.3753767 2.1758711 3.0177952 9.0000000 3.2756239 3.8983851 9.0000000 2.7274583 3.0744254 2.6738640 
taxon_16   9.0000000 3.8149649 4.0995831 5.1992826 2.2804707 9.0000000 2.9651416 3.1044290 9.0000000 9.0000000 9.0000000 2.6078871 4.0995831 2.9651416 2.6238449 0.0000000 3.6716745 2.3784358 3.3151067 2.8925047 4.2248707 3.2381161 9.0000000 3.4478047 2.8262851 2.6401505 3.4978233 2.7274583 2.6401505 2.7654411 
taxon_17   9.0000000 9.0000000 9.0000000 4.3753767 2.4141569 3.3151067 2.4645960 2.8697757 3.4978233 3.7399032 3.4009145 2.4911475 3.8149649 2.8697757 2.6568179 3.6716745 0.0000000 2.9401397 3.0744254 2.7462092 9.0000000 2.2907448 2.9910067 3.8149649 2.6238449 2.8925047 9.0000000 2.6238449 2.6401505 2.3443391 
taxon_18   9.0000000 3.7399032 3.0177952 9.0000000 2.5619546 3.1044290 2.5328248 2.9159441 3.4009145 4.0995831 9.0000000 2.5922617 3.4978233 4.8162140 2.2122419 2.3784358 2.9401397 0.0000000 0.5279527 1.8852054 2.0533163 2.8925047 9.0000000 3.7399032 2.5922617 9.0000000 3.1682983 2.3668971 2.0919845 2.4389525 
taxon_19   2.3784358 2.3117252 2.2603353 3.0455762 2.4777543 2.4645960 2.9651416 3.0455762 2.6401505 2.4645960 2.5922617 3.2023950 2.5472483 3.3151067 2.7091647 3.3151067 3.0744254 0.5279527 0.0000000 1.8852054 1.6319912 9.0000000 2.7654411 2.5769551 9.0000000 9.0000000 2.4020598 4.5638625 2.5328248 3.0455762 
taxon_20   2.9651416 3.5514163 9.0000000 4.2248707 2.7462092 5.1992826 2.8477147 3.0455762 9.0000000 9.0000000 9.0000000 2.5472483 2.8697757 9.0000000 2.5619546 2.8925047 2.7462092 1.8852054 1.8852054 0.0000000 1.3343672 2.2504667 9.0000000 9.0000000 2.2603353 2.3668971 4.0995831 2.5186735 2.5047842 2.6238449 
taxon_21   2.4141569 3.2023950 2.5472483 9.0000000 3.9922575 3.1044290 9.0000000 9.0000000 3.1356841 9.0000000 4.5638625 4.8162140 9.0000000 3.1682983 4.3753767 4.2248707 9.0000000 2.0533163 1.6319912 1.3343672 0.0000000 3.4009145 3.4978233 2.6738640 3.3567841 3.4009145 2.6738640 9.0000000 3.3151067 3.4009145 
taxon_22   9.0000000 9.0000000 9.0000000 3.3567841 2.5328248 9.0000000 3.2381161 2.7654411 2.5769551 9.0000000 4.5638625 2.4264522 4.2248707 2.7851790 2.1758711 3.2381161 2.2907448 2.8925047 9.0000000 2.2504667 3.4009145 0.0000000 2.9910067 2.5619546 2.3443391 2.9401397 2.4264522 2.0094014 2.1938360 2.0310375 
taxon_23   2.6568179 2.1327552 2.7091647 2.9910067 5.1992826 2.5047842 3.2756239 2.9910067 3.0455762 2.6913067 2.9159441 9.0000000 3.4478047 2.9910067 3.0177952 9.0000000 2.9910067 9.0000000 2.7654411 9.0000000 3.4978233 2.9910067 0.0000000 0.9443433 9.0000000 4.8162140 2.5922617 3.2381161 9.0000000 9.0000000 
taxon_24   2.3901548 2.3784358 2.6738640 2.9401397 4.5638625 2.2311108 3.6091382 2.9910067 4.8162140 3.7399032 3.0177952 3.2023950 3.0455762 2.4516647 9.0000000 3.4478047 3.8149649 3.7399032 2.5769551 9.0000000 2.6738640 2.5619546 0.9443433 0.0000000 3.3151067 2.6913067 2.2311108 5.1992826 4.8162140 3.4009145 
taxon_25   9.0000000 3.1044290 3.1356841 9.0000000 2.9159441 9.0000000 3.0744254 2.4389525 3.4009145 9.0000000 9.0000000 3.2381161 9.0000000 9.0000000 3.2756239 2.8262851 2.6238449 2.5922617 9.0000000 2.2603353 3.3567841 2.3443391 9.0000000 3.3151067 0.0000000 1.3759620 2.4645960 1.7232892 1.8107168 1.7945291 
taxon_26   3.4478047 3.8149649 3.3567841 9.0000000 3.8149649 3.6716745 2.7274583 3.1682983 3.2381161 9.0000000 3.9922575 9.0000000 4.5638625 3.4478047 3.8983851 2.6401505 2.8925047 9.0000000 9.0000000 2.3668971 3.4009145 2.9401397 4.8162140 2.6913067 1.3759620 0.0000000 2.0310375 1.6319912 1.6449973 1.4984805 
taxon_27   2.7274583 2.3443391 2.6913067 2.3443391 3.2381161 2.3443391 9.0000000 9.0000000 3.1044290 2.8262851 2.9651416 3.1682983 2.6738640 3.1682983 9.0000000 3.4978233 9.0000000 3.1682983 2.4020598 4.0995831 2.6738640 2.4264522 2.5922617 2.2311108 2.4645960 2.0310375 0.0000000 1.9814913 2.0237559 1.8052820 
taxon_28   9.0000000 9.0000000 3.8149649 9.0000000 2.5619546 9.0000000 2.6913067 3.2756239 4.0995831 9.0000000 6.0226461 2.9651416 9.0000000 4.5638625 2.7274583 2.7274583 2.6238449 2.3668971 4.5638625 2.5186735 9.0000000 2.0094014 3.2381161 5.1992826 1.7232892 1.6319912 1.9814913 0.0000000 1.5429379 1.2471547 
taxon_29   9.0000000 3.0177952 9.0000000 3.2381161 2.3117252 9.0000000 3.3151067 3.8149649 3.6716745 3.0744254 5.1992826 2.6238449 3.4478047 9.0000000 3.0744254 2.6401505 2.6401505 2.0919845 2.5328248 2.5047842 3.3151067 2.1938360 9.0000000 4.8162140 1.8107168 1.6449973 2.0237559 1.5429379 0.0000000 0.7189787 
taxon_30   3.8983851 3.4009145 3.8983851 9.0000000 2.8262851 2.5769551 3.1044290 2.7091647 9.0000000 9.0000000 9.0000000 2.9651416 4.0995831 9.0000000 2.6738640 2.7654411 2.3443391 2.4389525 3.0455762 2.6238449 3.4009145 2.0310375 9.0000000 3.4009145 1.7945291 1.4984805 1.8052820 1.2471547 0.7189787 0.0000000 
