30
taxon_1    0.0000000 2.0023260 2.0165444 1.6319912 1.2977049 1.6947143 1.5429379 1.4565115 1.4599206 1.8732530 1.5901977 2.0762775 2.0165444 2.3224389 2.5619547 2.2407260 2.5769552 2.5328249 3.5514175 2.0094015 2.2216168 2.8925047 3.3567841 2.7654408 4.3753767 6.0226461 9.0000000 2.1497056 1.8384978 1.7683027 
taxon_2    2.0023260 0.0000000 1.0672945 0.6509158 1.8052820 2.0023260 1.8107168 2.1411828 1.7945291 2.7654408 2.7091646 2.7091646 2.2603349 2.4389525 3.3567841 3.9922575 4.0995831 9.0000000 2.3443391 3.4478047 9.0000000 2.5186735 2.3901548 9.0000000 3.2381161 3.0455762 2.9401397 3.7399033 3.5514175 2.9159441 
taxon_3    2.0165444 1.0672945 0.0000000 0.4637221 1.8912539 2.2504664 1.9679163 2.1670474 1.6449973 3.0177949 2.9401397 3.4009144 2.4389525 2.2703350 3.2381161 4.5638625 3.3567841 9.0000000 3.0455762 3.2381161 3.4978232 2.2603349 2.7091646 9.0000000 3.2023949 3.4009144 3.2023949 2.6401505 2.6738640 2.9401397 
taxon_4    1.6319912 0.6509158 0.4637221 0.0000000 1.5821113 1.9612198 1.6626972 2.0165444 1.5278241 2.7462091 2.7462091 2.6238455 2.1497056 2.2216168 3.6091383 3.1044299 9.0000000 9.0000000 3.1044299 2.9159441 3.0744259 2.4777543 2.6568178 9.0000000 2.9401397 2.9159441 2.7091646 2.5769552 2.8054498 2.9910066 
taxon_5    1.2977049 1.8052820 1.8912539 1.5821113 0.0000000 1.6671883 1.5353429 1.4984805 1.3032298 2.1497056 1.8052820 2.2407260 1.7580636 2.0383906 2.4645960 2.5922619 2.5769552 3.0744259 2.5769552 2.3443391 2.6738640 2.2703350 2.3224389 3.2756238 2.4389525 2.4516647 2.4645960 2.3333085 2.5186735 2.6401505 
taxon_6    1.6947143 2.0023260 2.2504664 1.9612198 1.6671883 0.0000000 0.4951500 2.0840900 1.9883721 2.7654408 3.1356842 3.0455762 2.1327557 3.1044299 9.0000000 3.5514175 4.0995831 9.0000000 2.8697757 4.5638625 9.0000000 2.3011610 2.8262852 9.0000000 2.7274582 2.7091646 2.7851786 9.0000000 3.4978232 3.6716745 
taxon_7    1.5429379 1.8107168 1.9679163 1.6626972 1.5353429 0.4951500 0.0000000 1.8217060 1.5353429 2.2907443 2.1938359 2.6401505 1.8441796 2.4645960 9.0000000 3.6091383 9.0000000 9.0000000 3.2023949 3.0744259 3.3151061 2.2804702 2.4645960 4.3753767 2.5328249 2.6738640 3.0744259 2.9651420 2.6078875 2.8477153 
taxon_8    1.4565115 2.1411828 2.1670474 2.0165444 1.4984805 2.0840900 1.8217060 0.0000000 0.7812937 1.2394749 1.0754357 1.3913947 1.2922205 3.8149657 2.2504664 2.3901548 2.6401505 2.6078875 9.0000000 2.0023260 2.2804702 9.0000000 3.0455762 2.5922619 6.0226461 4.5638625 4.5638625 2.3443391 2.6913067 2.3668971 
taxon_9    1.4599206 1.7945291 1.6449973 1.5278241 1.3032298 1.9883721 1.5353429 0.7812937 0.0000000 1.3004623 1.0754357 1.3144031 1.1025219 2.3784358 3.8149657 9.0000000 9.0000000 9.0000000 2.7091646 2.2703350 2.5922619 2.4020598 2.5619547 3.2023949 2.3333085 2.2703350 2.3443391 2.5769552 3.0455762 2.6913067 
taxon_10   1.8732530 2.7654408 3.0177949 2.7462091 2.1497056 2.7654408 2.2907443 1.2394749 1.3004623 0.0000000 0.2233609 1.2813704 1.1949810 3.2381161 2.4777543 2.3555333 2.5769552 2.8262852 3.8983851 1.9746731 2.7274582 3.1682983 2.6738640 2.4389525 3.4978232 4.5638625 9.0000000 2.3784358 2.5619547 3.6716745 
taxon_11   1.5901977 2.7091646 2.9401397 2.7462091 1.8052820 3.1356842 2.1938359 1.0754357 1.0754357 0.2233609 0.0000000 1.0836662 1.0107743 3.3567841 2.6738640 2.5769552 3.0455762 2.8054498 3.8149657 1.9746731 2.6738640 3.8149657 2.7462091 2.8925047 9.0000000 9.0000000 9.0000000 2.3668971 2.5769552 2.9910066 
taxon_12   2.0762775 2.7091646 3.4009144 2.6238455 2.2407260 3.0455762 2.6401505 1.3913947 1.3144031 1.2813704 1.0836662 0.0000000 1.3228947 2.8925047 2.4389525 2.3117245 2.8477153 2.3784358 3.8983851 2.1938359 2.5472484 3.3567841 4.2248707 2.8262852 4.0995831 3.8983851 9.0000000 2.4911475 2.3333085 2.5922619 
taxon_13   2.0165444 2.2603349 2.4389525 2.1497056 1.7580636 2.1327557 1.8441796 1.2922205 1.1025219 1.1949810 1.0107743 1.3228947 0.0000000 2.4911475 2.8697757 4.8162140 9.0000000 3.4009144 2.6738640 2.8697757 2.2907443 2.8262852 2.5922619 9.0000000 2.9910066 3.0455762 2.8925047 3.0455762 2.8925047 2.9401397 
taxon_14   2.3224389 2.4389525 2.2703350 2.2216168 2.0383906 3.1044299 2.4645960 3.8149657 2.3784358 3.2381161 3.3567841 2.8925047 2.4911475 0.0000000 3.6091383 2.6078875 2.3668971 2.5769552 2.0685454 1.7479625 2.3117245 1.9953166 2.4264522 3.8149657 2.5922619 2.3784358 2.1847996 2.0023260 2.4645960 2.9159441 
taxon_15   2.5619547 3.3567841 3.2381161 3.6091383 2.4645960 9.0000000 9.0000000 2.2504664 3.8149657 2.4777543 2.6738640 2.4389525 2.8697757 3.6091383 0.0000000 0.8770116 1.1328290 1.2977049 1.2022157 1.3519119 1.4948919 2.2216168 3.2381161 2.6568178 4.2248707 3.4978232 2.9401397 1.4039736 2.2122417 2.6078875 
taxon_16   2.2407260 3.9922575 4.5638625 3.1044299 2.5922619 3.5514175 3.6091383 2.3901548 9.0000000 2.3555333 2.5769552 2.3117245 4.8162140 2.6078875 0.8770116 0.0000000 0.8313122 0.9634859 0.9409148 1.0433881 1.2268484 1.8732530 2.4389525 2.2703350 2.5769552 2.4911475 2.3117245 1.1417180 2.4777543 2.1847996 
taxon_17   2.5769552 4.0995831 3.3567841 9.0000000 2.5769552 4.0995831 9.0000000 2.6401505 9.0000000 2.5769552 3.0455762 2.8477153 9.0000000 2.3668971 1.1328290 0.8313122 0.0000000 0.8770116 0.8094660 1.0240322 1.3489591 1.9814913 2.5769552 2.0840900 2.4020598 2.2504664 2.1583263 1.1484545 3.0177949 2.4645960 
taxon_18   2.5328249 9.0000000 9.0000000 9.0000000 3.0744259 9.0000000 9.0000000 2.6078875 9.0000000 2.8262852 2.8054498 2.3784358 3.4009144 2.5769552 1.2977049 0.9634859 0.8770116 0.0000000 0.7744129 1.1901963 1.4772024 2.1497056 2.9910066 2.1327557 2.4020598 2.2603349 2.2907443 1.3430883 2.4264522 2.3668971 
taxon_19   3.5514175 2.3443391 3.0455762 3.1044299 2.5769552 2.8697757 3.2023949 9.0000000 2.7091646 3.8983851 3.8149657 3.8983851 2.6738640 2.0685454 1.2022157 0.9409148 0.8094660 0.7744129 0.0000000 1.1350414 1.4667856 1.7479625 1.9746731 2.3784358 1.9159475 1.9953166 1.9679163 1.3032298 3.0744259 2.6738640 
taxon_20   2.0094015 3.4478047 3.2381161 2.9159441 2.3443391 4.5638625 3.0744259 2.0023260 2.2703350 1.9746731 1.9746731 2.1938359 2.8697757 1.7479625 1.3519119 1.0433881 1.0240322 1.1901963 1.1350414 0.0000000 0.6951871 1.1417180 1.6149933 1.5130088 1.6108033 1.5391308 1.5093502 0.5319078 2.0458164 2.0840900 
taxon_21   2.2216168 9.0000000 3.4978232 3.0744259 2.6738640 9.0000000 3.3151061 2.2804702 2.5922619 2.7274582 2.6738640 2.5472484 2.2907443 2.3117245 1.4948919 1.2268484 1.3489591 1.4772024 1.4667856 0.6951871 0.0000000 1.1878153 1.5315741 1.6149933 1.6537951 1.5741112 1.5353429 0.5695173 2.0094015 2.1244223 
taxon_22   2.8925047 2.5186735 2.2603349 2.4777543 2.2703350 2.3011610 2.2804702 9.0000000 2.4020598 3.1682983 3.8149657 3.3567841 2.8262852 1.9953166 2.2216168 1.8732530 1.9814913 2.1497056 1.7479625 1.1417180 1.1878153 0.0000000 0.8660966 1.1529794 1.0051633 0.9190032 0.8785839 0.7648846 2.5619547 3.4009144 
taxon_23   3.3567841 2.3901548 2.7091646 2.6568178 2.3224389 2.8262852 2.4645960 3.0455762 2.5619547 2.6738640 2.7462091 4.2248707 2.5922619 2.4264522 3.2381161 2.4389525 2.5769552 2.9910066 1.9746731 1.6149933 1.5315741 0.8660966 0.0000000 1.4297826 1.2497314 1.1218639 1.0532567 1.1925848 9.0000000 9.0000000 
taxon_24   2.7654408 9.0000000 9.0000000 9.0000000 3.2756238 9.0000000 4.3753767 2.5922619 3.2023949 2.4389525 2.8925047 2.8262852 9.0000000 3.8149657 2.6568178 2.2703350 2.0840900 2.1327557 2.3784358 1.5130088 1.6149933 1.1529794 1.4297826 0.0000000 0.0862366 0.2032646 0.3118214 1.2549128 2.8477153 2.3668971 
taxon_25   4.3753767 3.2381161 3.2023949 2.9401397 2.4389525 2.7274582 2.5328249 6.0226461 2.3333085 3.4978232 9.0000000 4.0995831 2.9910066 2.5922619 4.2248707 2.5769552 2.4020598 2.4020598 1.9159475 1.6108033 1.6537951 1.0051633 1.2497314 0.0862366 0.0000000 0.1215306 0.2240182 1.2840683 5.1992826 3.0177949 
taxon_26   6.0226461 3.0455762 3.4009144 2.9159441 2.4516647 2.7091646 2.6738640 4.5638625 2.2703350 4.5638625 9.0000000 3.8983851 3.0455762 2.3784358 3.4978232 2.4911475 2.2504664 2.2603349 1.9953166 1.5391308 1.5741112 0.9190032 1.1218639 0.2032646 0.1215306 0.0000000 0.1152472 1.1713570 3.2756238 3.4478047 
taxon_27   9.0000000 2.9401397 3.2023949 2.7091646 2.4645960 2.7851786 3.0744259 4.5638625 2.3443391 9.0000000 9.0000000 9.0000000 2.8925047 2.1847996 2.9401397 2.3117245 2.1583263 2.2907443 1.9679163 1.5093502 1.5353429 0.8785839 1.0532567 0.3118214 0.2240182 0.1152472 0.0000000 1.1218639 3.6716745 2.7851786 
taxon_28   2.1497056 3.7399033 2.6401505 2.5769552 2.3333085 9.0000000 2.9651420 2.3443391 2.5769552 2.3784358 2.3668971 2.4911475 3.0455762 2.0023260 1.4039736 1.1417180 1.1484545 1.3430883 1.3032298 0.5319078 0.5695173 0.7648846 1.1925848 1.2549128 1.2840683 1.1713570 1.1218639 0.0000000 2.1497056 1.9350163 
taxon_29   1.8384978 3.5514175 2.6738640 2.8054498 2.5186735 3.4978232 2.6078875 2.6913067 3.0455762 2.5619547 2.5769552 2.3333085 2.8925047 2.4645960 2.2122417 2.4777543 3.0177949 2.4264522 3.0744259 2.0458164 2.0094015 2.5619547 9.0000000 2.8477153 5.1992826 3.2756238 3.6716745 2.1497056 0.0000000 0.8342737 
taxon_30   1.7683027 2.9159441 2.9401397 2.9910066 2.6401505 3.6716745 2.8477153 2.3668971 2.6913067 3.6716745 2.9910066 2.5922619 2.9401397 2.9159441 2.6078875 2.1847996 2.4645960 2.3668971 2.6738640 2.0840900 2.1244223 3.4009144 9.0000000 2.3668971 3.0177949 3.4478047 2.7851786 1.9350163 0.8342737 0.0000000 
