30
taxon_1    0.0000000 9.0000000 0.7561218 0.7461398 0.7607034 0.7764934 0.7398561 9.0000000 9.0000000 9.0000000 0.7764934 0.7812015 9.0000000 0.7718147 9.0000000 9.0000000 9.0000000 9.0000000 9.0000000 0.7515680 0.7488490 0.7897513 0.8032478 9.0000000 0.7849894 9.0000000 0.8401323 9.0000000 9.0000000 9.0000000 
taxon_2    9.0000000 0.0000000 9.0000000 9.0000000 9.0000000 9.0000000 9.0000000 0.7802575 0.7764934 0.7653131 9.0000000 9.0000000 0.7983997 9.0000000 0.7680926 0.7506606 0.7802575 0.7407505 0.6989764 9.0000000 9.0000000 9.0000000 9.0000000 0.7398561 9.0000000 0.6972853 9.0000000 0.8013048 0.7506606 0.7570359 
taxon_3    0.7561218 9.0000000 0.0000000 0.7161004 0.7812015 0.7935828 0.7542970 9.0000000 9.0000000 9.0000000 0.7533862 0.7774327 9.0000000 0.7764934 9.0000000 9.0000000 9.0000000 9.0000000 9.0000000 0.7774327 0.7783731 0.7897513 0.8032478 9.0000000 0.7868906 9.0000000 0.8340265 9.0000000 9.0000000 9.0000000 
taxon_4    0.7461398 9.0000000 0.7161004 0.0000000 0.7699513 0.7727481 0.7552088 9.0000000 9.0000000 9.0000000 0.7634658 0.7974339 9.0000000 0.7783731 9.0000000 9.0000000 9.0000000 9.0000000 9.0000000 0.7345117 0.7336246 0.8120542 0.7840406 9.0000000 0.7764934 9.0000000 0.8219619 9.0000000 9.0000000 9.0000000 
taxon_5    0.7607034 9.0000000 0.7812015 0.7699513 0.0000000 0.5518665 0.5014219 9.0000000 9.0000000 9.0000000 0.7300869 0.8140253 9.0000000 0.7607034 9.0000000 9.0000000 9.0000000 9.0000000 9.0000000 0.7152349 0.7588674 0.7625438 0.7345117 9.0000000 0.7416461 9.0000000 0.7699513 9.0000000 9.0000000 9.0000000 
taxon_6    0.7764934 9.0000000 0.7935828 0.7727481 0.5518665 0.0000000 0.4444484 9.0000000 9.0000000 9.0000000 0.7425427 0.8209652 9.0000000 0.7515680 9.0000000 9.0000000 9.0000000 9.0000000 9.0000000 0.7126442 0.7213148 0.8013048 0.8013048 9.0000000 0.7783731 9.0000000 0.8091072 9.0000000 9.0000000 9.0000000 
taxon_7    0.7398561 9.0000000 0.7542970 0.7552088 0.5014219 0.4444484 0.0000000 9.0000000 9.0000000 9.0000000 0.6998234 0.8022757 9.0000000 0.7616230 9.0000000 9.0000000 9.0000000 9.0000000 9.0000000 0.6897222 0.7248113 0.7821467 0.7802575 9.0000000 0.7524766 9.0000000 0.7812015 9.0000000 9.0000000 9.0000000 
taxon_8    9.0000000 0.7802575 9.0000000 9.0000000 9.0000000 9.0000000 9.0000000 0.0000000 0.7755553 0.7736827 9.0000000 9.0000000 0.7955058 9.0000000 0.7625438 0.7736827 0.8032478 0.7916646 0.7625438 9.0000000 9.0000000 9.0000000 9.0000000 0.7625438 9.0000000 0.7570359 9.0000000 0.8081275 0.7840406 0.8061718 
taxon_9    9.0000000 0.7764934 9.0000000 9.0000000 9.0000000 9.0000000 9.0000000 0.7755553 0.0000000 0.2084638 2.3426742 9.0000000 0.7812015 9.0000000 0.8249599 0.8150128 0.8013048 0.7755553 0.7515680 9.0000000 9.0000000 9.0000000 9.0000000 0.7926231 9.0000000 0.7470418 9.0000000 0.7859394 0.7916646 0.7802575 
taxon_10   9.0000000 0.7653131 9.0000000 9.0000000 9.0000000 9.0000000 9.0000000 0.7736827 0.2084638 0.0000000 1.9283932 9.0000000 0.7793147 9.0000000 0.8229599 0.7849894 0.8022757 0.7515680 0.7300869 9.0000000 9.0000000 9.0000000 9.0000000 0.8081275 9.0000000 0.7230610 9.0000000 0.7783731 0.7812015 0.7746184 
taxon_11   0.7764934 9.0000000 0.7533862 0.7634658 0.7300869 0.7425427 0.6998234 9.0000000 2.3426742 1.9283932 0.0000000 0.7680926 9.0000000 0.7389627 9.0000000 9.0000000 9.0000000 9.0000000 9.0000000 0.6740018 0.6715495 0.7887965 0.8022757 9.0000000 0.7708824 9.0000000 0.7887965 9.0000000 9.0000000 9.0000000 
taxon_12   0.7812015 9.0000000 0.7774327 0.7974339 0.8140253 0.8209652 0.8022757 9.0000000 9.0000000 9.0000000 0.7680926 0.0000000 1.0661821 0.6772841 9.0000000 9.0000000 9.0000000 9.0000000 9.0000000 0.7407505 0.7353998 0.7643889 0.7497543 9.0000000 0.7407505 9.0000000 0.8100883 9.0000000 9.0000000 9.0000000 
taxon_13   9.0000000 0.7983997 9.0000000 9.0000000 9.0000000 9.0000000 9.0000000 0.7955058 0.7812015 0.7793147 9.0000000 1.0661821 0.0000000 9.0000000 0.7309697 0.7230610 0.7616230 0.7143703 0.6202938 9.0000000 9.0000000 9.0000000 9.0000000 0.7588674 9.0000000 0.7362889 9.0000000 0.8130391 0.7764934 0.7533862 
taxon_14   0.7718147 9.0000000 0.7764934 0.7783731 0.7607034 0.7515680 0.7616230 9.0000000 9.0000000 9.0000000 0.7389627 0.6772841 9.0000000 0.0000000 9.0000000 9.0000000 9.0000000 4.5819356 1.8818995 0.6443029 0.6626257 0.7470418 0.7389627 9.0000000 0.7204432 9.0000000 0.7821467 9.0000000 9.0000000 9.0000000 
taxon_15   9.0000000 0.7680926 9.0000000 9.0000000 9.0000000 9.0000000 9.0000000 0.7625438 0.8249599 0.8229599 9.0000000 9.0000000 0.7309697 9.0000000 0.0000000 0.6466676 0.7135068 0.5463212 0.4137355 9.0000000 9.0000000 9.0000000 9.0000000 0.7416461 9.0000000 0.7023701 9.0000000 0.8140253 0.7479448 0.7671649 
taxon_16   9.0000000 0.7506606 9.0000000 9.0000000 9.0000000 9.0000000 9.0000000 0.7736827 0.8150128 0.7849894 9.0000000 9.0000000 0.7230610 9.0000000 0.6466676 0.0000000 0.7169670 0.5326348 0.4414400 9.0000000 9.0000000 9.0000000 9.0000000 0.7708824 9.0000000 0.7006713 9.0000000 0.7718147 0.7452389 0.7345117 
taxon_17   9.0000000 0.7802575 9.0000000 9.0000000 9.0000000 9.0000000 9.0000000 0.8032478 0.8013048 0.8022757 9.0000000 9.0000000 0.7616230 9.0000000 0.7135068 0.7169670 0.0000000 0.4777324 0.5511711 9.0000000 9.0000000 9.0000000 9.0000000 0.7964692 9.0000000 0.7662384 9.0000000 0.8022757 0.7718147 0.7570359 
taxon_18   9.0000000 0.7407505 9.0000000 9.0000000 9.0000000 9.0000000 9.0000000 0.7916646 0.7755553 0.7515680 9.0000000 9.0000000 0.7143703 4.5819356 0.5463212 0.5326348 0.4777324 0.0000000 0.2627593 3.6641041 9.0000000 9.0000000 9.0000000 0.7300869 9.0000000 0.6570017 9.0000000 0.7830931 0.7161004 0.6642403 
taxon_19   9.0000000 0.6989764 9.0000000 9.0000000 9.0000000 9.0000000 9.0000000 0.7625438 0.7515680 0.7300869 9.0000000 9.0000000 0.6202938 1.8818995 0.4137355 0.4414400 0.5511711 0.2627593 0.0000000 1.7575553 2.0564638 9.0000000 9.0000000 0.6789307 3.9253341 0.5483959 9.0000000 0.7488490 0.6482482 0.5904096 
taxon_20   0.7515680 9.0000000 0.7774327 0.7345117 0.7152349 0.7126442 0.6897222 9.0000000 9.0000000 9.0000000 0.6740018 0.7407505 9.0000000 0.6443029 9.0000000 9.0000000 9.0000000 3.6641041 1.7575553 0.0000000 0.2235799 0.4572173 0.4468639 1.4374252 0.3847876 0.8401323 0.6797553 9.0000000 2.7972761 2.0360544 
taxon_21   0.7488490 9.0000000 0.7783731 0.7336246 0.7588674 0.7213148 0.7248113 9.0000000 9.0000000 9.0000000 0.6715495 0.7353998 9.0000000 0.6626257 9.0000000 9.0000000 9.0000000 9.0000000 2.0564638 0.2235799 0.0000000 0.5040283 0.4859707 1.5985776 0.4271652 1.0051945 0.7398561 9.0000000 2.9175325 2.4570257 
taxon_22   0.7897513 9.0000000 0.7897513 0.8120542 0.7625438 0.8013048 0.7821467 9.0000000 9.0000000 9.0000000 0.7887965 0.7643889 9.0000000 0.7470418 9.0000000 9.0000000 9.0000000 9.0000000 9.0000000 0.4572173 0.5040283 0.0000000 0.2036378 0.7452389 0.1363413 1.6042168 0.7690214 9.0000000 9.0000000 9.0000000 
taxon_23   0.8032478 9.0000000 0.8032478 0.7840406 0.7345117 0.8013048 0.7802575 9.0000000 9.0000000 9.0000000 0.8022757 0.7497543 9.0000000 0.7389627 9.0000000 9.0000000 9.0000000 9.0000000 9.0000000 0.4468639 0.4859707 0.2036378 0.0000000 0.6955980 0.1115684 1.4745844 0.7983997 9.0000000 9.0000000 9.0000000 
taxon_24   9.0000000 0.7398561 9.0000000 9.0000000 9.0000000 9.0000000 9.0000000 0.7625438 0.7926231 0.8081275 9.0000000 9.0000000 0.7588674 9.0000000 0.7416461 0.7708824 0.7964692 0.7300869 0.6789307 1.4374252 1.5985776 0.7452389 0.6955980 0.0000000 0.5014219 0.4108476 9.0000000 0.7634658 0.6922348 0.6888866 
taxon_25   0.7849894 9.0000000 0.7868906 0.7764934 0.7416461 0.7783731 0.7524766 9.0000000 9.0000000 9.0000000 0.7708824 0.7407505 9.0000000 0.7204432 9.0000000 9.0000000 9.0000000 9.0000000 3.9253341 0.3847876 0.4271652 0.1363413 0.1115684 0.5014219 0.0000000 1.2570395 0.7579511 9.0000000 9.0000000 9.0000000 
taxon_26   9.0000000 0.6972853 9.0000000 9.0000000 9.0000000 9.0000000 9.0000000 0.7570359 0.7470418 0.7230610 9.0000000 9.0000000 0.7362889 9.0000000 0.7023701 0.7006713 0.7662384 0.6570017 0.5483959 0.8401323 1.0051945 1.6042168 1.4745844 0.4108476 1.2570395 0.0000000 9.0000000 0.7309697 0.6256482 0.5845730 
taxon_27   0.8401323 9.0000000 0.8340265 0.8219619 0.7699513 0.8091072 0.7812015 9.0000000 9.0000000 9.0000000 0.7887965 0.8100883 9.0000000 0.7821467 9.0000000 9.0000000 9.0000000 9.0000000 9.0000000 0.6797553 0.7398561 0.7690214 0.7983997 9.0000000 0.7579511 9.0000000 0.0000000 1.0457449 9.0000000 9.0000000 
taxon_28   9.0000000 0.8013048 9.0000000 9.0000000 9.0000000 9.0000000 9.0000000 0.8081275 0.7859394 0.7783731 9.0000000 9.0000000 0.8130391 9.0000000 0.8140253 0.7718147 0.8022757 0.7830931 0.7488490 9.0000000 9.0000000 9.0000000 9.0000000 0.7634658 9.0000000 0.7309697 1.0457449 0.0000000 0.6658584 0.6341403 
taxon_29   9.0000000 0.7506606 9.0000000 9.0000000 9.0000000 9.0000000 9.0000000 0.7840406 0.7916646 0.7812015 9.0000000 9.0000000 0.7764934 9.0000000 0.7479448 0.7452389 0.7718147 0.7161004 0.6482482 2.7972761 2.9175325 9.0000000 9.0000000 0.6922348 9.0000000 0.6256482 9.0000000 0.6658584 0.0000000 0.5463212 
taxon_30   9.0000000 0.7570359 9.0000000 9.0000000 9.0000000 9.0000000 9.0000000 0.8061718 0.7802575 0.7746184 9.0000000 9.0000000 0.7533862 9.0000000 0.7671649 0.7345117 0.7570359 0.6642403 0.5904096 2.0360544 2.4570257 9.0000000 9.0000000 0.6888866 9.0000000 0.5845730 9.0000000 0.6341403 0.5463212 0.0000000 
