30
taxon_1    0.0000000 0.7643884 9.0000000 3.5056223 9.0000000 0.7117824 0.7579506 9.0000000 0.8535348 9.0000000 9.0000000 9.0000000 0.8370732 9.0000000 9.0000000 0.8091063 9.0000000 0.8340265 0.8249599 9.0000000 0.8401323 0.8587540 9.0000000 0.8452588 0.8189758 9.0000000 0.8071481 9.0000000 9.0000000 0.8209652 
taxon_2    0.7643884 0.0000000 0.9875762 1.8537457 3.9253341 0.6052036 0.7524762 9.0000000 0.8259619 9.0000000 9.0000000 9.0000000 0.8259619 9.0000000 9.0000000 0.8299833 9.0000000 0.8130391 0.8360563 9.0000000 0.8279699 0.8330137 9.0000000 0.7964684 0.8249599 9.0000000 0.8279699 9.0000000 9.0000000 0.8022748 
taxon_3    9.0000000 0.9875762 0.0000000 0.5387633 0.7143701 1.5391940 2.6467731 0.8110706 9.0000000 0.8140253 0.8229599 0.8169917 9.0000000 0.8340265 0.8524953 9.0000000 0.7964684 9.0000000 9.0000000 0.8239592 9.0000000 9.0000000 0.8051950 9.0000000 9.0000000 0.8051950 9.0000000 0.8150128 0.8042203 9.0000000 
taxon_4    3.5056223 1.8537457 0.5387633 0.0000000 0.5630822 0.9255377 2.7700001 0.8091063 9.0000000 0.8081265 0.8022748 0.8150128 9.0000000 0.8309921 0.8483516 9.0000000 0.8259619 9.0000000 9.0000000 0.8279699 9.0000000 9.0000000 0.8239592 9.0000000 9.0000000 0.8120542 9.0000000 0.8120542 0.8100873 9.0000000 
taxon_5    9.0000000 3.9253341 0.7143701 0.5630822 0.0000000 1.1792669 3.6212353 0.8199698 9.0000000 0.8169917 0.7783725 0.8239592 9.0000000 0.8081265 0.8391112 9.0000000 0.7983989 9.0000000 9.0000000 0.8199698 9.0000000 9.0000000 0.8350407 9.0000000 9.0000000 0.7945429 9.0000000 0.8071481 0.8071481 9.0000000 
taxon_6    0.7117824 0.6052036 1.5391940 0.9255377 1.1792669 0.0000000 0.6490397 9.0000000 0.8120542 9.0000000 9.0000000 9.0000000 0.8229599 9.0000000 9.0000000 0.8110706 9.0000000 0.8071481 0.8299833 9.0000000 0.7926223 0.8219619 9.0000000 0.8330137 0.7983989 9.0000000 0.7907066 9.0000000 9.0000000 0.7868899 
taxon_7    0.7579506 0.7524762 2.6467731 2.7700001 3.6212353 0.6490397 0.0000000 9.0000000 0.8421787 9.0000000 9.0000000 9.0000000 0.8100873 9.0000000 9.0000000 0.8299833 9.0000000 0.8061709 0.8051950 9.0000000 0.8130391 0.8042203 9.0000000 0.7907066 0.7398557 9.0000000 0.8249599 9.0000000 3.0413428 0.6570016 
taxon_8    9.0000000 9.0000000 0.8110706 0.8091063 0.8199698 9.0000000 9.0000000 0.0000000 3.1013744 0.7032207 0.7221872 0.7708819 9.0000000 0.7983989 0.8110706 9.0000000 0.7764928 9.0000000 9.0000000 0.7916638 9.0000000 9.0000000 0.8209652 9.0000000 9.0000000 0.7964684 9.0000000 0.7727475 0.6955978 1.9641143 
taxon_9    0.8535348 0.8259619 9.0000000 9.0000000 9.0000000 0.8120542 0.8421787 3.1013744 0.0000000 2.4748836 9.0000000 9.0000000 0.7812009 9.0000000 9.0000000 0.8219619 9.0000000 0.8169917 0.8120542 9.0000000 0.7983989 0.7634653 9.0000000 0.8100873 0.8535348 9.0000000 0.7821461 9.0000000 9.0000000 0.7109218 
taxon_10   9.0000000 9.0000000 0.8140253 0.8081265 0.8169917 9.0000000 9.0000000 0.7032207 2.4748836 0.0000000 0.7718141 0.8179831 3.7095725 0.7727475 0.7398557 9.0000000 0.8051950 9.0000000 9.0000000 0.8179831 9.0000000 9.0000000 0.8150128 9.0000000 9.0000000 0.8013040 9.0000000 0.7746178 0.7542965 2.5711695 
taxon_11   9.0000000 9.0000000 0.8229599 0.8022748 0.7783725 9.0000000 9.0000000 0.7221872 9.0000000 0.7718141 0.0000000 0.6939143 1.9641143 0.6905586 0.7015200 2.2303150 0.6707337 2.4839746 3.6641041 0.7561214 9.0000000 2.0616541 0.8239592 9.0000000 9.0000000 0.7840400 9.0000000 0.7653126 0.6781068 1.7967560 
taxon_12   9.0000000 9.0000000 0.8169917 0.8150128 0.8239592 9.0000000 9.0000000 0.7708819 9.0000000 0.8179831 0.6939143 0.0000000 2.4570257 0.7327383 0.7380700 2.4931772 0.7213146 2.8255813 9.0000000 0.7793141 9.0000000 9.0000000 0.8160016 9.0000000 9.0000000 0.8061709 9.0000000 0.8091063 0.7821461 9.0000000 
taxon_13   0.8370732 0.8259619 9.0000000 9.0000000 9.0000000 0.8229599 0.8100873 9.0000000 0.7812009 3.7095725 1.9641143 2.4570257 0.0000000 1.4173049 1.3849255 0.5623763 1.9733169 0.5483964 0.7515676 9.0000000 0.7265654 0.7006711 9.0000000 0.8032469 0.8229599 9.0000000 0.8032469 9.0000000 9.0000000 0.6349180 
taxon_14   9.0000000 9.0000000 0.8340265 0.8309921 0.8081265 9.0000000 9.0000000 0.7983989 9.0000000 0.7727475 0.6905586 0.7327383 1.4173049 0.0000000 0.5539571 2.4748836 0.6756411 2.4310115 9.0000000 0.7662379 9.0000000 9.0000000 0.7955050 9.0000000 9.0000000 0.8279699 9.0000000 0.7821461 0.7727475 3.1897122 
taxon_15   9.0000000 9.0000000 0.8524953 0.8483516 0.8391112 9.0000000 9.0000000 0.8110706 9.0000000 0.7398557 0.7015200 0.7380700 1.3849255 0.5539571 0.0000000 2.4659015 0.6458785 2.2434732 9.0000000 0.7812009 9.0000000 9.0000000 0.8160016 9.0000000 9.0000000 0.7964684 9.0000000 0.8140253 0.7830924 3.5806849 
taxon_16   0.8091063 0.8299833 9.0000000 9.0000000 9.0000000 0.8110706 0.8299833 9.0000000 0.8219619 9.0000000 2.2303150 2.4931772 0.5623763 2.4748836 2.4659015 0.0000000 1.9641143 0.5751850 0.7955050 9.0000000 0.7690208 0.7152347 9.0000000 0.8259619 0.8330137 9.0000000 0.8091063 9.0000000 4.4451945 0.6772840 
taxon_17   9.0000000 9.0000000 0.7964684 0.8259619 0.7983989 9.0000000 9.0000000 0.7764928 9.0000000 0.8051950 0.6707337 0.7213146 1.9733169 0.6756411 0.6458785 1.9641143 0.0000000 1.0552130 9.0000000 0.8160016 9.0000000 3.8653021 0.8160016 9.0000000 9.0000000 0.8229599 9.0000000 0.7680921 0.7616226 3.1013744 
taxon_18   0.8340265 0.8130391 9.0000000 9.0000000 9.0000000 0.8071481 0.8061709 9.0000000 0.8169917 9.0000000 2.4839746 2.8255813 0.5483964 2.4310115 2.2434732 0.5751850 1.0552130 0.0000000 0.7727475 9.0000000 0.7407502 0.7230608 9.0000000 0.8110706 0.8330137 9.0000000 0.8022748 9.0000000 3.7579762 0.6972851 
taxon_19   0.8249599 0.8360563 9.0000000 9.0000000 9.0000000 0.8299833 0.8051950 9.0000000 0.8120542 9.0000000 3.6641041 9.0000000 0.7515676 9.0000000 9.0000000 0.7955050 9.0000000 0.7727475 0.0000000 1.4465440 0.8042203 0.7345113 9.0000000 0.8051950 0.7993660 9.0000000 0.7916638 9.0000000 9.0000000 0.7178343 
taxon_20   9.0000000 9.0000000 0.8239592 0.8279699 0.8199698 9.0000000 9.0000000 0.7916638 9.0000000 0.8179831 0.7561214 0.7793141 9.0000000 0.7662379 0.7812009 9.0000000 0.8160016 9.0000000 1.4465440 0.0000000 9.0000000 9.0000000 0.8169917 9.0000000 9.0000000 0.8042203 9.0000000 0.8071481 0.7746178 9.0000000 
taxon_21   0.8401323 0.8279699 9.0000000 9.0000000 9.0000000 0.7926223 0.8130391 9.0000000 0.7983989 9.0000000 9.0000000 9.0000000 0.7265654 9.0000000 9.0000000 0.7690208 9.0000000 0.7407502 0.8042203 9.0000000 0.0000000 0.6225847 9.0000000 0.7935820 0.7727475 9.0000000 0.7907066 9.0000000 9.0000000 0.7066337 
taxon_22   0.8587540 0.8330137 9.0000000 9.0000000 9.0000000 0.8219619 0.8042203 9.0000000 0.7634653 9.0000000 2.0616541 9.0000000 0.7006711 9.0000000 9.0000000 0.7152347 3.8653021 0.7230608 0.7345113 9.0000000 0.6225847 0.0000000 9.0000000 0.7907066 0.8340265 9.0000000 0.8091063 9.0000000 3.5806849 0.6310420 
taxon_23   9.0000000 9.0000000 0.8051950 0.8239592 0.8350407 9.0000000 9.0000000 0.8209652 9.0000000 0.8150128 0.8239592 0.8160016 9.0000000 0.7955050 0.8160016 9.0000000 0.8160016 9.0000000 9.0000000 0.8169917 9.0000000 9.0000000 0.0000000 9.0000000 9.0000000 0.7533858 3.4054735 0.8022748 0.7213146 9.0000000 
taxon_24   0.8452588 0.7964684 9.0000000 9.0000000 9.0000000 0.8330137 0.7907066 9.0000000 0.8100873 9.0000000 9.0000000 9.0000000 0.8032469 9.0000000 9.0000000 0.8259619 9.0000000 0.8110706 0.8051950 9.0000000 0.7935820 0.7907066 9.0000000 0.0000000 0.7169667 3.2381161 0.7204430 4.7492932 2.5920042 0.7230608 
taxon_25   0.8189758 0.8249599 9.0000000 9.0000000 9.0000000 0.7983989 0.7398557 9.0000000 0.8535348 9.0000000 9.0000000 9.0000000 0.8229599 9.0000000 9.0000000 0.8330137 9.0000000 0.8330137 0.7993660 9.0000000 0.7727475 0.8340265 9.0000000 0.7169667 0.0000000 0.6772840 0.6756411 9.0000000 2.3202845 0.6814071 
taxon_26   9.0000000 9.0000000 0.8051950 0.8120542 0.7945429 9.0000000 9.0000000 0.7964684 9.0000000 0.8013040 0.7840400 0.8061709 9.0000000 0.8279699 0.7964684 9.0000000 0.8229599 9.0000000 9.0000000 0.8042203 9.0000000 9.0000000 0.7533858 3.2381161 0.6772840 0.0000000 2.2843925 0.7345113 0.6666687 2.5119281 
taxon_27   0.8071481 0.8279699 9.0000000 9.0000000 9.0000000 0.7907066 0.8249599 9.0000000 0.7821461 9.0000000 9.0000000 9.0000000 0.8032469 9.0000000 9.0000000 0.8091063 9.0000000 0.8022748 0.7916638 9.0000000 0.7907066 0.8091063 3.4054735 0.7204430 0.6756411 2.2843925 0.0000000 2.9175331 1.7236120 0.6356956 
taxon_28   9.0000000 9.0000000 0.8150128 0.8120542 0.8071481 9.0000000 9.0000000 0.7727475 9.0000000 0.7746178 0.7653126 0.8091063 9.0000000 0.7821461 0.8140253 9.0000000 0.7680921 9.0000000 9.0000000 0.8071481 9.0000000 9.0000000 0.8022748 4.7492932 9.0000000 0.7345113 2.9175331 0.0000000 0.3274589 1.4442539 
taxon_29   9.0000000 9.0000000 0.8042203 0.8100873 0.8071481 9.0000000 3.0413428 0.6955978 9.0000000 0.7542965 0.6781068 0.7821461 9.0000000 0.7727475 0.7830924 4.4451945 0.7616226 3.7579762 9.0000000 0.7746178 9.0000000 3.5806849 0.7213146 2.5920042 2.3202845 0.6666687 1.7236120 0.3274589 0.0000000 0.8442307 
taxon_30   0.8209652 0.8022748 9.0000000 9.0000000 9.0000000 0.7868899 0.6570016 1.9641143 0.7109218 2.5711695 1.7967560 9.0000000 0.6349180 3.1897122 3.5806849 0.6772840 3.1013744 0.6972851 0.7178343 9.0000000 0.7066337 0.6310420 9.0000000 0.7230608 0.6814071 2.5119281 0.6356956 1.4442539 0.8442307 0.0000000 
