30
taxon_1    0.0000000 0.5027836 0.9628854 1.4585239 1.3520463 1.5789189 0.8864954 0.3075157 1.6290660 1.0798672 1.7360844 2.0175238 2.6529970 1.4521948 2.1569483 2.7712183 2.6849167 1.4004502 3.0845203 1.3830075 1.3575814 1.3249676 1.4876852 1.6093799 1.5460670 2.9570960 1.4183081 1.4366017 1.2539687 1.1233004 
taxon_2    0.5027836 0.0000000 1.1523096 1.6871058 1.6914286 1.8238476 1.1172275 0.5514244 1.8342645 1.2563919 2.0950575 2.4856395 9.0000000 1.3631576 2.3917671 3.0572445 3.4314879 1.4273992 2.9570960 1.4093260 1.5751968 1.4778383 1.6700597 2.1100580 1.5864190 3.6927179 1.6016479 1.6093799 1.3659613 1.3858866 
taxon_3    0.9628854 1.1523096 0.0000000 0.7945437 0.7280842 2.7531453 1.6132760 1.0226439 9.0000000 1.4490501 2.8687587 3.5771049 9.0000000 1.6211295 3.4314879 9.0000000 9.0000000 1.6290660 9.0000000 1.6132760 1.8555425 1.5751968 1.7224063 3.9968168 1.6016479 9.0000000 1.7690059 1.7360844 1.5354286 2.2985439 
taxon_4    1.4585239 1.6871058 0.7945437 0.0000000 0.3953394 1.4273992 1.1273765 1.5425041 1.6016479 3.0309261 1.5532441 1.4876852 1.6828078 9.0000000 1.5284192 1.5354286 1.5751968 3.0309261 1.5751968 3.4769563 9.0000000 3.4314879 5.0365368 1.6451956 9.0000000 1.7314973 9.0000000 9.0000000 3.1728575 1.3772823 
taxon_5    1.3520463 1.6914286 0.7280842 0.3953394 0.0000000 1.4649069 1.0479475 1.3830075 1.5425041 3.6927179 1.5389580 1.5111771 1.5901973 9.0000000 1.5939948 1.6171924 1.6411306 4.5166766 1.6290660 9.0000000 9.0000000 3.5253596 9.0000000 1.4843885 9.0000000 1.6451956 9.0000000 9.0000000 3.7579765 1.3117862 
taxon_6    1.5789189 1.8238476 2.7531453 1.4273992 1.4649069 0.0000000 0.9260583 1.6533924 1.6132760 9.0000000 1.5077757 1.6211295 1.8395276 3.3886191 1.5864190 1.6290660 1.6785343 9.0000000 1.6828078 5.5562928 3.3095987 9.0000000 9.0000000 1.5354286 9.0000000 1.6290660 9.0000000 9.0000000 9.0000000 1.3772823 
taxon_7    0.8864954 1.1172275 1.6132760 1.1273765 1.0479475 0.9260583 0.0000000 0.9845295 1.3548087 2.5110656 1.3945908 1.5145939 1.4943224 3.5253596 1.5043897 1.4976632 1.4713447 3.0054999 1.5789189 4.5166766 3.4314879 3.3886191 4.2125759 1.3039872 9.0000000 1.6871058 3.2381159 9.0000000 3.7579765 1.0953717 
taxon_8    0.3075157 0.5514244 1.0226439 1.5425041 1.3830075 1.6533924 0.9845295 0.0000000 1.4004502 0.9862206 1.5180264 1.8034382 2.3917671 1.3249676 1.8830181 2.2422675 2.1815407 1.2254842 2.4028785 1.2860988 1.3170310 1.2911664 1.4063557 1.4713447 1.5604905 2.8687587 1.4093260 1.5354286 1.2025467 0.9612460 
taxon_9    1.6290660 1.8342645 9.0000000 1.6016479 1.5425041 1.6132760 1.3548087 1.4004502 0.0000000 2.5786789 1.4778383 1.5568586 1.8135735 9.0000000 1.5532441 1.4243566 1.4335216 2.4028785 1.7406998 9.0000000 9.0000000 3.2047772 9.0000000 1.5425041 9.0000000 1.7642136 9.0000000 9.0000000 9.0000000 1.3830075 
taxon_10   1.0798672 1.2563919 1.4490501 3.0309261 3.6927179 9.0000000 2.5110656 0.9862206 2.5786789 0.0000000 1.8342645 4.2125759 3.9084795 1.7547188 9.0000000 9.0000000 9.0000000 1.7500166 9.0000000 1.6742850 1.5901973 1.5751968 1.6700597 3.0572445 1.7835695 3.3480687 1.6055039 1.7089732 1.6616797 2.3083479 
taxon_11   1.7360844 2.0950575 2.8687587 1.5532441 1.5389580 1.5077757 1.3945908 1.5180264 1.4778383 1.8342645 0.0000000 1.5460670 1.5714931 9.0000000 1.7224063 1.6211295 1.6250872 9.0000000 1.8501661 9.0000000 3.4314879 9.0000000 9.0000000 1.5826596 9.0000000 1.5901973 5.0365368 9.0000000 9.0000000 1.3492940 
taxon_12   2.0175238 2.4856395 3.5771049 1.4876852 1.5111771 1.6211295 1.5145939 1.8034382 1.5568586 4.2125759 1.5460670 0.0000000 1.6171924 3.0845203 1.4843885 1.6093799 1.6451956 3.2730057 1.5826596 2.6075286 3.0572445 2.9809075 9.0000000 1.3830075 9.0000000 1.7934380 9.0000000 9.0000000 2.7712183 1.1868978 
taxon_13   2.6529970 9.0000000 9.0000000 1.6828078 1.5901973 1.8395276 1.4943224 2.3917671 1.8135735 3.9084795 1.5714931 1.6171924 0.0000000 9.0000000 1.5496470 1.5425041 1.5532441 3.8294580 1.6250872 9.0000000 9.0000000 9.0000000 9.0000000 1.4876852 9.0000000 1.7089732 3.9084795 4.7324386 3.0309261 1.3687756 
taxon_14   1.4521948 1.3631576 1.6211295 9.0000000 9.0000000 3.3886191 3.5253596 1.3249676 9.0000000 1.7547188 9.0000000 3.0845203 9.0000000 0.0000000 0.5244197 1.2162249 1.2395912 0.7919259 1.3492940 0.7209185 1.5678076 1.4063557 1.7269380 3.5771049 1.7269380 9.0000000 1.6742850 1.7547188 1.6055039 1.8501661 
taxon_15   2.1569483 2.3917671 3.4314879 1.5284192 1.5939948 1.5864190 1.5043897 1.8830181 1.5532441 9.0000000 1.7224063 1.4843885 1.5496470 0.5244197 0.0000000 0.7841268 0.8077715 1.0120555 0.9075389 0.9229398 3.0054999 2.3488983 9.0000000 1.4585239 9.0000000 1.6370875 9.0000000 9.0000000 9.0000000 1.1868978 
taxon_16   2.7712183 3.0572445 9.0000000 1.5354286 1.6171924 1.6290660 1.4976632 2.2422675 1.4243566 9.0000000 1.6211295 1.6093799 1.5425041 1.2162249 0.7841268 0.0000000 0.1583214 0.2766527 0.8939433 0.9276225 2.6223806 2.1569483 9.0000000 1.4396945 9.0000000 1.8719068 9.0000000 9.0000000 9.0000000 1.2810652 
taxon_17   2.6849167 3.4314879 9.0000000 1.5751968 1.6411306 1.6785343 1.4713447 2.1815407 1.4335216 9.0000000 1.6250872 1.6451956 1.5532441 1.2395912 0.8077715 0.1583214 0.0000000 0.2720655 0.9090648 0.9354924 2.5373841 2.3083479 9.0000000 1.5111771 9.0000000 1.7884875 9.0000000 9.0000000 9.0000000 1.3276319 
taxon_18   1.4004502 1.4273992 1.6290660 3.0309261 4.5166766 9.0000000 3.0054999 1.2254842 2.4028785 1.7500166 9.0000000 3.2730057 3.8294580 0.7919259 1.0120555 0.2766527 0.2720655 0.0000000 1.1459982 0.5973671 1.4213262 1.2937130 1.6957764 2.5508980 1.7500166 9.0000000 1.7001496 1.7269380 1.5864190 1.9657791 
taxon_19   3.0845203 2.9570960 9.0000000 1.5751968 1.6290660 1.6828078 1.5789189 2.4028785 1.7406998 9.0000000 1.8501661 1.5826596 1.6250872 1.3492940 0.9075389 0.8939433 0.9090648 1.1459982 0.0000000 0.9244975 2.6075286 2.8482095 9.0000000 1.5826596 9.0000000 1.6370875 9.0000000 9.0000000 3.2047772 1.3329890 
taxon_20   1.3830075 1.4093260 1.6132760 3.4769563 9.0000000 5.5562928 4.5166766 1.2860988 9.0000000 1.6742850 9.0000000 2.6075286 9.0000000 0.7209185 0.9229398 0.9276225 0.9354924 0.5973671 0.9244975 0.0000000 1.3975147 1.3830075 1.7224063 2.5508980 1.7179018 9.0000000 1.7224063 1.7934380 1.5389580 1.8395276 
taxon_21   1.3575814 1.5751968 1.8555425 9.0000000 9.0000000 3.3095987 3.4314879 1.3170310 9.0000000 1.5901973 3.4314879 3.0572445 9.0000000 1.5678076 3.0054999 2.6223806 2.5373841 1.4213262 2.6075286 1.3975147 0.0000000 1.5180264 1.8135735 9.0000000 1.7594507 9.0000000 1.7314973 1.8719068 1.7179018 2.4732425 
taxon_22   1.3249676 1.4778383 1.5751968 3.4314879 3.5253596 9.0000000 3.3886191 1.2911664 3.2047772 1.5751968 9.0000000 2.9809075 9.0000000 1.4063557 2.3488983 2.1569483 2.3083479 1.2937130 2.8482095 1.3830075 1.5180264 0.0000000 1.7314973 2.9116275 1.8034382 9.0000000 1.6016479 1.8609577 1.5604905 2.0042491 
taxon_23   1.4876852 1.6700597 1.7224063 5.0365368 9.0000000 9.0000000 4.2125759 1.4063557 9.0000000 1.6700597 9.0000000 9.0000000 9.0000000 1.7269380 9.0000000 9.0000000 9.0000000 1.6957764 9.0000000 1.7224063 1.8135735 1.7314973 0.0000000 2.9116275 1.5939948 9.0000000 1.8342645 1.8342645 1.6575246 2.4856395 
taxon_24   1.6093799 2.1100580 3.9968168 1.6451956 1.4843885 1.5354286 1.3039872 1.4713447 1.5425041 3.0572445 1.5826596 1.3830075 1.4876852 3.5771049 1.4585239 1.4396945 1.5111771 2.5508980 1.5826596 2.5508980 9.0000000 2.9116275 2.9116275 0.0000000 2.4982448 1.3801395 2.3808180 2.5786789 1.5354286 0.7091258 
taxon_25   1.5460670 1.5864190 1.6016479 9.0000000 9.0000000 9.0000000 9.0000000 1.5604905 9.0000000 1.7835695 9.0000000 9.0000000 9.0000000 1.7269380 9.0000000 9.0000000 9.0000000 1.7500166 9.0000000 1.7179018 1.7594507 1.8034382 1.5939948 2.4982448 0.0000000 2.8282083 1.3687756 1.4459186 1.0424530 2.0108571 
taxon_26   2.9570960 3.6927179 9.0000000 1.7314973 1.6451956 1.6290660 1.6871058 2.8687587 1.7642136 3.3480687 1.5901973 1.7934380 1.7089732 9.0000000 1.6370875 1.8719068 1.7884875 9.0000000 1.6370875 9.0000000 9.0000000 9.0000000 9.0000000 1.3801395 2.8282083 0.0000000 1.6957764 3.2047772 1.5460670 1.2835778 
taxon_27   1.4183081 1.6016479 1.7690059 9.0000000 9.0000000 9.0000000 3.2381159 1.4093260 9.0000000 1.6055039 5.0365368 9.0000000 3.9084795 1.6742850 9.0000000 9.0000000 9.0000000 1.7001496 9.0000000 1.7224063 1.7314973 1.6016479 1.8342645 2.3808180 1.3687756 1.6957764 0.0000000 1.4745845 0.9794790 1.6871058 
taxon_28   1.4366017 1.6093799 1.7360844 9.0000000 9.0000000 9.0000000 9.0000000 1.5354286 9.0000000 1.7089732 9.0000000 9.0000000 4.7324386 1.7547188 9.0000000 9.0000000 9.0000000 1.7269380 9.0000000 1.7934380 1.8719068 1.8609577 1.8342645 2.5786789 1.4459186 3.2047772 1.4745845 0.0000000 1.2116377 2.4372356 
taxon_29   1.2539687 1.3659613 1.5354286 3.1728575 3.7579765 9.0000000 3.7579765 1.2025467 9.0000000 1.6616797 9.0000000 2.7712183 3.0309261 1.6055039 9.0000000 9.0000000 9.0000000 1.5864190 3.2047772 1.5389580 1.7179018 1.5604905 1.6575246 1.5354286 1.0424530 1.5460670 0.9794790 1.2116377 0.0000000 1.2686271 
taxon_30   1.1233004 1.3858866 2.2985439 1.3772823 1.3117862 1.3772823 1.0953717 0.9612460 1.3830075 2.3083479 1.3492940 1.1868978 1.3687756 1.8501661 1.1868978 1.2810652 1.3276319 1.9657791 1.3329890 1.8395276 2.4732425 2.0042491 2.4856395 0.7091258 2.0108571 1.2835778 1.6871058 2.4372356 1.2686271 0.0000000 
