30
taxon_1    0.0000000 9.0000000 9.0000000 9.0000000 9.0000000 9.0000000 1.1149723 1.4963253 9.0000000 2.8856131 2.1067319 9.0000000 1.0940408 1.0974891 1.1776621 1.1700090 1.0686721 0.9116966 9.0000000 1.1114429 1.1365048 9.0000000 1.0571207 3.3339911 9.0000000 1.1586738 1.1026914 0.8774200 9.0000000 1.0297866 
taxon_2    9.0000000 0.0000000 1.0906083 1.2294076 1.2050801 1.2439711 9.0000000 1.1530699 1.2356145 1.2356145 1.1991199 1.1873396 9.0000000 9.0000000 9.0000000 9.0000000 9.0000000 9.0000000 1.1932066 9.0000000 9.0000000 1.1757415 9.0000000 1.1719150 1.1256613 9.0000000 9.0000000 9.0000000 1.2191755 9.0000000 
taxon_3    9.0000000 1.0906083 0.0000000 1.1256613 1.1061798 1.1185184 9.0000000 1.1185184 1.1892902 1.0736776 1.0871915 1.1991199 9.0000000 9.0000000 9.0000000 9.0000000 9.0000000 9.0000000 1.2356145 9.0000000 9.0000000 1.1892902 9.0000000 1.1026914 1.1892902 9.0000000 9.0000000 9.0000000 1.1853941 9.0000000 
taxon_4    9.0000000 1.2294076 1.1256613 0.0000000 0.5521454 0.5656289 1.1079301 0.9662406 1.2545496 1.1079301 1.1079301 1.2566833 9.0000000 9.0000000 9.0000000 9.0000000 9.0000000 9.0000000 1.2652794 9.0000000 9.0000000 1.2631211 9.0000000 1.1700090 1.1834536 9.0000000 9.0000000 9.0000000 1.1700090 9.0000000 
taxon_5    9.0000000 1.2050801 1.1061798 0.5521454 0.0000000 0.5977705 1.2011014 0.9561540 1.2376949 1.2110881 1.1512111 1.1971436 9.0000000 9.0000000 9.0000000 9.0000000 9.0000000 9.0000000 1.2294076 9.0000000 9.0000000 1.2212108 9.0000000 1.1383274 1.2335398 9.0000000 9.0000000 9.0000000 1.1202978 9.0000000 
taxon_6    9.0000000 1.2439711 1.1185184 0.5656289 0.5977705 0.0000000 1.0489773 0.9518724 1.2030881 1.1026914 1.0940408 1.2090801 9.0000000 9.0000000 9.0000000 9.0000000 9.0000000 9.0000000 1.2939172 9.0000000 9.0000000 1.1815181 9.0000000 1.1643200 1.2294076 9.0000000 9.0000000 9.0000000 1.1719150 9.0000000 
taxon_7    1.1149723 9.0000000 9.0000000 1.1079301 1.2011014 1.0489773 0.0000000 2.9046008 9.0000000 9.0000000 9.0000000 9.0000000 1.2294076 1.1776621 1.1991199 1.2397812 1.2050801 1.2545496 9.0000000 1.2503003 1.1971436 9.0000000 1.1951725 9.0000000 9.0000000 1.1512111 1.1549332 1.1475074 9.0000000 1.1292584 
taxon_8    1.4963253 1.1530699 1.1185184 0.9662406 0.9561540 0.9518724 2.9046008 0.0000000 1.0425257 0.8336211 0.6626257 1.0505989 9.0000000 4.0043545 9.0000000 9.0000000 9.0000000 2.4987535 1.1132056 9.0000000 9.0000000 1.0266353 9.0000000 0.9103489 1.0329511 9.0000000 9.0000000 1.8993132 1.1853941 2.4344284 
taxon_9    9.0000000 1.2356145 1.1892902 1.2545496 1.2376949 1.2030881 9.0000000 1.0425257 0.0000000 1.1220814 1.0345384 1.1643200 9.0000000 9.0000000 9.0000000 9.0000000 9.0000000 9.0000000 1.1662116 9.0000000 9.0000000 1.1991199 9.0000000 1.1776621 1.1568012 9.0000000 9.0000000 9.0000000 1.2232516 9.0000000 
taxon_10   2.8856131 1.2356145 1.0736776 1.1079301 1.2110881 1.1026914 9.0000000 0.8336211 1.1220814 0.0000000 0.5741809 1.2335398 9.0000000 9.0000000 9.0000000 9.0000000 9.0000000 9.0000000 1.1700090 9.0000000 9.0000000 1.1310635 9.0000000 1.0787168 1.1512111 9.0000000 9.0000000 9.0000000 1.2070775 9.0000000 
taxon_11   2.1067319 1.1991199 1.0871915 1.1079301 1.1512111 1.0940408 9.0000000 0.6626257 1.0345384 0.5741809 0.0000000 1.1757415 9.0000000 9.0000000 9.0000000 9.0000000 9.0000000 9.0000000 1.1365048 9.0000000 9.0000000 1.1586738 9.0000000 1.0571207 1.1549332 9.0000000 9.0000000 9.0000000 1.2335398 9.0000000 
taxon_12   9.0000000 1.1873396 1.1991199 1.2566833 1.1971436 1.2090801 9.0000000 1.0505989 1.1643200 1.2335398 1.1757415 0.0000000 2.5815145 2.7972761 9.0000000 2.9046008 9.0000000 9.0000000 1.2050801 9.0000000 9.0000000 1.1951725 9.0000000 1.2232516 1.2397812 9.0000000 9.0000000 9.0000000 1.2849885 9.0000000 
taxon_13   1.0940408 9.0000000 9.0000000 9.0000000 9.0000000 9.0000000 1.2294076 9.0000000 9.0000000 9.0000000 9.0000000 2.5815145 0.0000000 0.8215630 0.8722830 0.9063202 1.1971436 1.1096844 9.0000000 1.2739751 1.1719150 9.0000000 1.1834536 9.0000000 9.0000000 1.2191755 1.2151214 1.1738258 9.0000000 1.2273499 
taxon_14   1.0974891 9.0000000 9.0000000 9.0000000 9.0000000 9.0000000 1.1776621 4.0043545 9.0000000 9.0000000 9.0000000 2.7972761 0.8215630 0.0000000 0.9023131 0.8085192 1.1310635 1.1549332 9.0000000 1.2252980 1.2212108 9.0000000 1.2418732 9.0000000 9.0000000 1.2717917 1.2191755 1.1419860 9.0000000 1.1568012 
taxon_15   1.1776621 9.0000000 9.0000000 9.0000000 9.0000000 9.0000000 1.1991199 9.0000000 9.0000000 9.0000000 9.0000000 9.0000000 0.8722830 0.9023131 0.0000000 0.6031149 1.1719150 1.1274577 9.0000000 1.1834536 1.2273499 9.0000000 1.2545496 9.0000000 9.0000000 1.2460749 1.1912458 1.2171457 9.0000000 1.2252980 
taxon_16   1.1700090 9.0000000 9.0000000 9.0000000 9.0000000 9.0000000 1.2397812 9.0000000 9.0000000 9.0000000 9.0000000 2.9046008 0.9063202 0.8085192 0.6031149 0.0000000 1.1456624 1.1549332 9.0000000 1.3006842 1.2739751 9.0000000 1.2418732 9.0000000 9.0000000 1.2503003 1.2335398 1.1951725 9.0000000 1.2030881 
taxon_17   1.0686721 9.0000000 9.0000000 9.0000000 9.0000000 9.0000000 1.2050801 9.0000000 9.0000000 9.0000000 9.0000000 9.0000000 1.1971436 1.1310635 1.1719150 1.1456624 0.0000000 0.7497542 9.0000000 1.1991199 1.1114429 9.0000000 1.1383274 9.0000000 9.0000000 1.1061798 1.1185184 0.8800018 9.0000000 0.9633449 
taxon_18   0.9116966 9.0000000 9.0000000 9.0000000 9.0000000 9.0000000 1.2545496 2.4987535 9.0000000 9.0000000 9.0000000 9.0000000 1.1096844 1.1549332 1.1274577 1.1549332 0.7497542 0.0000000 9.0000000 1.0871915 0.9988544 3.0529710 0.9253086 1.6636830 3.4439437 1.0064687 0.9943227 0.5837021 9.0000000 0.7751804 
taxon_19   9.0000000 1.1932066 1.2356145 1.2652794 1.2294076 1.2939172 9.0000000 1.1132056 1.1662116 1.1700090 1.1365048 1.2050801 9.0000000 9.0000000 9.0000000 9.0000000 9.0000000 9.0000000 0.0000000 2.9440845 9.0000000 1.1044336 9.0000000 1.0234972 1.0820952 9.0000000 9.0000000 2.3847413 1.1643200 3.2087005 
taxon_20   1.1114429 9.0000000 9.0000000 9.0000000 9.0000000 9.0000000 1.2503003 9.0000000 9.0000000 9.0000000 9.0000000 9.0000000 1.2739751 1.2252980 1.1834536 1.3006842 1.1991199 1.0871915 2.9440845 0.0000000 1.1776621 9.0000000 1.1185184 3.1531196 9.0000000 1.1310635 1.1220814 0.9076607 9.0000000 1.0157090 
taxon_21   1.1365048 9.0000000 9.0000000 9.0000000 9.0000000 9.0000000 1.1971436 9.0000000 9.0000000 9.0000000 9.0000000 9.0000000 1.1719150 1.2212108 1.2273499 1.2739751 1.1114429 0.9988544 9.0000000 1.1776621 0.0000000 9.0000000 1.0489773 2.4659015 9.0000000 1.0940408 1.0720054 0.8851921 9.0000000 0.9883226 
taxon_22   9.0000000 1.1757415 1.1892902 1.2631211 1.2212108 1.1815181 9.0000000 1.0266353 1.1991199 1.1310635 1.1586738 1.1951725 9.0000000 9.0000000 9.0000000 9.0000000 9.0000000 3.0529710 1.1044336 9.0000000 9.0000000 0.0000000 2.2857957 0.7945436 0.9988544 9.0000000 4.8283096 1.9514175 1.1662116 2.6069406 
taxon_23   1.0571207 9.0000000 9.0000000 9.0000000 9.0000000 9.0000000 1.1951725 9.0000000 9.0000000 9.0000000 9.0000000 9.0000000 1.1834536 1.2418732 1.2545496 1.2418732 1.1383274 0.9253086 9.0000000 1.1185184 1.0489773 2.2857957 0.0000000 1.4424269 2.3202845 0.9928182 0.9253086 0.7230610 9.0000000 0.8956818 
taxon_24   3.3339911 1.1719150 1.1026914 1.1700090 1.1383274 1.1643200 9.0000000 0.9103489 1.1776621 1.0787168 1.0571207 1.2232516 9.0000000 9.0000000 9.0000000 9.0000000 9.0000000 1.6636830 1.0234972 3.1531196 2.4659015 0.7945436 1.4424269 0.0000000 0.6635940 1.7451583 1.6139017 0.9794117 1.0670109 1.4846519 
taxon_25   9.0000000 1.1256613 1.1892902 1.1834536 1.2335398 1.2294076 9.0000000 1.0329511 1.1568012 1.1512111 1.1549332 1.2397812 9.0000000 9.0000000 9.0000000 9.0000000 9.0000000 3.4439437 1.0820952 9.0000000 9.0000000 0.9988544 2.3202845 0.6635940 0.0000000 1.8794445 1.8137776 1.8273731 1.1700090 2.5100319 
taxon_26   1.1586738 9.0000000 9.0000000 9.0000000 9.0000000 9.0000000 1.1512111 9.0000000 9.0000000 9.0000000 9.0000000 9.0000000 1.2191755 1.2717917 1.2460749 1.2503003 1.1061798 1.0064687 9.0000000 1.1310635 1.0940408 9.0000000 0.9928182 1.7451583 1.8794445 0.0000000 0.3198634 0.8495922 9.0000000 0.9691476 
taxon_27   1.1026914 9.0000000 9.0000000 9.0000000 9.0000000 9.0000000 1.1549332 9.0000000 9.0000000 9.0000000 9.0000000 9.0000000 1.2151214 1.2191755 1.1912458 1.2335398 1.1185184 0.9943227 9.0000000 1.1220814 1.0720054 4.8283096 0.9253086 1.6139017 1.8137776 0.3198634 0.0000000 0.8311939 9.0000000 0.9547241 
taxon_28   0.8774200 9.0000000 9.0000000 9.0000000 9.0000000 9.0000000 1.1475074 1.8993132 9.0000000 9.0000000 9.0000000 9.0000000 1.1738258 1.1419860 1.2171457 1.1951725 0.8800018 0.5837021 2.3847413 0.9076607 0.8851921 1.9514175 0.7230610 0.9794117 1.8273731 0.8495922 0.8311939 0.0000000 2.4042229 0.4714565 
taxon_29   9.0000000 1.2191755 1.1853941 1.1700090 1.1202978 1.1719150 9.0000000 1.1853941 1.2232516 1.2070775 1.2335398 1.2849885 9.0000000 9.0000000 9.0000000 9.0000000 9.0000000 9.0000000 1.1643200 9.0000000 9.0000000 1.1662116 9.0000000 1.0670109 1.1700090 9.0000000 9.0000000 2.4042229 0.0000000 9.0000000 
taxon_30   1.0297866 9.0000000 9.0000000 9.0000000 9.0000000 9.0000000 1.1292584 2.4344284 9.0000000 9.0000000 9.0000000 9.0000000 1.2273499 1.1568012 1.2252980 1.2030881 0.9633449 0.7751804 3.2087005 1.0157090 0.9883226 2.6069406 0.8956818 1.4846519 2.5100319 0.9691476 0.9547241 0.4714565 9.0000000 0.0000000 
