30
taxon_1    0.0000000 2.5071964 2.1100580 1.4781646 1.2273499 3.2015235 3.2015235 3.3600053 9.0000000 4.2778369 3.4054737 2.8401449 3.9253341 9.0000000 3.6212353 9.0000000 4.6609561 3.8369969 9.0000000 9.0000000 9.0000000 5.4849153 9.0000000 9.0000000 2.9094249 9.0000000 2.6640152 3.6212353 3.9253341 3.6212353 
taxon_2    2.5071964 0.0000000 0.9013148 1.4362933 1.5417938 9.0000000 9.0000000 4.0254827 9.0000000 9.0000000 3.3171365 9.0000000 5.4849153 3.6212353 4.4451945 3.2015235 3.5612033 3.8369969 9.0000000 9.0000000 4.6609561 3.2015235 3.1666335 4.0254827 4.6609561 9.0000000 9.0000000 9.0000000 4.6609561 2.4659015 
taxon_3    2.1100580 0.9013148 0.0000000 0.9130469 1.0893256 9.0000000 3.6864938 3.4538776 5.4849153 4.4451945 3.5612033 3.9253341 9.0000000 3.6212353 2.4659015 9.0000000 3.6212353 9.0000000 9.0000000 3.6212353 2.9857619 3.2765861 2.6997362 9.0000000 9.0000000 3.9253341 9.0000000 4.4451945 2.8401449 3.1332946 
taxon_4    1.4781646 1.4362933 0.9130469 0.0000000 0.2491610 2.9094249 2.8401449 2.8625346 2.8625346 2.9594434 2.8401449 2.5660501 2.5360461 3.0130376 2.5815145 9.0000000 3.4538776 3.0413429 2.7767269 3.1332946 3.2381161 3.0130376 2.6816631 4.4451945 3.1666335 9.0000000 3.3600053 9.0000000 3.1666335 3.1332946 
taxon_5    1.2273499 1.5417938 1.0893256 0.2491610 0.0000000 2.7182557 3.1332946 2.6467731 3.2381161 2.9094249 2.5071964 2.4659015 2.5815145 3.5612033 2.2568665 9.0000000 9.0000000 2.9340173 2.5815145 2.8401449 2.9340173 3.1013749 2.5815145 2.8184042 2.3541248 4.9650549 3.4538776 3.9253341 3.0413429 2.3541248 
taxon_6    3.2015235 9.0000000 9.0000000 2.9094249 2.7182557 0.0000000 1.7627818 2.1798759 2.0385754 1.8636800 1.7120868 1.4129061 2.8184042 9.0000000 3.2381161 4.1410957 4.2778369 4.4451945 9.0000000 3.0413429 3.5056223 3.6864938 3.5056223 4.2778369 4.9650549 9.0000000 9.0000000 9.0000000 9.0000000 9.0000000 
taxon_7    3.2015235 9.0000000 3.6864938 2.8401449 3.1332946 1.7627818 0.0000000 1.2350953 1.4228400 1.3057998 1.0914654 0.7690214 2.8625346 3.5612033 4.4451945 3.2765861 3.6212353 2.9340173 2.6816631 9.0000000 4.4451945 9.0000000 9.0000000 9.0000000 3.5612033 4.2778369 3.3171365 9.0000000 9.0000000 3.7579765 
taxon_8    3.3600053 4.0254827 3.4538776 2.8625346 2.6467731 2.1798759 1.2350953 0.0000000 0.8608519 0.7690214 0.9875762 0.7497543 3.1666335 3.3171365 2.5815145 3.6212353 3.6864938 9.0000000 3.6864938 9.0000000 5.4849153 9.0000000 9.0000000 2.8856134 3.2381161 9.0000000 2.8401449 3.5612033 9.0000000 4.2778369 
taxon_9    9.0000000 9.0000000 5.4849153 2.8625346 3.2381161 2.0385754 1.4228400 0.8608519 0.0000000 0.5319574 1.2481846 0.8864954 3.2015235 9.0000000 9.0000000 9.0000000 2.6816631 3.6212353 2.7567257 3.0130376 2.8625346 3.9253341 3.5612033 3.9253341 2.9594434 9.0000000 3.5612033 3.3600053 2.9857619 3.2381161 
taxon_10   4.2778369 9.0000000 4.4451945 2.9594434 2.9094249 1.8636800 1.3057998 0.7690214 0.5319574 0.0000000 1.1132061 0.8091072 3.2381161 3.3600053 5.4849153 3.7579765 9.0000000 9.0000000 3.1666335 3.7579765 3.4054737 3.9253341 3.5612033 3.6864938 3.6864938 9.0000000 4.4451945 9.0000000 3.2381161 9.0000000 
taxon_11   3.4054737 3.3171365 3.5612033 2.8401449 2.5071964 1.7120868 1.0914654 0.9875762 1.2481846 1.1132061 0.0000000 0.4207125 2.7567257 9.0000000 3.0707584 3.6864938 2.9094249 4.9650549 3.1332946 3.3171365 3.0707584 9.0000000 3.6212353 3.3600053 3.1013749 9.0000000 9.0000000 9.0000000 3.9253341 3.4054737 
taxon_12   2.8401449 9.0000000 3.9253341 2.5660501 2.4659015 1.4129061 0.7690214 0.7497543 0.8864954 0.8091072 0.4207125 0.0000000 2.7372441 4.9650549 2.5815145 2.7972761 3.3171365 3.5056223 3.6212353 4.1410957 4.6609561 3.2765861 3.9253341 3.3600053 2.7182557 9.0000000 4.9650549 4.1410957 3.6212353 3.3171365 
taxon_13   3.9253341 5.4849153 9.0000000 2.5360461 2.5815145 2.8184042 2.8625346 3.1666335 3.2015235 3.2381161 2.7567257 2.7372441 0.0000000 1.1310641 2.3202845 3.9253341 2.4659015 9.0000000 3.4054737 9.0000000 9.0000000 9.0000000 9.0000000 4.4451945 9.0000000 3.6212353 9.0000000 9.0000000 9.0000000 3.2765861 
taxon_14   9.0000000 3.6212353 3.6212353 3.0130376 3.5612033 9.0000000 3.5612033 3.3171365 9.0000000 3.3600053 9.0000000 4.9650549 1.1310641 0.0000000 2.4794154 2.9094249 2.6816631 9.0000000 3.4538776 9.0000000 9.0000000 9.0000000 9.0000000 9.0000000 4.4451945 9.0000000 9.0000000 9.0000000 4.4451945 2.6997362 
taxon_15   3.6212353 4.4451945 2.4659015 2.5815145 2.2568665 3.2381161 4.4451945 2.5815145 9.0000000 5.4849153 3.0707584 2.5815145 2.3202845 2.4794154 0.0000000 2.1890784 1.8171534 2.9340173 9.0000000 3.9253341 4.2778369 3.9253341 4.1410957 4.6609561 9.0000000 9.0000000 3.6212353 9.0000000 3.3600053 4.4451945 
taxon_16   9.0000000 3.2015235 9.0000000 9.0000000 9.0000000 4.1410957 3.2765861 3.6212353 9.0000000 3.7579765 3.6864938 2.7972761 3.9253341 2.9094249 2.1890784 0.0000000 2.4526268 9.0000000 9.0000000 9.0000000 9.0000000 3.3600053 2.7182557 3.8369969 3.6864938 9.0000000 9.0000000 9.0000000 3.4538776 3.5612033 
taxon_17   4.6609561 3.5612033 3.6212353 3.4538776 9.0000000 4.2778369 3.6212353 3.6864938 2.6816631 9.0000000 2.9094249 3.3171365 2.4659015 2.6816631 1.8171534 2.4526268 0.0000000 2.5360461 9.0000000 9.0000000 9.0000000 3.7579765 3.3600053 2.9594434 3.4054737 9.0000000 9.0000000 9.0000000 9.0000000 9.0000000 
taxon_18   3.8369969 3.8369969 9.0000000 3.0413429 2.9340173 4.4451945 2.9340173 9.0000000 3.6212353 9.0000000 4.9650549 3.5056223 9.0000000 9.0000000 2.9340173 9.0000000 2.5360461 0.0000000 2.8401449 3.1013749 2.6467731 2.6299184 2.6640152 9.0000000 9.0000000 4.2778369 3.3600053 3.6212353 9.0000000 2.5973046 
taxon_19   9.0000000 9.0000000 9.0000000 2.7767269 2.5815145 9.0000000 2.6816631 3.6864938 2.7567257 3.1666335 3.1332946 3.6212353 3.4054737 3.4538776 9.0000000 9.0000000 9.0000000 2.8401449 0.0000000 2.6299184 2.4395830 2.7972761 2.2568665 3.7579765 4.9650549 3.0413429 3.9253341 3.3600053 2.9594434 3.0413429 
taxon_20   9.0000000 9.0000000 3.6212353 3.1332946 2.8401449 3.0413429 9.0000000 9.0000000 3.0130376 3.7579765 3.3171365 4.1410957 9.0000000 9.0000000 3.9253341 9.0000000 9.0000000 3.1013749 2.6299184 0.0000000 0.3940316 2.5660501 2.5508980 3.1013749 3.9253341 3.7579765 9.0000000 2.6467731 4.0254827 2.9340173 
taxon_21   9.0000000 4.6609561 2.9857619 3.2381161 2.9340173 3.5056223 4.4451945 5.4849153 2.8625346 3.4054737 3.0707584 4.6609561 9.0000000 9.0000000 4.2778369 9.0000000 9.0000000 2.6467731 2.4395830 0.3940316 0.0000000 2.2270612 2.3093354 4.2778369 9.0000000 3.9253341 9.0000000 3.4054737 9.0000000 4.0254827 
taxon_22   5.4849153 3.2015235 3.2765861 3.0130376 3.1013749 3.6864938 9.0000000 9.0000000 3.9253341 3.9253341 9.0000000 3.2765861 9.0000000 9.0000000 3.9253341 3.3600053 3.7579765 2.6299184 2.7972761 2.5660501 2.2270612 0.0000000 0.4465618 4.2778369 9.0000000 2.8856134 4.0254827 2.9340173 2.8401449 3.4054737 
taxon_23   9.0000000 3.1666335 2.6997362 2.6816631 2.5815145 3.5056223 9.0000000 9.0000000 3.5612033 3.5612033 3.6212353 3.9253341 9.0000000 9.0000000 4.1410957 2.7182557 3.3600053 2.6640152 2.2568665 2.5508980 2.3093354 0.4465618 0.0000000 3.4054737 2.9594434 2.5815145 3.0130376 2.7972761 3.1666335 3.4538776 
taxon_24   9.0000000 4.0254827 9.0000000 4.4451945 2.8184042 4.2778369 9.0000000 2.8856134 3.9253341 3.6864938 3.3600053 3.3600053 4.4451945 9.0000000 4.6609561 3.8369969 2.9594434 9.0000000 3.7579765 3.1013749 4.2778369 4.2778369 3.4054737 0.0000000 0.4111361 5.4849153 9.0000000 9.0000000 3.5612033 3.4538776 
taxon_25   2.9094249 4.6609561 9.0000000 3.1666335 2.3541248 4.9650549 3.5612033 3.2381161 2.9594434 3.6864938 3.1013749 2.7182557 9.0000000 4.4451945 9.0000000 3.6864938 3.4054737 9.0000000 4.9650549 3.9253341 9.0000000 9.0000000 2.9594434 0.4111361 0.0000000 9.0000000 5.4849153 9.0000000 4.0254827 2.9094249 
taxon_26   9.0000000 9.0000000 3.9253341 9.0000000 4.9650549 9.0000000 4.2778369 9.0000000 9.0000000 9.0000000 9.0000000 9.0000000 3.6212353 9.0000000 9.0000000 9.0000000 9.0000000 4.2778369 3.0413429 3.7579765 3.9253341 2.8856134 2.5815145 5.4849153 9.0000000 0.0000000 3.3600053 3.8369969 3.4054737 3.0413429 
taxon_27   2.6640152 9.0000000 9.0000000 3.3600053 3.4538776 9.0000000 3.3171365 2.8401449 3.5612033 4.4451945 9.0000000 4.9650549 9.0000000 9.0000000 3.6212353 9.0000000 9.0000000 3.3600053 3.9253341 9.0000000 9.0000000 4.0254827 3.0130376 9.0000000 5.4849153 3.3600053 0.0000000 3.3600053 2.6467731 2.2078294 
taxon_28   3.6212353 9.0000000 4.4451945 9.0000000 3.9253341 9.0000000 9.0000000 3.5612033 3.3600053 9.0000000 9.0000000 4.1410957 9.0000000 9.0000000 9.0000000 9.0000000 9.0000000 3.6212353 3.3600053 2.6467731 3.4054737 2.9340173 2.7972761 9.0000000 9.0000000 3.8369969 3.3600053 0.0000000 0.2746833 1.3870414 
taxon_29   3.9253341 4.6609561 2.8401449 3.1666335 3.0413429 9.0000000 9.0000000 9.0000000 2.9857619 3.2381161 3.9253341 3.6212353 9.0000000 4.4451945 3.3600053 3.4538776 9.0000000 9.0000000 2.9594434 4.0254827 9.0000000 2.8401449 3.1666335 3.5612033 4.0254827 3.4054737 2.6467731 0.2746833 0.0000000 1.2916751 
taxon_30   3.6212353 2.4659015 3.1332946 3.1332946 2.3541248 9.0000000 3.7579765 4.2778369 3.2381161 9.0000000 3.4054737 3.3171365 3.2765861 2.6997362 4.4451945 3.5612033 9.0000000 2.5973046 3.0413429 2.9340173 4.0254827 3.4054737 3.4538776 3.4538776 2.9094249 3.0413429 2.2078294 1.3870414 1.2916751 0.0000000 
