RF=0.893617
WRF=0.018089
