30
taxon_1    0.0000000 0.6514195 0.7169670 9.0000000 0.7625438 0.7092038 0.7774327 0.7274445 9.0000000 0.7213148 9.0000000 9.0000000 9.0000000 9.0000000 9.0000000 0.8032478 9.0000000 9.0000000 9.0000000 0.8269652 0.8391112 9.0000000 0.8003352 9.0000000 9.0000000 0.8279699 0.8320022 9.0000000 9.0000000 0.8013048 
taxon_2    0.6514195 0.0000000 0.6119571 2.1441546 0.6972853 0.6435164 0.7336246 0.6570017 9.0000000 0.6838921 9.0000000 9.0000000 9.0000000 9.0000000 9.0000000 0.8432040 9.0000000 9.0000000 9.0000000 0.8091072 0.8514572 9.0000000 0.8160016 9.0000000 9.0000000 0.8100883 0.8100883 9.0000000 9.0000000 0.7764934 
taxon_3    0.7169670 0.6119571 0.0000000 2.0721438 0.7588674 0.7371791 0.7830931 0.7230610 9.0000000 0.7398561 9.0000000 9.0000000 9.0000000 9.0000000 9.0000000 0.8608519 9.0000000 9.0000000 9.0000000 0.7964692 0.8100883 9.0000000 0.8209652 9.0000000 9.0000000 0.8309921 0.8483516 9.0000000 9.0000000 0.8110706 
taxon_4    9.0000000 2.1441546 2.0721438 0.0000000 9.0000000 9.0000000 9.0000000 9.0000000 0.7425427 9.0000000 0.7945437 0.8081275 0.8340265 0.8179831 0.8219619 9.0000000 0.8269652 0.8091072 0.8411548 9.0000000 9.0000000 0.8013048 9.0000000 0.8160016 0.7993668 9.0000000 9.0000000 0.8330137 0.8320022 9.0000000 
taxon_5    0.7625438 0.6972853 0.7588674 9.0000000 0.0000000 0.6650489 0.7597848 0.6699191 9.0000000 0.6756412 9.0000000 9.0000000 9.0000000 9.0000000 9.0000000 0.8432040 9.0000000 9.0000000 9.0000000 0.8493854 0.8608519 9.0000000 0.8081275 9.0000000 9.0000000 0.8042212 0.8360563 9.0000000 9.0000000 0.8279699 
taxon_6    0.7092038 0.6435164 0.7371791 9.0000000 0.6650489 0.0000000 0.6797553 0.5644960 2.8401449 0.5874863 9.0000000 9.0000000 9.0000000 9.0000000 9.0000000 0.8209652 9.0000000 9.0000000 9.0000000 0.8432040 0.7916646 9.0000000 0.8259619 9.0000000 9.0000000 0.8619031 0.8524953 9.0000000 9.0000000 0.8022757 
taxon_7    0.7774327 0.7336246 0.7830931 9.0000000 0.7597848 0.6797553 0.0000000 0.4714565 9.0000000 0.6797553 9.0000000 9.0000000 9.0000000 9.0000000 9.0000000 0.8269652 9.0000000 9.0000000 9.0000000 0.8189758 0.8391112 9.0000000 0.8320022 9.0000000 9.0000000 0.8051959 0.8051959 9.0000000 9.0000000 0.8100883 
taxon_8    0.7274445 0.6570017 0.7230610 9.0000000 0.6699191 0.5644960 0.4714565 0.0000000 2.3202843 0.5387633 9.0000000 9.0000000 9.0000000 9.0000000 9.0000000 0.8209652 9.0000000 9.0000000 9.0000000 0.8179831 0.8391112 9.0000000 0.8229599 9.0000000 9.0000000 0.7955058 0.7840406 9.0000000 9.0000000 0.8003352 
taxon_9    9.0000000 9.0000000 9.0000000 0.7425427 9.0000000 2.8401449 9.0000000 2.3202843 0.0000000 1.3240816 0.8081275 0.8309921 0.7964692 0.7945437 0.8003352 9.0000000 0.7793147 0.8411548 0.8452588 9.0000000 9.0000000 0.8320022 9.0000000 0.8199698 0.8209652 9.0000000 9.0000000 0.8473193 0.8140253 9.0000000 
taxon_10   0.7213148 0.6838921 0.7398561 9.0000000 0.6756412 0.5874863 0.6797553 0.5387633 1.3240816 0.0000000 9.0000000 9.0000000 9.0000000 9.0000000 9.0000000 0.8473193 9.0000000 9.0000000 9.0000000 0.8032478 0.8350407 9.0000000 0.8160016 9.0000000 9.0000000 0.8140253 0.8032478 9.0000000 9.0000000 0.8340265 
taxon_11   9.0000000 9.0000000 9.0000000 0.7945437 9.0000000 9.0000000 9.0000000 9.0000000 0.8081275 9.0000000 0.0000000 0.7452389 0.6411616 0.7653131 0.8071490 9.0000000 0.8150128 0.8810802 0.8022757 9.0000000 9.0000000 0.8421787 9.0000000 0.7859394 0.8493854 9.0000000 9.0000000 0.7708824 0.7907074 9.0000000 
taxon_12   9.0000000 9.0000000 9.0000000 0.8081275 9.0000000 9.0000000 9.0000000 9.0000000 0.8309921 9.0000000 0.7452389 0.0000000 0.5326352 0.7524766 0.8081275 9.0000000 0.8110706 0.8022757 0.7746184 9.0000000 9.0000000 0.7926231 9.0000000 0.7708824 0.8160016 9.0000000 9.0000000 0.7662384 0.7443391 9.0000000 
taxon_13   9.0000000 9.0000000 9.0000000 0.8340265 9.0000000 9.0000000 9.0000000 9.0000000 0.7964692 9.0000000 0.6411616 0.5326352 0.0000000 0.6930742 0.7727481 9.0000000 0.7812015 0.8219619 0.8209652 9.0000000 9.0000000 0.7727481 9.0000000 0.7083462 0.7983997 9.0000000 9.0000000 0.6972853 0.6764622 9.0000000 
taxon_14   9.0000000 9.0000000 9.0000000 0.8179831 9.0000000 9.0000000 9.0000000 9.0000000 0.7945437 9.0000000 0.7653131 0.7524766 0.6930742 0.0000000 0.7066339 9.0000000 0.7561218 0.7830931 0.7764934 9.0000000 9.0000000 0.7389627 9.0000000 0.5346724 0.7625438 9.0000000 9.0000000 0.5595594 0.4955907 3.0413428 
taxon_15   9.0000000 9.0000000 9.0000000 0.8219619 9.0000000 9.0000000 9.0000000 9.0000000 0.8003352 9.0000000 0.8071490 0.8081275 0.7727481 0.7066339 0.0000000 9.0000000 0.6233497 0.7135068 0.7292050 9.0000000 9.0000000 0.6855532 1.7751205 0.5497828 0.7964692 9.0000000 9.0000000 0.6822346 0.6172521 9.0000000 
taxon_16   0.8032478 0.8432040 0.8608519 9.0000000 0.8432040 0.8209652 0.8269652 0.8209652 9.0000000 0.8473193 9.0000000 9.0000000 9.0000000 9.0000000 9.0000000 0.0000000 1.8616826 9.0000000 9.0000000 0.7662384 0.7497543 9.0000000 0.6772841 3.5806849 9.0000000 0.8120542 0.8071490 9.0000000 9.0000000 0.7916646 
taxon_17   9.0000000 9.0000000 9.0000000 0.8269652 9.0000000 9.0000000 9.0000000 9.0000000 0.7793147 9.0000000 0.8150128 0.8110706 0.7812015 0.7561218 0.6233497 1.8616826 0.0000000 0.7083462 0.7135068 9.0000000 9.0000000 0.7256880 2.2303148 0.5860286 0.8179831 9.0000000 9.0000000 0.7152349 0.6570017 9.0000000 
taxon_18   9.0000000 9.0000000 9.0000000 0.8091072 9.0000000 9.0000000 9.0000000 9.0000000 0.8411548 9.0000000 0.8810802 0.8022757 0.8219619 0.7830931 0.7135068 9.0000000 0.7083462 0.0000000 0.6395958 9.0000000 9.0000000 0.7336246 4.0620753 0.6610145 0.7634658 9.0000000 9.0000000 0.7353998 0.6814073 9.0000000 
taxon_19   9.0000000 9.0000000 9.0000000 0.8411548 9.0000000 9.0000000 9.0000000 9.0000000 0.8452588 9.0000000 0.8022757 0.7746184 0.8209652 0.7764934 0.7292050 9.0000000 0.7135068 0.6395958 0.0000000 9.0000000 9.0000000 0.7718147 2.6936633 0.6506254 0.8401323 9.0000000 9.0000000 0.7461398 0.7117826 9.0000000 
taxon_20   0.8269652 0.8091072 0.7964692 9.0000000 0.8493854 0.8432040 0.8189758 0.8179831 9.0000000 0.8032478 9.0000000 9.0000000 9.0000000 9.0000000 9.0000000 0.7662384 9.0000000 9.0000000 9.0000000 0.0000000 0.5567531 1.8190355 0.4789942 9.0000000 9.0000000 0.7935828 0.7983997 9.0000000 9.0000000 0.7607034 
taxon_21   0.8391112 0.8514572 0.8100883 9.0000000 0.8608519 0.7916646 0.8391112 0.8391112 9.0000000 0.8350407 9.0000000 9.0000000 9.0000000 9.0000000 9.0000000 0.7497543 9.0000000 9.0000000 9.0000000 0.5567531 0.0000000 1.6419422 0.4664731 9.0000000 9.0000000 0.8473193 0.8120542 9.0000000 9.0000000 0.7887965 
taxon_22   9.0000000 9.0000000 9.0000000 0.8013048 9.0000000 9.0000000 9.0000000 9.0000000 0.8320022 9.0000000 0.8421787 0.7926231 0.7727481 0.7389627 0.6855532 9.0000000 0.7256880 0.7336246 0.7718147 1.8190355 1.6419422 0.0000000 1.3221361 0.6014779 0.7974339 9.0000000 9.0000000 0.7083462 0.6855532 9.0000000 
taxon_23   0.8003352 0.8160016 0.8209652 9.0000000 0.8081275 0.8259619 0.8320022 0.8229599 9.0000000 0.8160016 9.0000000 9.0000000 9.0000000 9.0000000 1.7751205 0.6772841 2.2303148 4.0620753 2.6936633 0.4789942 0.4664731 1.3221361 0.0000000 1.2805637 9.0000000 0.7878429 0.7840406 2.1983951 1.7472103 0.6989764 
taxon_24   9.0000000 9.0000000 9.0000000 0.8160016 9.0000000 9.0000000 9.0000000 9.0000000 0.8199698 9.0000000 0.7859394 0.7708824 0.7083462 0.5346724 0.5497828 3.5806849 0.5860286 0.6610145 0.6506254 9.0000000 9.0000000 0.6014779 1.2805637 0.0000000 0.7461398 9.0000000 9.0000000 0.3786879 0.2660786 2.6698518 
taxon_25   9.0000000 9.0000000 9.0000000 0.7993668 9.0000000 9.0000000 9.0000000 9.0000000 0.8209652 9.0000000 0.8493854 0.8160016 0.7983997 0.7625438 0.7964692 9.0000000 0.8179831 0.7634658 0.8401323 9.0000000 9.0000000 0.7974339 9.0000000 0.7461398 0.0000000 4.2294313 2.5920042 0.6981304 0.6618197 9.0000000 
taxon_26   0.8279699 0.8100883 0.8309921 9.0000000 0.8042212 0.8619031 0.8051959 0.7955058 9.0000000 0.8140253 9.0000000 9.0000000 9.0000000 9.0000000 9.0000000 0.8120542 9.0000000 9.0000000 9.0000000 0.7935828 0.8473193 9.0000000 0.7878429 9.0000000 4.2294313 0.0000000 0.2408426 9.0000000 3.7579762 0.7926231 
taxon_27   0.8320022 0.8100883 0.8483516 9.0000000 0.8360563 0.8524953 0.8051959 0.7840406 9.0000000 0.8032478 9.0000000 9.0000000 9.0000000 9.0000000 9.0000000 0.8071490 9.0000000 9.0000000 9.0000000 0.7983997 0.8120542 9.0000000 0.7840406 9.0000000 2.5920042 0.2408426 0.0000000 9.0000000 2.9857619 0.7859394 
taxon_28   9.0000000 9.0000000 9.0000000 0.8330137 9.0000000 9.0000000 9.0000000 9.0000000 0.8473193 9.0000000 0.7708824 0.7662384 0.6972853 0.5595594 0.6822346 9.0000000 0.7152349 0.7353998 0.7461398 9.0000000 9.0000000 0.7083462 2.1983951 0.3786879 0.6981304 9.0000000 9.0000000 0.0000000 0.1347437 2.8856134 
taxon_29   9.0000000 9.0000000 9.0000000 0.8320022 9.0000000 9.0000000 9.0000000 9.0000000 0.8140253 9.0000000 0.7907074 0.7443391 0.6764622 0.4955907 0.6172521 9.0000000 0.6570017 0.6814073 0.7117826 9.0000000 9.0000000 0.6855532 1.7472103 0.2660786 0.6618197 3.7579762 2.9857619 0.1347437 0.0000000 2.1269127 
taxon_30   0.8013048 0.7764934 0.8110706 9.0000000 0.8279699 0.8022757 0.8100883 0.8003352 9.0000000 0.8340265 9.0000000 9.0000000 9.0000000 3.0413428 9.0000000 0.7916646 9.0000000 9.0000000 9.0000000 0.7607034 0.7887965 9.0000000 0.6989764 2.6698518 9.0000000 0.7926231 0.7859394 2.8856134 2.1269127 0.0000000 
