30
taxon_1    0.0000000 1.6093803 2.8282083 3.0309261 1.5180266 1.4745846 1.1459982 9.0000000 3.0845203 2.8898869 9.0000000 2.9116275 2.6529972 1.3039872 9.0000000 1.3492941 1.2637091 1.5939951 9.0000000 1.3858867 1.6055043 1.5678079 9.0000000 1.6290664 1.7001502 3.0845203 2.5646599 2.7014011 1.4553528 2.4028779 
taxon_2    1.6093803 0.0000000 2.1650564 3.0572445 1.5425043 1.4459187 1.4553528 9.0000000 9.0000000 9.0000000 9.0000000 9.0000000 9.0000000 1.7407007 9.0000000 1.7547198 1.7690059 1.7500176 9.0000000 1.8999999 1.8609576 1.7224071 9.0000000 1.8135735 1.7884875 9.0000000 9.0000000 9.0000000 1.8084887 9.0000000 
taxon_3    2.8282083 2.1650564 0.0000000 1.1868978 1.8034382 1.5010191 2.0042490 1.6093803 1.6016483 1.4123082 1.6250877 1.5496472 1.7314981 9.0000000 1.6957771 9.0000000 9.0000000 9.0000000 1.8448280 9.0000000 9.0000000 9.0000000 1.7690059 9.0000000 9.0000000 1.7269388 1.6700603 1.6330665 9.0000000 1.6785349 
taxon_4    3.0309261 3.0572445 1.1868978 0.0000000 2.0803511 1.6871064 2.8482095 1.7179026 1.6785349 1.6330665 1.6700603 1.6330665 1.6533929 5.5562928 1.7786835 9.0000000 9.0000000 9.0000000 1.7547198 9.0000000 9.0000000 9.0000000 1.7045491 9.0000000 9.0000000 1.6290664 1.7500176 1.6533929 9.0000000 1.7089739 
taxon_5    1.5180266 1.5425043 1.8034382 2.0803511 0.0000000 0.3622009 1.5826599 9.0000000 9.0000000 9.0000000 5.5562928 9.0000000 9.0000000 1.8186929 9.0000000 1.7045491 1.7360853 1.7547198 9.0000000 1.8034382 1.6616803 1.8084887 9.0000000 1.7453446 1.7786835 9.0000000 9.0000000 9.0000000 1.9057471 9.0000000 
taxon_6    1.4745846 1.4459187 1.5010191 1.6871064 0.3622009 0.0000000 1.4459187 9.0000000 9.0000000 9.0000000 3.9968167 3.3095987 9.0000000 1.7314981 9.0000000 1.6330665 1.7179026 1.9173752 9.0000000 1.6171928 1.6700603 1.7269388 9.0000000 1.8135735 1.8448280 9.0000000 9.0000000 9.0000000 1.7089739 9.0000000 
taxon_7    1.1459982 1.4553528 2.0042490 2.8482095 1.5826599 1.4459187 0.0000000 2.5373842 1.6533929 1.5568588 1.9115386 1.7884875 9.0000000 1.6055043 9.0000000 1.5319159 1.4713449 1.6492833 9.0000000 1.6533929 1.5901976 1.6370879 9.0000000 1.8830181 1.7835695 3.8294591 9.0000000 9.0000000 1.7224071 9.0000000 
taxon_8    9.0000000 9.0000000 1.6093803 1.7179026 9.0000000 9.0000000 2.5373842 0.0000000 1.4459187 1.5568588 1.5425043 1.5249391 1.7045491 9.0000000 1.7500176 4.5166771 9.0000000 9.0000000 1.7001502 9.0000000 9.0000000 9.0000000 1.7934380 9.0000000 9.0000000 1.6575251 1.6575251 1.6330665 9.0000000 1.5789192 
taxon_9    3.0845203 9.0000000 1.6016483 1.6785349 9.0000000 9.0000000 1.6533929 1.4459187 0.0000000 1.0033446 1.2467455 1.0646769 1.7984214 9.0000000 1.8135735 9.0000000 9.0000000 9.0000000 1.7594516 9.0000000 9.0000000 9.0000000 1.7089739 9.0000000 9.0000000 1.5901976 1.6411311 1.7314981 9.0000000 1.7690059 
taxon_10   2.8898869 9.0000000 1.4123082 1.6330665 9.0000000 9.0000000 1.5568588 1.5568588 1.0033446 0.0000000 0.7880162 0.6044570 1.6828084 9.0000000 1.7934380 9.0000000 4.0969648 9.0000000 1.6411311 9.0000000 9.0000000 9.0000000 1.9595550 9.0000000 9.0000000 1.6451961 1.7179026 1.8448280 9.0000000 1.7690059 
taxon_11   9.0000000 9.0000000 1.6250877 1.6700603 5.5562928 3.9968167 1.9115386 1.5425043 1.2467455 0.7880162 0.0000000 0.5410665 1.7594516 9.0000000 1.8084887 3.6326848 5.5562928 9.0000000 1.7835695 9.0000000 9.0000000 9.0000000 2.0588185 9.0000000 9.0000000 1.6492833 1.6451961 1.7642136 9.0000000 1.6785349 
taxon_12   2.9116275 9.0000000 1.5496472 1.6330665 9.0000000 3.3095987 1.7884875 1.5249391 1.0646769 0.6044570 0.5410665 0.0000000 1.8290379 9.0000000 1.6785349 3.4769562 3.3095987 9.0000000 1.6914292 9.0000000 4.7324387 9.0000000 1.9173752 9.0000000 9.0000000 1.5789192 1.7001502 1.7547198 9.0000000 1.7690059 
taxon_13   2.6529972 9.0000000 1.7314981 1.6533929 9.0000000 9.0000000 9.0000000 1.7045491 1.7984214 1.6828084 1.7594516 1.8290379 0.0000000 1.2254843 1.5714934 2.1899205 1.8034382 9.0000000 1.7500176 9.0000000 9.0000000 9.0000000 1.8774418 9.0000000 9.0000000 1.8186929 1.7642136 1.6451961 9.0000000 1.7134249 
taxon_14   1.3039872 1.7407007 9.0000000 5.5562928 1.8186929 1.7314981 1.6055043 9.0000000 9.0000000 9.0000000 9.0000000 9.0000000 1.2254843 0.0000000 2.4141563 0.8894657 0.7138207 1.6093803 3.9084795 1.7045491 1.7089739 1.5826599 9.0000000 1.6658586 1.6093803 9.0000000 9.0000000 3.6326848 1.5939951 9.0000000 
taxon_15   9.0000000 9.0000000 1.6957771 1.7786835 9.0000000 9.0000000 9.0000000 1.7500176 1.8135735 1.7934380 1.8084887 1.6785349 1.5714934 2.4141563 0.0000000 1.1253357 1.5901976 9.0000000 1.6828084 9.0000000 9.0000000 9.0000000 1.8555425 9.0000000 5.0365284 1.8942965 1.7835695 1.7642136 9.0000000 1.7001502 
taxon_16   1.3492941 1.7547198 9.0000000 9.0000000 1.7045491 1.6330665 1.5319159 4.5166771 9.0000000 9.0000000 3.6326848 3.4769562 2.1899205 0.8894657 1.1253357 0.0000000 0.4219872 1.7786835 9.0000000 1.7547198 1.7179026 1.6616803 9.0000000 1.6575251 1.6785349 9.0000000 9.0000000 9.0000000 1.8238476 4.7324387 
taxon_17   1.2637091 1.7690059 9.0000000 9.0000000 1.7360853 1.7179026 1.4713449 9.0000000 9.0000000 4.0969648 5.5562928 3.3095987 1.8034382 0.7138207 1.5901976 0.4219872 0.0000000 1.7407007 9.0000000 1.8290379 1.6616803 1.6871064 9.0000000 1.5714934 1.6055043 4.3493185 9.0000000 9.0000000 1.6533929 3.7579765 
taxon_18   1.5939951 1.7500176 9.0000000 9.0000000 1.7547198 1.9173752 1.6492833 9.0000000 9.0000000 9.0000000 9.0000000 9.0000000 9.0000000 1.6093803 9.0000000 1.7786835 1.7407007 0.0000000 1.0120555 1.6616803 1.7453446 1.7547198 9.0000000 1.6533929 1.6055043 9.0000000 5.0365284 9.0000000 1.5751971 9.0000000 
taxon_19   9.0000000 9.0000000 1.8448280 1.7547198 9.0000000 9.0000000 9.0000000 1.7001502 1.7594516 1.6411311 1.7835695 1.6914292 1.7500176 3.9084795 1.6828084 9.0000000 9.0000000 1.0120555 0.0000000 9.0000000 9.0000000 9.0000000 1.6575251 9.0000000 9.0000000 1.7179026 1.6616803 1.6330665 9.0000000 1.6370879 
taxon_20   1.3858867 1.8999999 9.0000000 9.0000000 1.8034382 1.6171928 1.6533929 9.0000000 9.0000000 9.0000000 9.0000000 9.0000000 9.0000000 1.7045491 9.0000000 1.7547198 1.8290379 1.6616803 9.0000000 0.0000000 1.3631577 1.1759167 9.0000000 1.5496472 1.5010191 3.2381161 2.5110647 2.6223807 1.3887769 2.0876682 
taxon_21   1.6055043 1.8609576 9.0000000 9.0000000 1.6616803 1.6700603 1.5901976 9.0000000 9.0000000 9.0000000 9.0000000 4.7324387 9.0000000 1.7089739 9.0000000 1.7179026 1.6616803 1.7453446 9.0000000 1.3631577 0.0000000 1.0226439 9.0000000 1.6658586 1.5389582 4.7324387 3.6326848 3.9084795 1.5460673 3.0054999 
taxon_22   1.5678079 1.7224071 9.0000000 9.0000000 1.8084887 1.7269388 1.6370879 9.0000000 9.0000000 9.0000000 9.0000000 9.0000000 9.0000000 1.5826599 9.0000000 1.6616803 1.6871064 1.7547198 9.0000000 1.1759167 1.0226439 0.0000000 9.0000000 1.7500176 1.6250877 4.2125783 9.0000000 4.5166771 1.4876854 2.9809075 
taxon_23   9.0000000 9.0000000 1.7690059 1.7045491 9.0000000 9.0000000 9.0000000 1.7934380 1.7089739 1.9595550 2.0588185 1.9173752 1.8774418 9.0000000 1.8555425 9.0000000 9.0000000 9.0000000 1.6575251 9.0000000 9.0000000 9.0000000 0.0000000 2.9809075 2.1489267 1.5180266 1.4585241 1.3916782 2.8087267 1.3548088 
taxon_24   1.6290664 1.8135735 9.0000000 9.0000000 1.7453446 1.8135735 1.8830181 9.0000000 9.0000000 9.0000000 9.0000000 9.0000000 9.0000000 1.6658586 9.0000000 1.6575251 1.5714934 1.6533929 9.0000000 1.5496472 1.6658586 1.7500176 2.9809075 0.0000000 0.7487668 2.5373842 2.9570960 2.7531457 1.4909967 2.4372350 
taxon_25   1.7001502 1.7884875 9.0000000 9.0000000 1.7786835 1.8448280 1.7835695 9.0000000 9.0000000 9.0000000 9.0000000 9.0000000 9.0000000 1.6093803 5.0365284 1.6785349 1.6055043 1.6055043 9.0000000 1.5010191 1.5389582 1.6250877 2.1489267 0.7487668 0.0000000 2.4856387 3.2730061 2.3917667 1.3801395 2.0950575 
taxon_26   3.0845203 9.0000000 1.7269388 1.6290664 9.0000000 9.0000000 3.8294591 1.6575251 1.5901976 1.6451961 1.6492833 1.5789192 1.8186929 9.0000000 1.8942965 9.0000000 4.3493185 9.0000000 1.7179026 3.2381161 4.7324387 4.2125783 1.5180266 2.5373842 2.4856387 0.0000000 1.1980422 1.1824861 1.6914292 1.0085590 
taxon_27   2.5646599 9.0000000 1.6700603 1.7500176 9.0000000 9.0000000 9.0000000 1.6575251 1.6411311 1.7179026 1.6451961 1.7001502 1.7642136 9.0000000 1.7835695 9.0000000 9.0000000 5.0365284 1.6616803 2.5110647 3.6326848 9.0000000 1.4585241 2.9570960 3.2730061 1.1980422 0.0000000 0.6388142 1.6700603 0.9862206 
taxon_28   2.7014011 9.0000000 1.6330665 1.6533929 9.0000000 9.0000000 9.0000000 1.6330665 1.7314981 1.8448280 1.7642136 1.7547198 1.6451961 3.6326848 1.7642136 9.0000000 9.0000000 9.0000000 1.6330665 2.6223807 3.9084795 4.5166771 1.3916782 2.7531457 2.3917667 1.1824861 0.6388142 0.0000000 1.5939951 0.9547243 
taxon_29   1.4553528 1.8084887 9.0000000 9.0000000 1.9057471 1.7089739 1.7224071 9.0000000 9.0000000 9.0000000 9.0000000 9.0000000 9.0000000 1.5939951 9.0000000 1.8238476 1.6533929 1.5751971 9.0000000 1.3887769 1.5460673 1.4876854 2.8087267 1.4909967 1.3801395 1.6914292 1.6700603 1.5939951 0.0000000 0.8391112 
taxon_30   2.4028779 9.0000000 1.6785349 1.7089739 9.0000000 9.0000000 9.0000000 1.5789192 1.7690059 1.7690059 1.6785349 1.7690059 1.7134249 9.0000000 1.7001502 4.7324387 3.7579765 9.0000000 1.6370879 2.0876682 3.0054999 2.9809075 1.3548088 2.4372350 2.0950575 1.0085590 0.9862206 0.9547243 0.8391112 0.0000000 
