30
taxon_1    0.0000000 2.3443390 1.8107168 1.5315738 1.7184505 1.9480036 2.1670475 3.1356844 9.0000000 3.4978233 2.5328248 9.0000000 4.5638625 3.7399033 2.6738637 9.0000000 3.4009145 2.6401503 2.9651421 9.0000000 9.0000000 3.6091383 2.2407263 9.0000000 2.8054506 9.0000000 2.7091642 2.8054506 3.0744259 5.1992826 
taxon_2    2.3443390 0.0000000 0.9831300 1.6671875 1.8384978 1.8973515 2.1583264 2.0919849 3.0177952 9.0000000 2.6568176 3.1682982 9.0000000 3.5514175 2.6078873 2.8697757 3.8149659 2.7851791 2.7462085 9.0000000 9.0000000 2.8054506 2.3668971 2.9910067 2.8054506 2.7654401 2.4516647 3.0744259 9.0000000 2.8054506 
taxon_3    1.8107168 0.9831300 0.0000000 1.5391305 1.7041179 1.8441796 2.2122419 2.6568176 3.7399033 4.3753767 2.8054506 4.3753767 9.0000000 3.9922575 2.8054506 3.2381155 9.0000000 3.6716745 3.1682982 9.0000000 9.0000000 3.0177952 2.5472483 9.0000000 3.0455762 3.8983851 2.5328248 9.0000000 9.0000000 3.6091383 
taxon_4    1.5315738 1.6671875 1.5391305 0.0000000 0.7305174 1.4463760 1.6024925 2.3555333 2.8697757 4.0995794 2.8477153 2.8477153 9.0000000 3.3567841 2.6568176 9.0000000 9.0000000 2.4911475 2.4020598 9.0000000 3.7399033 2.5769552 2.2407263 9.0000000 3.0177952 2.9651421 2.1080283 2.5047842 9.0000000 3.4009145 
taxon_5    1.7184505 1.8384978 1.7041179 0.7305174 0.0000000 1.5278238 1.2268489 2.4911475 2.0919849 2.2804707 3.9922575 2.0237560 2.4777542 2.2122419 3.6091383 2.4777542 2.7851791 3.8149659 4.2248735 2.3117252 2.5472483 3.0744259 2.7462085 2.3443390 9.0000000 2.4777542 2.6401503 3.2756239 2.6913063 2.3333094 
taxon_6    1.9480036 1.8973515 1.8441796 1.4463760 1.5278238 0.0000000 1.6994009 2.5328248 3.9922575 9.0000000 3.2756239 3.5514175 9.0000000 3.1356844 2.7654401 3.8149659 9.0000000 2.9910067 2.5472483 9.0000000 3.8983851 2.7654401 2.8262852 3.0177952 2.7274577 5.1992826 2.6238454 2.6078873 9.0000000 3.3567841 
taxon_7    2.1670475 2.1583264 2.2122419 1.6024925 1.2268489 1.6994009 0.0000000 5.1992826 2.5472483 2.6568176 9.0000000 2.2311108 2.8262852 2.8262852 2.6913063 2.4141569 2.7091642 9.0000000 9.0000000 2.6401503 3.8149659 3.1044299 3.7399033 2.8925047 9.0000000 2.2407263 2.8697757 9.0000000 2.5922618 2.6401503 
taxon_8    3.1356844 2.0919849 2.6568176 2.3555333 2.4911475 2.5328248 5.1992826 0.0000000 0.2487531 2.3224397 1.4265073 1.3228946 1.9612198 2.5619547 3.4009145 9.0000000 9.0000000 9.0000000 2.4264522 4.5638625 2.9910067 2.2703354 2.1244224 3.7399033 2.7851791 3.2381155 2.6078873 2.3333094 3.7399033 2.5922618 
taxon_9    9.0000000 3.0177952 3.7399033 2.8697757 2.0919849 3.9922575 2.5472483 0.2487531 0.0000000 1.8272616 1.4135480 1.0512727 1.6024925 1.7184505 9.0000000 2.9910067 3.4009145 9.0000000 9.0000000 2.5186735 2.0458165 2.3668971 2.6568176 2.5186735 5.1992826 2.6401503 3.8983851 5.1992826 2.4516647 2.1244224 
taxon_10   3.4978233 9.0000000 4.3753767 4.0995794 2.2804707 9.0000000 2.6568176 2.3224397 1.8272616 0.0000000 0.9599690 1.3976576 2.1411828 2.2907448 9.0000000 3.1356844 2.7654401 4.8162140 9.0000000 2.3668971 2.8054506 3.8983851 9.0000000 2.7462085 9.0000000 2.5472483 9.0000000 9.0000000 2.9401397 3.5514175 
taxon_11   2.5328248 2.6568176 2.8054506 2.8477153 3.9922575 3.2756239 9.0000000 1.4265073 1.4135480 0.9599690 0.0000000 0.9156883 2.2029825 1.9953166 2.4645960 9.0000000 9.0000000 2.6238454 3.0177952 3.8149659 3.3567841 2.3011617 2.5328248 2.6913063 2.8697757 9.0000000 3.9922575 2.4777542 3.1682982 4.2248735 
taxon_12   9.0000000 3.1682982 4.3753767 2.8477153 2.0237560 3.5514175 2.2311108 1.3228946 1.0512727 1.3976576 0.9156883 0.0000000 1.4599204 1.4135480 3.1682982 2.4020598 2.8477153 9.0000000 2.9401397 2.3784358 2.1411828 3.1682982 3.4478046 1.9222500 9.0000000 2.2703354 3.3151067 3.7399033 2.0762775 2.3117252 
taxon_13   4.5638625 9.0000000 9.0000000 9.0000000 2.4777542 9.0000000 2.8262852 1.9612198 1.6024925 2.1411828 2.2029825 1.4599204 0.0000000 1.8272616 4.8162140 3.5514175 3.2756239 9.0000000 2.9401397 2.3224397 2.7274577 9.0000000 9.0000000 2.9159441 4.0995794 2.2029825 9.0000000 3.0744259 2.7851791 2.2703354 
taxon_14   3.7399033 3.5514175 3.9922575 3.3567841 2.2122419 3.1356844 2.8262852 2.5619547 1.7184505 2.2907448 1.9953166 1.4135480 1.8272616 0.0000000 3.8983851 2.5769552 2.6568176 4.5638625 2.6738637 2.6238454 2.6238454 3.2381155 3.2756239 2.6078873 9.0000000 2.8925047 4.5638625 2.9401397 2.2311108 2.2703354 
taxon_15   2.6738637 2.6078873 2.8054506 2.6568176 3.6091383 2.7654401 2.6913063 3.4009145 9.0000000 9.0000000 2.4645960 3.1682982 4.8162140 3.8983851 0.0000000 0.8817385 0.7635333 0.5220587 3.6091383 3.4478046 3.1356844 2.2804707 2.2907448 2.8697757 2.3011617 3.1682982 2.3224397 2.3011617 3.5514175 2.3333094 
taxon_16   9.0000000 2.8697757 3.2381155 9.0000000 2.4777542 3.8149659 2.4141569 9.0000000 2.9910067 3.1356844 9.0000000 2.4020598 3.5514175 2.5769552 0.8817385 0.0000000 0.5259829 0.8094660 9.0000000 2.8925047 3.0455762 3.4978233 5.1992826 2.8262852 3.8983851 2.6568176 9.0000000 9.0000000 3.1682982 2.4264522 
taxon_17   3.4009145 3.8149659 9.0000000 9.0000000 2.7851791 9.0000000 2.7091642 9.0000000 3.4009145 2.7654401 9.0000000 2.8477153 3.2756239 2.6568176 0.7635333 0.5259829 0.0000000 0.6866085 9.0000000 2.3901548 3.0455762 3.0455762 9.0000000 2.8477153 9.0000000 2.6738637 6.0226461 2.8925047 2.6078873 2.5922618 
taxon_18   2.6401503 2.7851791 3.6716745 2.4911475 3.8149659 2.9910067 9.0000000 9.0000000 9.0000000 4.8162140 2.6238454 9.0000000 9.0000000 4.5638625 0.5220587 0.8094660 0.6866085 0.0000000 2.7654401 3.4009145 4.8162140 2.2703354 2.3443390 3.6716745 2.7091642 3.9922575 2.5472483 2.8262852 9.0000000 2.6568176 
taxon_19   2.9651421 2.7462085 3.1682982 2.4020598 4.2248735 2.5472483 9.0000000 2.4264522 9.0000000 9.0000000 3.0177952 2.9401397 2.9401397 2.6738637 3.6091383 9.0000000 9.0000000 2.7654401 0.0000000 1.9034991 2.0533165 1.5093499 2.8262852 3.1044299 2.4516647 9.0000000 2.5619547 2.4777542 2.7654401 2.7851791 
taxon_20   9.0000000 9.0000000 9.0000000 9.0000000 2.3117252 9.0000000 2.6401503 4.5638625 2.5186735 2.3668971 3.8149659 2.3784358 2.3224397 2.6238454 3.4478046 2.8925047 2.3901548 3.4009145 1.9034991 0.0000000 1.1667206 1.2680256 3.1044299 2.7274577 9.0000000 2.5922618 4.3753767 4.8162140 2.3555333 2.6568176 
taxon_21   9.0000000 9.0000000 9.0000000 3.7399033 2.5472483 3.8983851 3.8149659 2.9910067 2.0458165 2.8054506 3.3567841 2.1411828 2.7274577 2.6238454 3.1356844 3.0455762 3.0455762 4.8162140 2.0533165 1.1667206 0.0000000 1.3430882 9.0000000 2.6078873 6.0226461 2.3555333 3.3151067 3.7399033 2.0383907 2.2407263 
taxon_22   3.6091383 2.8054506 3.0177952 2.5769552 3.0744259 2.7654401 3.1044299 2.2703354 2.3668971 3.8983851 2.3011617 3.1682982 9.0000000 3.2381155 2.2804707 3.4978233 3.0455762 2.2703354 1.5093499 1.2680256 1.3430882 0.0000000 2.9651421 9.0000000 2.5619547 3.5514175 2.3224397 2.4020598 4.5638625 3.2381155 
taxon_23   2.2407263 2.3668971 2.5472483 2.2407263 2.7462085 2.8262852 3.7399033 2.1244224 2.6568176 9.0000000 2.5328248 3.4478046 9.0000000 3.2756239 2.2907448 5.1992826 9.0000000 2.3443390 2.8262852 3.1044299 9.0000000 2.9651421 0.0000000 2.9910067 2.3668971 2.8262852 2.2804707 2.5047842 9.0000000 2.0999637 
taxon_24   9.0000000 2.9910067 9.0000000 9.0000000 2.3443390 3.0177952 2.8925047 3.7399033 2.5186735 2.7462085 2.6913063 1.9222500 2.9159441 2.6078873 2.8697757 2.8262852 2.8477153 3.6716745 3.1044299 2.7274577 2.6078873 9.0000000 2.9910067 0.0000000 2.4020598 1.8732530 1.8792054 2.5922618 1.8673475 1.3820969 
taxon_25   2.8054506 2.8054506 3.0455762 3.0177952 9.0000000 2.7274577 9.0000000 2.7851791 5.1992826 9.0000000 2.8697757 9.0000000 4.0995794 9.0000000 2.3011617 3.8983851 9.0000000 2.7091642 2.4516647 9.0000000 6.0226461 2.5619547 2.3668971 2.4020598 0.0000000 1.9096974 1.5983716 2.0999637 2.3668971 1.6717056 
taxon_26   9.0000000 2.7654401 3.8983851 2.9651421 2.4777542 5.1992826 2.2407263 3.2381155 2.6401503 2.5472483 9.0000000 2.2703354 2.2029825 2.8925047 3.1682982 2.6568176 2.6738637 3.9922575 9.0000000 2.5922618 2.3555333 3.5514175 2.8262852 1.8732530 1.9096974 0.0000000 0.4458322 2.1411828 1.4531176 0.8522926 
taxon_27   2.7091642 2.4516647 2.5328248 2.1080283 2.6401503 2.6238454 2.8697757 2.6078873 3.8983851 9.0000000 3.9922575 3.3151067 9.0000000 4.5638625 2.3224397 9.0000000 6.0226461 2.5472483 2.5619547 4.3753767 3.3151067 2.3224397 2.2804707 1.8792054 1.5983716 0.4458322 0.0000000 1.4565113 1.3519118 0.7279379 
taxon_28   2.8054506 3.0744259 9.0000000 2.5047842 3.2756239 2.6078873 9.0000000 2.3333094 5.1992826 9.0000000 2.4777542 3.7399033 3.0744259 2.9401397 2.3011617 9.0000000 2.8925047 2.8262852 2.4777542 4.8162140 3.7399033 2.4020598 2.5047842 2.5922618 2.0999637 2.1411828 1.4565113 0.0000000 1.3372629 1.3032306 
taxon_29   3.0744259 9.0000000 9.0000000 9.0000000 2.6913063 9.0000000 2.5922618 3.7399033 2.4516647 2.9401397 3.1682982 2.0762775 2.7851791 2.2311108 3.5514175 3.1682982 2.6078873 9.0000000 2.7654401 2.3555333 2.0383907 4.5638625 9.0000000 1.8673475 2.3668971 1.4531176 1.3519118 1.3372629 0.0000000 0.8660967 
taxon_30   5.1992826 2.8054506 3.6091383 3.4009145 2.3333094 3.3567841 2.6401503 2.5922618 2.1244224 3.5514175 4.2248735 2.3117252 2.2703354 2.2703354 2.3333094 2.4264522 2.5922618 2.6568176 2.7851791 2.6568176 2.2407263 3.2381155 2.0999637 1.3820969 1.6717056 0.8522926 0.7279379 1.3032306 0.8660967 0.0000000 
