30
taxon_1    0.0000000 0.8928852 2.2029825 3.6716745 3.4478047 2.4516647 3.7399033 1.9545826 2.3668971 2.3224397 9.0000000 2.2504667 1.9034991 9.0000000 2.2907448 2.1847998 9.0000000 9.0000000 9.0000000 2.1847998 2.6238455 2.8477153 6.0232951 2.8477153 2.1758711 9.0000000 2.4516647 2.4645960 2.3901548 3.8983851 
taxon_2    0.8928852 0.0000000 2.2804707 2.9401397 4.2248737 2.4911475 9.0000000 1.9612198 2.6078875 2.1938360 3.1356844 2.4264522 1.9814913 9.0000000 2.3555333 1.8792054 9.0000000 9.0000000 3.6091383 2.2122419 3.2023950 3.0177952 9.0000000 9.0000000 2.4777543 3.8149659 2.4777543 2.3333094 2.1497057 4.2248737 
taxon_3    2.2029825 2.2804707 0.0000000 3.4978233 9.0000000 2.1758711 3.8983851 1.8673475 2.7654411 2.7851791 9.0000000 2.7091647 2.3443391 3.3151067 2.7462092 2.0310377 3.6716745 2.4516647 3.2381161 2.4389525 3.2756239 9.0000000 9.0000000 9.0000000 2.3224397 2.6568179 2.3668971 2.1670475 2.2703354 3.8149659 
taxon_4    3.6716745 2.9401397 3.4978233 0.0000000 2.3784358 2.6401505 2.3224397 1.8912539 2.9651421 2.9910067 2.1670475 3.0455762 3.0455762 2.6238455 3.4009145 1.6319912 2.2029825 2.2504667 2.1583264 3.8149659 2.3011617 2.8262852 2.4516647 2.2907448 2.7462092 2.0608923 4.8162167 2.4020598 9.0000000 2.3555333 
taxon_5    3.4478047 4.2248737 9.0000000 2.3784358 0.0000000 1.3638406 2.4020598 2.6238455 9.0000000 3.4009145 2.3668971 9.0000000 3.4478047 2.2407263 3.2023950 2.0608923 2.7462092 2.4020598 2.5047842 3.4009145 2.0999637 2.9159441 1.9679163 2.4389525 3.0177952 2.4911475 3.6091383 3.2756239 4.5638625 2.7654411 
taxon_6    2.4516647 2.4911475 2.1758711 2.6401505 1.3638406 0.0000000 2.8262852 2.1847998 2.4516647 2.2504667 3.0455762 2.0310377 2.1327558 3.5514175 2.2122419 1.9612198 9.0000000 3.4009145 9.0000000 2.3784358 2.5619547 9.0000000 2.4777543 3.2023950 2.2907448 5.1993359 2.4645960 2.3555333 2.2603353 2.9651421 
taxon_7    3.7399033 9.0000000 3.8983851 2.3224397 2.4020598 2.8262852 0.0000000 1.2343993 3.8983851 9.0000000 2.5186735 2.9651421 3.8983851 2.5047842 3.4009145 1.7839282 2.3784358 2.2804707 2.3443391 5.1993359 2.5186735 2.4264522 2.4645960 2.5047842 6.0232951 2.2504667 3.4478047 3.4978233 9.0000000 2.5328249 
taxon_8    1.9545826 1.9612198 1.8673475 1.8912539 2.6238455 2.1847998 1.2343993 0.0000000 2.0608923 2.3333094 2.7654411 1.9350163 1.6947143 2.4264522 1.7330613 1.2733354 3.2023950 2.5619547 3.2381161 2.4777543 2.1244224 2.3011617 2.5472484 2.7274583 1.9414819 2.2504667 2.0840901 1.8107168 2.0999637 2.4264522 
taxon_9    2.3668971 2.6078875 2.7654411 2.9651421 9.0000000 2.4516647 3.8983851 2.0608923 0.0000000 1.6319912 1.7683027 1.6363016 1.1196903 2.7851791 1.7041188 1.9286060 3.3151067 3.9922575 3.6091383 2.1497057 2.9651421 2.5619547 2.7654411 9.0000000 2.5047842 6.0232951 2.9159441 2.3011617 2.4516647 2.9401397 
taxon_10   2.3224397 2.1938360 2.7851791 2.9910067 3.4009145 2.2504667 9.0000000 2.3333094 1.6319912 0.0000000 0.1725586 1.5622689 0.8645503 2.7851791 1.6493833 1.7281593 2.7091647 9.0000000 2.7462092 2.2907448 2.8054506 2.8262852 3.2023950 2.8262852 1.9953166 9.0000000 2.1758711 2.5472484 2.4516647 3.1356844 
taxon_11   9.0000000 3.1356844 9.0000000 2.1670475 2.3668971 3.0455762 2.5186735 2.7654411 1.7683027 0.1725586 0.0000000 1.6406368 0.8770116 1.9883721 1.9034991 1.5278241 2.1670475 2.5922619 2.1327558 2.9651421 2.2311108 2.1847998 2.2504667 2.2407263 2.7091647 2.7274583 2.8697757 3.5514175 4.8162167 2.1497057 
taxon_12   2.2504667 2.4264522 2.7091647 3.0455762 9.0000000 2.0310377 2.9651421 1.9350163 1.6363016 1.5622689 1.6406368 0.0000000 0.8152297 2.5047842 1.9350163 2.1758711 4.5638625 9.0000000 3.1044299 2.2407263 3.9922575 3.9922575 9.0000000 9.0000000 2.2311108 4.8162167 2.7462092 2.5186735 2.4516647 4.3753767 
taxon_13   1.9034991 1.9814913 2.3443391 3.0455762 3.4478047 2.1327558 3.8983851 1.6947143 1.1196903 0.8645503 0.8770116 0.8152297 0.0000000 1.8912539 1.4167671 1.3638406 2.6401505 2.8697757 2.6238455 2.2804707 2.6913067 2.3784358 2.5186735 2.9401397 2.0094015 3.0455762 2.7654411 2.4516647 2.0999637 2.8697757 
taxon_14   9.0000000 9.0000000 3.3151067 2.6238455 2.2407263 3.5514175 2.5047842 2.4264522 2.7851791 2.7851791 1.9883721 2.5047842 1.8912539 0.0000000 2.0999637 1.6066367 2.2407263 2.1758711 2.5328249 2.8697757 2.2804707 2.5186735 2.4264522 2.2907448 2.4389525 2.5619547 9.0000000 4.0995831 9.0000000 2.6738640 
taxon_15   2.2907448 2.3555333 2.7462092 3.4009145 3.2023950 2.2122419 3.4009145 1.7330613 1.7041188 1.6493833 1.9034991 1.9350163 1.4167671 2.0999637 0.0000000 1.5701430 3.2023950 2.8054506 2.5328249 2.3901548 3.2756239 2.5922619 3.4009145 2.9159441 2.2804707 3.3151067 2.4264522 2.7851791 1.9414819 2.4389525 
taxon_16   2.1847998 1.8792054 2.0310377 1.6319912 2.0608923 1.9612198 1.7839282 1.2733354 1.9286060 1.7281593 1.5278241 2.1758711 1.3638406 1.6066367 1.5701430 0.0000000 1.1552525 1.2218572 1.2394755 1.3729133 1.0632570 1.3087966 1.4297826 1.4232466 1.1807179 1.4948919 1.9350163 1.5278241 1.8792054 1.3790233 
taxon_17   9.0000000 9.0000000 3.6716745 2.2029825 2.7462092 9.0000000 2.3784358 3.2023950 3.3151067 2.7091647 2.1670475 4.5638625 2.6401505 2.2407263 3.2023950 1.1552525 0.0000000 0.6567479 0.6817502 2.7654411 1.8161913 1.9953166 2.1327558 1.9096974 1.9545826 2.2603353 2.9651421 4.5638625 2.9401397 2.0919849 
taxon_18   9.0000000 9.0000000 2.4516647 2.2504667 2.4020598 3.4009145 2.2804707 2.5619547 3.9922575 9.0000000 2.5922619 9.0000000 2.8697757 2.1758711 2.8054506 1.2218572 0.6567479 0.0000000 0.6721270 2.7462092 1.7136427 1.9222500 1.9814913 2.0094015 1.9953166 2.0999637 3.7399033 4.5638625 3.0177952 2.4141569 
taxon_19   9.0000000 3.6091383 3.2381161 2.1583264 2.5047842 9.0000000 2.3443391 3.2381161 3.6091383 2.7462092 2.1327558 3.1044299 2.6238455 2.5328249 2.5328249 1.2394755 0.6817502 0.6721270 0.0000000 2.8054506 1.9034991 2.0310377 2.0165444 1.8852055 2.0608923 2.1847998 3.8149659 3.4478047 3.0177952 2.2029825 
taxon_20   2.1847998 2.2122419 2.4389525 3.8149659 3.4009145 2.3784358 5.1993359 2.4777543 2.1497057 2.2907448 2.9651421 2.2407263 2.2804707 2.8697757 2.3901548 1.3729133 2.7654411 2.7462092 2.8054506 0.0000000 0.9741371 2.5328249 2.7462092 3.3151067 2.0237560 2.6401505 2.1583264 2.0999637 2.4389525 9.0000000 
taxon_21   2.6238455 3.2023950 3.2756239 2.3011617 2.0999637 2.5619547 2.5186735 2.1244224 2.9651421 2.8054506 2.2311108 3.9922575 2.6913067 2.2804707 3.2756239 1.0632570 1.8161913 1.7136427 1.9034991 0.9741371 0.0000000 1.8912539 1.8328586 1.9480036 1.7184505 2.1244224 2.9401397 2.2029825 2.9910067 2.1583264 
taxon_22   2.8477153 3.0177952 9.0000000 2.8262852 2.9159441 9.0000000 2.4264522 2.3011617 2.5619547 2.8262852 2.1847998 3.9922575 2.3784358 2.5186735 2.5922619 1.3087966 1.9953166 1.9222500 2.0310377 2.5328249 1.8912539 0.0000000 1.4463762 1.4297826 1.3578525 2.3117252 9.0000000 3.4478047 2.7274583 2.2216170 
taxon_23   6.0232951 9.0000000 9.0000000 2.4516647 1.9679163 2.4777543 2.4645960 2.5472484 2.7654411 3.2023950 2.2504667 9.0000000 2.5186735 2.4264522 3.4009145 1.4297826 2.1327558 1.9814913 2.0165444 2.7462092 1.8328586 1.4463762 0.0000000 1.1417183 1.0070291 2.2122419 9.0000000 2.9910067 2.9910067 2.4020598 
taxon_24   2.8477153 9.0000000 9.0000000 2.2907448 2.4389525 3.2023950 2.5047842 2.7274583 9.0000000 2.8262852 2.2407263 9.0000000 2.9401397 2.2907448 2.9159441 1.4232466 1.9096974 2.0094015 1.8852055 3.3151067 1.9480036 1.4297826 1.1417183 0.0000000 0.6280308 2.5472484 3.3567841 2.9651421 3.2023950 2.3784358 
taxon_25   2.1758711 2.4777543 2.3224397 2.7462092 3.0177952 2.2907448 6.0232951 1.9414819 2.5047842 1.9953166 2.7091647 2.2311108 2.0094015 2.4389525 2.2804707 1.1807179 1.9545826 1.9953166 2.0608923 2.0237560 1.7184505 1.3578525 1.0070291 0.6280308 0.0000000 2.6913067 2.3443391 1.9612198 2.2216170 2.9910067 
taxon_26   9.0000000 3.8149659 2.6568179 2.0608923 2.4911475 5.1993359 2.2504667 2.2504667 6.0232951 9.0000000 2.7274583 4.8162167 3.0455762 2.5619547 3.3151067 1.4948919 2.2603353 2.0999637 2.1847998 2.6401505 2.1244224 2.3117252 2.2122419 2.5472484 2.6913067 0.0000000 2.1244224 1.8852055 2.9910067 2.0237560 
taxon_27   2.4516647 2.4777543 2.3668971 4.8162167 3.6091383 2.4645960 3.4478047 2.0840901 2.9159441 2.1758711 2.8697757 2.7462092 2.7654411 9.0000000 2.4264522 1.9350163 2.9651421 3.7399033 3.8149659 2.1583264 2.9401397 9.0000000 9.0000000 3.3567841 2.3443391 2.1244224 0.0000000 1.4807071 2.1161805 3.4478047 
taxon_28   2.4645960 2.3333094 2.1670475 2.4020598 3.2756239 2.3555333 3.4978233 1.8107168 2.3011617 2.5472484 3.5514175 2.5186735 2.4516647 4.0995831 2.7851791 1.5278241 4.5638625 4.5638625 3.4478047 2.0999637 2.2029825 3.4478047 2.9910067 2.9651421 1.9612198 1.8852055 1.4807071 0.0000000 2.3668971 2.2804707 
taxon_29   2.3901548 2.1497057 2.2703354 9.0000000 4.5638625 2.2603353 9.0000000 2.0999637 2.4516647 2.4516647 4.8162167 2.4516647 2.0999637 9.0000000 1.9414819 1.8792054 2.9401397 3.0177952 3.0177952 2.4389525 2.9910067 2.7274583 2.9910067 3.2023950 2.2216170 2.9910067 2.1161805 2.3668971 0.0000000 2.9159441 
taxon_30   3.8983851 4.2248737 3.8149659 2.3555333 2.7654411 2.9651421 2.5328249 2.4264522 2.9401397 3.1356844 2.1497057 4.3753767 2.8697757 2.6738640 2.4389525 1.3790233 2.0919849 2.4141569 2.2029825 9.0000000 2.1583264 2.2216170 2.4020598 2.3784358 2.9910067 2.0237560 3.4478047 2.2804707 2.9159441 0.0000000 
