30
taxon_1    0.0000000 1.6024930 2.3443390 1.9414818 2.3117252 1.9480036 2.6568177 2.0094015 1.8107168 2.1583264 3.0177952 2.5472483 2.1411828 2.4141568 1.8052820 2.6401503 2.4020598 1.6854262 1.8052820 2.2504667 2.1758711 2.9159433 1.7786835 1.7136427 2.4389525 2.0383906 2.6078873 2.1161805 2.1497056 1.8732530 
taxon_2    1.6024930 0.0000000 0.8833208 0.2535257 2.0383906 1.6319912 1.7529960 2.0608923 2.0094015 2.3224397 2.5769551 2.5186734 2.0919849 2.3901548 1.8912539 3.6716745 2.5619546 1.8614881 2.0919849 2.9910067 2.6238454 4.5638620 9.0000000 2.5186734 2.9159433 3.2381161 9.0000000 2.2907448 2.3117252 2.3901548 
taxon_3    2.3443390 0.8833208 0.0000000 1.0857382 3.8149659 2.1847998 3.8149659 2.3901548 2.2703354 9.0000000 9.0000000 9.0000000 3.4478047 2.6078873 2.4264522 9.0000000 3.3567841 2.2804707 2.9401388 4.3753767 4.3753767 9.0000000 9.0000000 2.7462089 2.8697751 9.0000000 9.0000000 3.7399033 2.3443390 2.9401388 
taxon_4    1.9414818 0.2535257 1.0857382 0.0000000 1.8052820 1.9746731 1.5544766 2.4645960 2.9159433 1.9679163 2.0458164 2.1758711 2.8925040 4.2248678 2.5472483 2.7654407 2.1938360 2.2122418 1.8052820 2.2804707 2.3117252 2.7462089 2.3668971 3.7399033 3.7399033 2.3333094 2.7462089 3.2381161 2.8697751 3.4478047 
taxon_5    2.3117252 2.0383906 3.8149659 1.8052820 0.0000000 2.3668971 2.2703354 5.1993310 3.2381161 2.1080283 2.5619546 2.4645960 3.2381161 9.0000000 3.8149659 2.5619546 2.2907448 9.0000000 2.3784358 2.5769551 4.2248678 3.4009145 3.1044299 4.8162156 9.0000000 2.6238454 2.5769551 9.0000000 9.0000000 9.0000000 
taxon_6    1.9480036 1.6319912 2.1847998 1.9746731 2.3668971 0.0000000 0.7648838 2.4645960 3.2381161 3.2381161 9.0000000 3.0177952 2.3224397 2.6738638 2.3668971 4.0995819 3.6091383 2.1758711 2.6913065 3.1356844 9.0000000 9.0000000 9.0000000 2.6738638 2.8697751 9.0000000 9.0000000 2.2703354 3.2023950 2.6738638 
taxon_7    2.6568177 1.7529960 3.8149659 1.5544766 2.2703354 0.7648838 0.0000000 9.0000000 9.0000000 2.3443390 2.8477147 2.6913065 3.4009145 3.0744259 4.3753767 2.6401503 2.1080283 3.6091383 2.1327558 3.4978233 2.6913065 2.1758711 2.6913065 9.0000000 9.0000000 3.0455762 3.5514175 9.0000000 4.5638620 9.0000000 
taxon_8    2.0094015 2.0608923 2.3901548 2.4645960 5.1993310 2.4645960 9.0000000 0.0000000 1.9814913 2.5619546 3.3567841 2.7274580 2.6568177 2.7851787 2.2804707 4.3753767 9.0000000 2.6078873 3.1682983 9.0000000 9.0000000 2.9651421 2.6568177 3.5514175 3.3151067 9.0000000 9.0000000 2.4141568 2.7654407 2.9651421 
taxon_9    1.8107168 2.0094015 2.2703354 2.9159433 3.2381161 3.2381161 9.0000000 1.9814913 0.0000000 1.0552462 1.8328586 1.3489591 2.0237560 1.9746731 2.5619546 9.0000000 2.9401388 2.4264522 3.0177952 6.0226461 2.9910067 9.0000000 4.2248678 2.8477147 2.9651421 9.0000000 9.0000000 3.1356844 3.4478047 2.8262848 
taxon_10   2.1583264 2.3224397 9.0000000 1.9679163 2.1080283 3.2381161 2.3443390 2.5619546 1.0552462 0.0000000 1.2022162 0.8770116 2.4645960 2.7462089 2.5619546 2.5186734 2.1758711 2.7462089 1.9222500 2.4389525 2.3333094 2.4911474 2.3901548 9.0000000 9.0000000 2.4516646 2.3224397 2.5769551 9.0000000 9.0000000 
taxon_11   3.0177952 2.5769551 9.0000000 2.0458164 2.5619546 9.0000000 2.8477147 3.3567841 1.8328586 1.2022162 0.0000000 1.0259456 2.6568177 3.5514175 3.0744259 2.7274580 2.4389525 2.6913065 2.1847998 2.4911474 2.3555333 2.8262848 2.6078873 3.4478047 6.0226461 2.4645960 2.8477147 3.2756239 3.8149659 9.0000000 
taxon_12   2.5472483 2.5186734 9.0000000 2.1758711 2.4645960 3.0177952 2.6913065 2.7274580 1.3489591 0.8770116 1.0259456 0.0000000 2.4020598 2.8054501 2.7851787 2.7274580 2.3224397 2.7654407 1.9746731 2.7274580 2.6738638 2.3333094 2.5328248 3.4978233 9.0000000 2.5472483 2.7274580 9.0000000 9.0000000 9.0000000 
taxon_13   2.1411828 2.0919849 3.4478047 2.8925040 3.2381161 2.3224397 3.4009145 2.6568177 2.0237560 2.4645960 2.6568177 2.4020598 0.0000000 1.9883721 2.2804707 9.0000000 2.9401388 2.2407263 2.6568177 9.0000000 9.0000000 6.0226461 9.0000000 2.3784358 2.5769551 3.8983850 9.0000000 2.3443390 2.5769551 2.2407263 
taxon_14   2.4141568 2.3901548 2.6078873 4.2248678 9.0000000 2.6738638 3.0744259 2.7851787 1.9746731 2.7462089 3.5514175 2.8054501 1.9883721 0.0000000 2.2216170 3.6716745 3.3567841 2.4777542 3.3151067 9.0000000 9.0000000 2.8477147 4.5638620 2.7851787 2.9651421 3.8983850 9.0000000 3.1682983 2.6738638 2.4777542 
taxon_15   1.8052820 1.8912539 2.4264522 2.5472483 3.8149659 2.3668971 4.3753767 2.2804707 2.5619546 2.5619546 3.0744259 2.7851787 2.2804707 2.2216170 0.0000000 9.0000000 2.5186734 2.1411828 2.3333094 3.8983850 3.9922572 3.8983850 4.5638620 2.0919849 2.9910067 3.6091383 9.0000000 3.2023950 3.4478047 2.6401503 
taxon_16   2.6401503 3.6716745 9.0000000 2.7654407 2.5619546 4.0995819 2.6401503 4.3753767 9.0000000 2.5186734 2.7274580 2.7274580 9.0000000 3.6716745 9.0000000 0.0000000 1.1598187 4.8162156 2.4516646 2.3333094 2.7462089 3.2023950 2.4516646 9.0000000 9.0000000 2.6238454 2.4020598 3.8149659 9.0000000 9.0000000 
taxon_17   2.4020598 2.5619546 3.3567841 2.1938360 2.2907448 3.6091383 2.1080283 9.0000000 2.9401388 2.1758711 2.4389525 2.3224397 2.9401388 3.3567841 2.5186734 1.1598187 0.0000000 2.9910067 2.4141568 2.2407263 2.2504667 9.0000000 2.6238454 9.0000000 3.9922572 2.7462089 2.8054501 9.0000000 3.8149659 9.0000000 
taxon_18   1.6854262 1.8614881 2.2804707 2.2122418 9.0000000 2.1758711 3.6091383 2.6078873 2.4264522 2.7462089 2.6913065 2.7654407 2.2407263 2.4777542 2.1411828 4.8162156 2.9910067 0.0000000 0.3110823 9.0000000 9.0000000 3.2381161 3.2381161 2.1938360 2.7654407 5.1993310 9.0000000 2.5047841 2.1938360 2.3555333 
taxon_19   1.8052820 2.0919849 2.9401388 1.8052820 2.3784358 2.6913065 2.1327558 3.1682983 3.0177952 1.9222500 2.1847998 1.9746731 2.6568177 3.3151067 2.3333094 2.4516646 2.4141568 0.3110823 0.0000000 2.6401503 3.0177952 2.4516646 2.5186734 2.8697751 9.0000000 2.4911474 3.0177952 2.8477147 2.7851787 3.1682983 
taxon_20   2.2504667 2.9910067 4.3753767 2.2804707 2.5769551 3.1356844 3.4978233 9.0000000 6.0226461 2.4389525 2.4911474 2.7274580 9.0000000 9.0000000 3.8983850 2.3333094 2.2407263 9.0000000 2.6401503 0.0000000 0.4379186 2.2216170 1.9096974 2.9401388 4.2248678 2.4264522 2.7654407 4.8162156 4.5638620 9.0000000 
taxon_21   2.1758711 2.6238454 4.3753767 2.3117252 4.2248678 9.0000000 2.6913065 9.0000000 2.9910067 2.3333094 2.3555333 2.6738638 9.0000000 9.0000000 3.9922572 2.7462089 2.2504667 9.0000000 3.0177952 0.4379186 0.0000000 2.1758711 1.6537951 2.8054501 4.5638620 2.3333094 2.3555333 4.0995819 5.1993310 4.2248678 
taxon_22   2.9159433 4.5638620 9.0000000 2.7462089 3.4009145 9.0000000 2.1758711 2.9651421 9.0000000 2.4911474 2.8262848 2.3333094 6.0226461 2.8477147 3.8983850 3.2023950 9.0000000 3.2381161 2.4516646 2.2216170 2.1758711 0.0000000 0.9025732 3.3151067 2.6238454 2.4264522 2.4911474 6.0226461 3.9922572 4.0995819 
taxon_23   1.7786835 9.0000000 9.0000000 2.3668971 3.1044299 9.0000000 2.6913065 2.6568177 4.2248678 2.3901548 2.6078873 2.5328248 9.0000000 4.5638620 4.5638620 2.4516646 2.6238454 3.2381161 2.5186734 1.9096974 1.6537951 0.9025732 0.0000000 2.5047841 3.6091383 2.2504667 2.5619546 5.1993310 3.3151067 3.4978233 
taxon_24   1.7136427 2.5186734 2.7462089 3.7399033 4.8162156 2.6738638 9.0000000 3.5514175 2.8477147 9.0000000 3.4478047 3.4978233 2.3784358 2.7851787 2.0919849 9.0000000 9.0000000 2.1938360 2.8697751 2.9401388 2.8054501 3.3151067 2.5047841 0.0000000 1.0612462 0.6697397 9.0000000 2.3784358 2.3555333 2.3333094 
taxon_25   2.4389525 2.9159433 2.8697751 3.7399033 9.0000000 2.8697751 9.0000000 3.3151067 2.9651421 9.0000000 6.0226461 9.0000000 2.5769551 2.9651421 2.9910067 9.0000000 3.9922572 2.7654407 9.0000000 4.2248678 4.5638620 2.6238454 3.6091383 1.0612462 0.0000000 0.7675938 9.0000000 2.2703354 2.3555333 2.4264522 
taxon_26   2.0383906 3.2381161 9.0000000 2.3333094 2.6238454 9.0000000 3.0455762 9.0000000 9.0000000 2.4516646 2.4645960 2.5472483 3.8983850 3.8983850 3.6091383 2.6238454 2.7462089 5.1993310 2.4911474 2.4264522 2.3333094 2.4264522 2.2504667 0.6697397 0.7675938 0.0000000 2.4777542 3.1682983 2.4911474 3.1356844 
taxon_27   2.6078873 9.0000000 9.0000000 2.7462089 2.5769551 9.0000000 3.5514175 9.0000000 9.0000000 2.3224397 2.8477147 2.7274580 9.0000000 9.0000000 9.0000000 2.4020598 2.8054501 9.0000000 3.0177952 2.7654407 2.3555333 2.4911474 2.5619546 9.0000000 9.0000000 2.4777542 0.0000000 0.7744120 1.7088657 1.6493833 
taxon_28   2.1161805 2.2907448 3.7399033 3.2381161 9.0000000 2.2703354 9.0000000 2.4141568 3.1356844 2.5769551 3.2756239 9.0000000 2.3443390 3.1682983 3.2023950 3.8149659 9.0000000 2.5047841 2.8477147 4.8162156 4.0995819 6.0226461 5.1993310 2.3784358 2.2703354 3.1682983 0.7744120 0.0000000 1.2813712 1.2095214 
taxon_29   2.1497056 2.3117252 2.3443390 2.8697751 9.0000000 3.2023950 4.5638620 2.7654407 3.4478047 9.0000000 3.8149659 9.0000000 2.5769551 2.6738638 3.4478047 9.0000000 3.8149659 2.1938360 2.7851787 4.5638620 5.1993310 3.9922572 3.3151067 2.3555333 2.3555333 2.4911474 1.7088657 1.2813712 0.0000000 0.7703136 
taxon_30   1.8732530 2.3901548 2.9401388 3.4478047 9.0000000 2.6738638 9.0000000 2.9651421 2.8262848 9.0000000 9.0000000 9.0000000 2.2407263 2.4777542 2.6401503 9.0000000 9.0000000 2.3555333 3.1682983 9.0000000 4.2248678 4.0995819 3.4978233 2.3333094 2.4264522 3.1356844 1.6493833 1.2095214 0.7703136 0.0000000 
