RF=0.829787
WRF=0.019228
