30
taxon_1    0.0000000 9.0000000 9.0000000 1.0854893 1.1220819 9.0000000 9.0000000 1.1776629 1.1419866 9.0000000 1.0974895 9.0000000 9.0000000 1.1079305 1.0703373 1.1530705 9.0000000 1.1365054 1.1114434 9.0000000 1.2070784 1.1700097 9.0000000 9.0000000 9.0000000 9.0000000 1.1346872 1.1738265 9.0000000 0.8324066 
taxon_2    9.0000000 0.0000000 0.9958304 2.7488717 9.0000000 1.0653538 1.1512118 9.0000000 9.0000000 1.0172605 4.4451945 1.0787172 1.0906088 9.0000000 9.0000000 9.0000000 1.0157093 9.0000000 9.0000000 1.1834544 9.0000000 9.0000000 1.0974895 1.1738265 1.2131025 1.1346872 9.0000000 9.0000000 1.1256619 1.0234975 
taxon_3    9.0000000 0.9958304 0.0000000 1.7960253 9.0000000 1.0219334 1.1202983 9.0000000 2.4659015 0.8838913 2.1546936 1.1026919 1.0554853 9.0000000 9.0000000 9.0000000 0.9619013 9.0000000 9.0000000 1.2418732 9.0000000 9.0000000 1.1202983 1.1719157 1.2397811 1.2335398 9.0000000 9.0000000 1.1586745 1.0923230 
taxon_4    1.0854893 2.7488717 1.7960253 0.0000000 1.0157093 4.0926918 9.0000000 0.9647915 0.8545757 1.8648809 0.8167936 9.0000000 9.0000000 1.0441337 0.9419761 1.0234975 2.4242241 1.1238697 1.1438226 9.0000000 1.2050811 1.1776629 9.0000000 9.0000000 9.0000000 9.0000000 1.1719157 1.2418732 9.0000000 9.0000000 
taxon_5    1.1220819 9.0000000 9.0000000 1.0157093 0.0000000 9.0000000 9.0000000 1.1643207 1.0820956 9.0000000 1.0753540 9.0000000 9.0000000 1.0686724 1.0854893 1.0457449 9.0000000 1.1624339 1.1776629 9.0000000 1.2783610 1.2110891 9.0000000 9.0000000 9.0000000 9.0000000 1.1549339 1.1951734 9.0000000 9.0000000 
taxon_6    9.0000000 1.0653538 1.0219334 4.0926918 9.0000000 0.0000000 1.0653538 5.1324010 2.1001241 0.7808238 3.0075026 1.1892910 1.1114434 9.0000000 9.0000000 9.0000000 1.0003713 9.0000000 9.0000000 1.1971445 9.0000000 9.0000000 1.2050811 1.1456630 1.1795884 1.2232515 9.0000000 9.0000000 1.1568019 1.1912467 
taxon_7    9.0000000 1.1512118 1.1202983 9.0000000 9.0000000 1.0653538 0.0000000 0.8096957 1.3052296 0.7618071 9.0000000 1.1834544 1.1643207 9.0000000 9.0000000 9.0000000 1.1185190 9.0000000 9.0000000 1.2110891 9.0000000 9.0000000 1.2984217 1.2335398 1.2151214 1.1475081 9.0000000 9.0000000 1.1776629 1.1383280 
taxon_8    1.1776629 9.0000000 9.0000000 0.9647915 1.1643207 5.1324010 0.8096957 0.0000000 0.4427625 1.3029534 0.9883229 9.0000000 9.0000000 1.1026919 1.0571211 1.0571211 4.4451945 1.1991208 1.2131025 9.0000000 1.2503002 1.2171457 9.0000000 9.0000000 9.0000000 9.0000000 1.1834544 1.1493576 9.0000000 9.0000000 
taxon_9    1.1419866 9.0000000 2.4659015 0.8545757 1.0820956 2.1001241 1.3052296 0.4427625 0.0000000 0.8003352 0.8421787 9.0000000 9.0000000 1.0329514 0.9633450 1.0250649 2.4766931 1.2524219 1.1912467 9.0000000 1.2609690 1.2191754 9.0000000 9.0000000 9.0000000 9.0000000 1.1834544 1.1401551 9.0000000 9.0000000 
taxon_10   9.0000000 1.0172605 0.8838913 1.8648809 9.0000000 0.7808238 0.7618071 1.3029534 0.8003352 0.0000000 1.6860720 1.0571211 1.0234975 5.6522725 2.4242241 2.7972751 0.8156059 9.0000000 9.0000000 1.2418732 9.0000000 9.0000000 1.1719157 1.1795884 1.1815189 1.1643207 9.0000000 9.0000000 1.1096849 1.0604033 
taxon_11   1.0974895 4.4451945 2.1546936 0.8167936 1.0753540 3.0075026 9.0000000 0.9883229 0.8421787 1.6860720 0.0000000 9.0000000 2.7182553 0.9476152 0.8311940 0.9103490 1.6936862 1.2110891 1.2171457 9.0000000 1.2011023 1.2110891 9.0000000 9.0000000 9.0000000 9.0000000 1.2050811 1.2151214 9.0000000 9.0000000 
taxon_12   9.0000000 1.0787172 1.1026919 9.0000000 9.0000000 1.1892910 1.1834544 9.0000000 9.0000000 1.0571211 9.0000000 0.0000000 0.9988546 3.7885930 2.4141569 3.0529710 0.7887965 9.0000000 9.0000000 1.2717917 9.0000000 9.0000000 1.2273499 1.1834544 1.1568019 1.2335398 9.0000000 9.0000000 1.1951734 1.1834544 
taxon_13   9.0000000 1.0906088 1.0554853 9.0000000 9.0000000 1.1114434 1.1643207 9.0000000 9.0000000 1.0234975 2.7182553 0.9988546 0.0000000 1.9354027 1.4963251 1.7410701 0.5986586 9.0000000 9.0000000 1.1700097 9.0000000 9.0000000 1.1815189 1.1512118 1.1776629 1.1795884 9.0000000 9.0000000 1.1776629 1.1419866 
taxon_14   1.1079305 9.0000000 9.0000000 1.0441337 1.0686724 9.0000000 9.0000000 1.1026919 1.0329514 5.6522725 0.9476152 3.7885930 1.9354027 0.0000000 0.6713863 0.8191745 1.3669733 1.2314708 1.2566832 9.0000000 1.1892910 1.1795884 9.0000000 9.0000000 9.0000000 9.0000000 1.2609690 1.1991208 9.0000000 9.0000000 
taxon_15   1.0703373 9.0000000 9.0000000 0.9419761 1.0854893 9.0000000 9.0000000 1.0571211 0.9633450 2.4242241 0.8311940 2.4141569 1.4963251 0.6713863 0.0000000 0.6655345 0.9009823 1.1365054 1.1853949 9.0000000 1.1738265 1.1892910 9.0000000 9.0000000 9.0000000 9.0000000 1.1757423 1.1815189 9.0000000 9.0000000 
taxon_16   1.1530705 9.0000000 9.0000000 1.0234975 1.0457449 9.0000000 9.0000000 1.0571211 1.0250649 2.7972751 0.9103490 3.0529710 1.7410701 0.8191745 0.6655345 0.0000000 0.9898184 1.2294075 1.2894395 9.0000000 1.2070784 1.1795884 9.0000000 9.0000000 9.0000000 9.0000000 1.2545495 1.2070784 9.0000000 9.0000000 
taxon_17   9.0000000 1.0157093 0.9619013 2.4242241 9.0000000 1.0003713 1.1185190 4.4451945 2.4766931 0.8156059 1.6936862 0.7887965 0.5986586 1.3669733 0.9009823 0.9898184 0.0000000 9.0000000 9.0000000 1.2481846 9.0000000 9.0000000 1.2232515 1.2460749 1.2011023 1.1971445 9.0000000 9.0000000 1.1662123 1.0770337 
taxon_18   1.1365054 9.0000000 9.0000000 1.1238697 1.1624339 9.0000000 9.0000000 1.1991208 1.2524219 9.0000000 1.2110891 9.0000000 9.0000000 1.2314708 1.1365054 1.2294075 9.0000000 0.0000000 0.3537037 9.0000000 1.1700097 1.1292590 9.0000000 9.0000000 9.0000000 9.0000000 1.1951734 1.1700097 9.0000000 9.0000000 
taxon_19   1.1114434 9.0000000 9.0000000 1.1438226 1.1776629 9.0000000 9.0000000 1.2131025 1.1912467 9.0000000 1.2171457 9.0000000 9.0000000 1.2566832 1.1853949 1.2894395 9.0000000 0.3537037 0.0000000 9.0000000 1.1512118 1.1643207 9.0000000 9.0000000 9.0000000 9.0000000 1.1951734 1.1719157 9.0000000 9.0000000 
taxon_20   9.0000000 1.1834544 1.2418732 9.0000000 9.0000000 1.1971445 1.2110891 9.0000000 9.0000000 1.2418732 9.0000000 1.2717917 1.1700097 9.0000000 9.0000000 9.0000000 1.2481846 9.0000000 9.0000000 0.0000000 9.0000000 9.0000000 1.1079305 1.0141613 0.9171119 1.1605519 9.0000000 9.0000000 1.1512118 1.1419866 
taxon_21   1.2070784 9.0000000 9.0000000 1.2050811 1.2783610 9.0000000 9.0000000 1.2503002 1.2609690 9.0000000 1.2011023 9.0000000 9.0000000 1.1892910 1.1738265 1.2070784 9.0000000 1.1700097 1.1512118 9.0000000 0.0000000 0.2575723 9.0000000 2.8313729 2.5569221 9.0000000 1.2011023 1.1815189 9.0000000 9.0000000 
taxon_22   1.1700097 9.0000000 9.0000000 1.1776629 1.2110891 9.0000000 9.0000000 1.2171457 1.2191754 9.0000000 1.2110891 9.0000000 9.0000000 1.1795884 1.1892910 1.1795884 9.0000000 1.1292590 1.1643207 9.0000000 0.2575723 0.0000000 9.0000000 2.5941198 2.0250615 9.0000000 1.1624339 1.1932075 9.0000000 9.0000000 
taxon_23   9.0000000 1.0974895 1.1202983 9.0000000 9.0000000 1.2050811 1.2984217 9.0000000 9.0000000 1.1719157 9.0000000 1.2273499 1.1815189 9.0000000 9.0000000 9.0000000 1.2232515 9.0000000 9.0000000 1.1079305 9.0000000 9.0000000 0.0000000 0.4179140 0.8384992 1.1044340 9.0000000 9.0000000 1.1586745 1.2011023 
taxon_24   9.0000000 1.1738265 1.1719157 9.0000000 9.0000000 1.1456630 1.2335398 9.0000000 9.0000000 1.1795884 9.0000000 1.1834544 1.1512118 9.0000000 9.0000000 9.0000000 1.2460749 9.0000000 9.0000000 1.0141613 2.8313729 2.5941198 0.4179140 0.0000000 0.6606927 1.1757423 9.0000000 9.0000000 1.1274583 1.1456630 
taxon_25   9.0000000 1.2131025 1.2397811 9.0000000 9.0000000 1.1795884 1.2151214 9.0000000 9.0000000 1.1815189 9.0000000 1.1568019 1.1776629 9.0000000 9.0000000 9.0000000 1.2011023 9.0000000 9.0000000 0.9171119 2.5569221 2.0250615 0.8384992 0.6606927 0.0000000 1.1605519 9.0000000 9.0000000 1.1167438 1.1834544 
taxon_26   9.0000000 1.1346872 1.2335398 9.0000000 9.0000000 1.2232515 1.1475081 9.0000000 9.0000000 1.1643207 9.0000000 1.2335398 1.1795884 9.0000000 9.0000000 9.0000000 1.1971445 9.0000000 9.0000000 1.1605519 9.0000000 9.0000000 1.1044340 1.1757423 1.1605519 0.0000000 2.4987535 4.4451945 0.7421839 0.9883229 
taxon_27   1.1346872 9.0000000 9.0000000 1.1719157 1.1549339 9.0000000 9.0000000 1.1834544 1.1834544 9.0000000 1.2050811 9.0000000 9.0000000 1.2609690 1.1757423 1.2545495 9.0000000 1.1951734 1.1951734 9.0000000 1.2011023 1.1624339 9.0000000 9.0000000 9.0000000 2.4987535 0.0000000 0.9532970 1.4992720 9.0000000 
taxon_28   1.1738265 9.0000000 9.0000000 1.2418732 1.1951734 9.0000000 9.0000000 1.1493576 1.1401551 9.0000000 1.2151214 9.0000000 9.0000000 1.1991208 1.1815189 1.2070784 9.0000000 1.1700097 1.1719157 9.0000000 1.1815189 1.1932075 9.0000000 9.0000000 9.0000000 4.4451945 0.9532970 0.0000000 1.1681086 9.0000000 
taxon_29   9.0000000 1.1256619 1.1586745 9.0000000 9.0000000 1.1568019 1.1776629 9.0000000 9.0000000 1.1096849 9.0000000 1.1951734 1.1776629 9.0000000 9.0000000 9.0000000 1.1662123 9.0000000 9.0000000 1.1512118 9.0000000 9.0000000 1.1586745 1.1274583 1.1167438 0.7421839 1.4992720 1.1681086 0.0000000 0.9253087 
taxon_30   0.8324066 1.0234975 1.0923230 9.0000000 9.0000000 1.1912467 1.1383280 9.0000000 9.0000000 1.0604033 9.0000000 1.1834544 1.1419866 9.0000000 9.0000000 9.0000000 1.0770337 9.0000000 9.0000000 1.1419866 9.0000000 9.0000000 1.2011023 1.1456630 1.1834544 0.9883229 9.0000000 9.0000000 0.9253087 0.0000000 
