30
taxon_1    0.0000000 1.2810646 1.6575251 1.6957768 1.7984215 1.5864193 3.0309260 3.3095987 1.7045487 2.7531457 4.7324386 9.0000000 1.7934380 1.7453447 3.0054999 2.7531457 2.7712186 3.0572444 1.6533928 3.7579762 3.9968168 1.7453447 1.6914290 1.8886360 1.7179020 4.7324386 2.1100580 2.7182557 1.7089735 0.9845295 
taxon_2    1.2810646 0.0000000 1.7984215 1.7134245 1.8719067 1.7089735 3.5771049 3.0572444 1.7224064 3.5771049 4.3493195 4.3493195 1.7884875 1.8830180 9.0000000 3.1422411 9.0000000 4.3493195 1.8034382 3.1422411 9.0000000 1.8609577 1.8448280 1.7984215 2.0310374 9.0000000 2.6075287 2.8482095 1.7835695 1.9232572 
taxon_3    1.6575251 1.7984215 0.0000000 1.2637086 1.3383848 1.3945909 9.0000000 2.7014011 1.7001499 4.3493195 3.3095987 4.5166766 1.8342645 1.7884875 4.5166766 9.0000000 9.0000000 9.0000000 1.9783845 9.0000000 3.1728576 1.7835695 1.8238476 1.8395276 1.8942964 9.0000000 4.5166766 3.3480687 1.8999999 3.6326859 
taxon_4    1.6957768 1.7134245 1.2637086 0.0000000 1.3887769 1.3144041 3.2730061 9.0000000 1.7314973 4.0969653 2.7531457 2.7182557 1.9351618 1.8830180 3.1422411 9.0000000 9.0000000 3.1728576 1.7407007 9.0000000 3.1128248 1.8135735 1.8555425 1.7224064 1.7786835 3.8294576 3.9968168 2.9340173 1.7224064 3.3886190 
taxon_5    1.7984215 1.8719067 1.3383848 1.3887769 0.0000000 1.1780999 9.0000000 3.9084795 1.7738291 9.0000000 9.0000000 9.0000000 1.7314973 1.8290379 9.0000000 3.0309260 3.7579762 4.3493195 1.7224064 9.0000000 3.2381161 1.7453447 1.9976988 1.7884875 1.7738291 9.0000000 3.5771049 9.0000000 1.7884875 3.9968168 
taxon_6    1.5864193 1.7089735 1.3945909 1.3144041 1.1780999 0.0000000 3.5253603 9.0000000 1.7453447 4.5166766 3.3095987 5.5562928 1.6700601 1.6492832 2.9570960 4.2125783 3.4769564 3.8294576 1.7884875 3.2381161 4.2125783 1.7984215 1.8609577 1.7500176 1.9411868 9.0000000 2.8282083 9.0000000 1.5864193 2.8087259 
taxon_7    3.0309260 3.5771049 9.0000000 3.2730061 9.0000000 3.5253603 0.0000000 1.3438196 1.9783845 1.1957998 1.5604908 1.6055043 2.3593877 2.5373841 1.4976634 1.4713449 1.4909967 1.3887769 1.9783845 1.4876854 1.4366018 1.8774418 2.2985435 2.2422671 2.2156371 1.3830076 1.8719067 2.0042491 9.0000000 1.7360843 
taxon_8    3.3095987 3.0572444 2.7014011 9.0000000 3.9084795 9.0000000 1.3438196 0.0000000 2.6849168 1.5604908 1.5864193 1.6093803 3.6326859 2.3808178 1.6250876 1.5939951 1.6700601 1.6575251 2.4372354 1.4976634 1.6451961 2.2332850 2.9340173 2.1899203 3.1128248 1.6330664 1.5826599 1.7407007 3.1128248 1.6211298 
taxon_9    1.7045487 1.7224064 1.7001499 1.7314973 1.7738291 1.7453447 1.9783845 2.6849168 0.0000000 1.3887769 3.0054999 2.7354978 1.6957768 1.5641404 2.4610470 2.9570960 2.1983950 2.1732533 1.4649071 2.4256073 2.8087259 1.5010191 1.7314973 1.7134245 1.6055043 2.3182815 3.2381161 3.7579762 1.8186930 2.6849168 
taxon_10   2.7531457 3.5771049 4.3493195 4.0969653 9.0000000 4.5166766 1.1957998 1.5604908 1.3887769 0.0000000 1.7314973 1.7360843 2.4610470 2.9570960 1.7500176 1.6330664 1.5389582 1.4811064 2.3917669 1.6055043 1.6411310 2.4856394 2.3808178 2.5646599 2.5373841 1.5354288 1.7934380 1.7738291 9.0000000 1.7835695 
taxon_11   4.7324386 4.3493195 3.3095987 2.7531457 9.0000000 3.3095987 1.5604908 1.5864193 3.0054999 1.7314973 0.0000000 1.2760646 2.6075287 3.0054999 1.6211298 1.5249391 1.4335218 1.4713449 2.0803512 1.4304543 1.5678079 1.9976988 3.5253603 2.4490467 2.5110656 1.4490503 1.7786835 1.8290379 3.3095987 1.7594517 
taxon_12   9.0000000 4.3493195 4.5166766 2.7182557 9.0000000 5.5562928 1.6055043 1.6093803 2.7354978 1.7360843 1.2760646 0.0000000 2.8898869 2.1983950 1.4396946 1.4778384 1.5249391 1.4553528 2.1409903 1.5939951 1.4778384 2.0378864 2.4028782 2.4856394 2.6375327 1.4243567 1.7001499 1.7045487 3.8294576 1.9232572 
taxon_13   1.7934380 1.7884875 1.8342645 1.9351618 1.7314973 1.6700601 2.3593877 3.6326859 1.6957768 2.4610470 2.6075287 2.8898869 0.0000000 1.1846885 1.6492832 2.1025203 2.1025203 2.0731047 1.4909967 2.1983950 2.3593877 1.4366018 1.5111773 1.5214749 1.6132764 2.0108570 2.8482095 4.7324386 1.7089735 3.3095987 
taxon_14   1.7453447 1.8830180 1.7884875 1.8830180 1.8290379 1.6492832 2.5373841 2.3808178 1.5641404 2.9570960 3.0054999 2.1983950 1.1846885 0.0000000 0.5001224 2.3700262 2.4256073 2.2605607 1.4093261 2.2605607 2.2332850 1.3716006 1.6055043 1.5145941 1.4366018 2.1409903 3.3886190 3.8294576 1.5641404 9.0000000 
taxon_15   3.0054999 9.0000000 4.5166766 3.1422411 9.0000000 2.9570960 1.4976634 1.6250876 2.4610470 1.7500176 1.6211298 1.4396946 1.6492832 0.5001224 0.0000000 1.4366018 1.4459187 1.3548088 1.8555425 1.4153022 1.4909967 1.9595550 2.6223807 2.1569480 2.2888659 1.4123082 1.7453447 1.7500176 3.9968168 1.8290379 
taxon_16   2.7531457 3.1422411 9.0000000 9.0000000 3.0309260 4.2125783 1.4713449 1.5939951 2.9570960 1.6330664 1.5249391 1.4778384 2.1025203 2.3700262 1.4366018 0.0000000 1.0760407 0.8984479 1.1032457 1.1846885 1.3117863 1.4811064 1.7224064 1.7934380 2.0108570 1.1439060 1.9720553 1.9232572 5.5562928 1.8342645 
taxon_17   2.7712186 9.0000000 9.0000000 9.0000000 3.7579762 3.4769564 1.4909967 1.6700601 2.1983950 1.5389582 1.4335218 1.5249391 2.1025203 2.4256073 1.4459187 1.0760407 0.0000000 0.9121261 1.0779515 1.2208400 1.2231584 1.3603644 2.0310374 1.8664122 1.8942964 1.1192463 1.7453447 1.8395276 3.1422411 1.8034382 
taxon_18   3.0572444 4.3493195 9.0000000 3.1728576 4.3493195 3.8294576 1.3887769 1.6575251 2.1732533 1.4811064 1.4713449 1.4553528 2.0731047 2.2605607 1.3548088 0.8984479 0.9121261 0.0000000 0.2819293 1.1891133 1.1480960 1.2395909 1.9976988 1.5604908 1.8238476 1.0351890 2.0175237 2.0242502 3.2381161 1.9057470 
taxon_19   1.6533928 1.8034382 1.9783845 1.7407007 1.7224064 1.7884875 1.9783845 2.4372354 1.4649071 2.3917669 2.0803512 2.1409903 1.4909967 1.4093261 1.8555425 1.1032457 1.0779515 0.2819293 0.0000000 1.4304543 1.4243567 0.9121261 1.3465518 1.0627995 1.2185288 1.2395909 9.0000000 9.0000000 1.7594517 4.5166766 
taxon_20   3.7579762 3.1422411 9.0000000 9.0000000 9.0000000 3.2381161 1.4876854 1.4976634 2.4256073 1.6055043 1.4304543 1.5939951 2.1983950 2.2605607 1.4153022 1.1846885 1.2208400 1.1891133 1.4304543 0.0000000 1.0953716 1.1355957 1.8290379 1.4123082 1.7045487 0.9778030 1.7453447 1.7500176 9.0000000 1.7738291 
taxon_21   3.9968168 9.0000000 3.1728576 3.1128248 3.2381161 4.2125783 1.4366018 1.6451961 2.8087259 1.6411310 1.5678079 1.4778384 2.3593877 2.2332850 1.4909967 1.3117863 1.2231584 1.1480960 1.4243567 1.0953716 0.0000000 0.4612983 1.8886360 1.5425043 1.7934380 1.0553367 1.8609577 1.7984215 3.2047773 1.8942964 
taxon_22   1.7453447 1.8609577 1.7835695 1.8135735 1.7453447 1.7984215 1.8774418 2.2332850 1.5010191 2.4856394 1.9976988 2.0378864 1.4366018 1.3716006 1.9595550 1.4811064 1.3603644 1.2395909 0.9121261 1.1355957 0.4612983 0.0000000 1.0992983 0.9612460 1.0571955 1.0050787 9.0000000 3.8294576 1.7884875 9.0000000 
taxon_23   1.6914290 1.8448280 1.8238476 1.8555425 1.9976988 1.8609577 2.2985435 2.9340173 1.7314973 2.3808178 3.5253603 2.4028782 1.5111773 1.6055043 2.6223807 1.7224064 2.0310374 1.9976988 1.3465518 1.8290379 1.8886360 1.0992983 0.0000000 1.2612616 1.3575815 1.5496472 9.0000000 9.0000000 1.8342645 2.9809075 
taxon_24   1.8886360 1.7984215 1.8395276 1.7224064 1.7884875 1.7500176 2.2422671 2.1899203 1.7134245 2.5646599 2.4490467 2.4856394 1.5214749 1.5145941 2.1569480 1.7934380 1.8664122 1.5604908 1.0627995 1.4123082 1.5425043 0.9612460 1.2612616 0.0000000 1.2002909 1.2860981 9.0000000 3.5771049 1.9847675 9.0000000 
taxon_25   1.7179020 2.0310374 1.8942964 1.7786835 1.7738291 1.9411868 2.2156371 3.1128248 1.6055043 2.5373841 2.5110656 2.6375327 1.6132764 1.4366018 2.2888659 2.0108570 1.8942964 1.8238476 1.2185288 1.7045487 1.7934380 1.0571955 1.3575815 1.2002909 0.0000000 0.4629818 3.3480687 9.0000000 1.7269381 2.9809075 
taxon_26   4.7324386 9.0000000 9.0000000 3.8294576 9.0000000 9.0000000 1.3830076 1.6330664 2.3182815 1.5354288 1.4490503 1.4243567 2.0108570 2.1409903 1.4123082 1.1439060 1.1192463 1.0351890 1.2395909 0.9778030 1.0553367 1.0050787 1.5496472 1.2860981 0.4629818 0.0000000 1.8830180 2.0310374 3.6927179 1.8034382 
taxon_27   2.1100580 2.6075287 4.5166766 3.9968168 3.5771049 2.8282083 1.8719067 1.5826599 3.2381161 1.7934380 1.7786835 1.7001499 2.8482095 3.3886190 1.7453447 1.9720553 1.7453447 2.0175237 9.0000000 1.7453447 1.8609577 9.0000000 9.0000000 9.0000000 3.3480687 1.8830180 0.0000000 1.2419681 1.4713449 1.0424530 
taxon_28   2.7182557 2.8482095 3.3480687 2.9340173 9.0000000 9.0000000 2.0042491 1.7407007 3.7579762 1.7738291 1.8290379 1.7045487 4.7324386 3.8294576 1.7500176 1.9232572 1.8395276 2.0242502 9.0000000 1.7500176 1.7984215 3.8294576 9.0000000 3.5771049 9.0000000 2.0310374 1.2419681 0.0000000 2.0659277 1.5604908 
taxon_29   1.7089735 1.7835695 1.8999999 1.7224064 1.7884875 1.5864193 9.0000000 3.1128248 1.8186930 9.0000000 3.3095987 3.8294576 1.7089735 1.5641404 3.9968168 5.5562928 3.1422411 3.2381161 1.7594517 9.0000000 3.2047773 1.7884875 1.8342645 1.9847675 1.7269381 3.6927179 1.4713449 2.0659277 0.0000000 2.0378864 
taxon_30   0.9845295 1.9232572 3.6326859 3.3886190 3.9968168 2.8087259 1.7360843 1.6211298 2.6849168 1.7835695 1.7594517 1.9232572 3.3095987 9.0000000 1.8290379 1.8342645 1.8034382 1.9057470 4.5166766 1.7738291 1.8942964 9.0000000 2.9809075 9.0000000 2.9809075 1.8034382 1.0424530 1.5604908 2.0378864 0.0000000 
