30
taxon_1    0.0000000 0.3013765 2.8087267 9.0000000 3.0309261 4.7324387 1.5678079 3.6326859 9.0000000 1.5077759 9.0000000 4.2125783 9.0000000 1.5214749 1.7269388 1.5978119 1.5319159 3.2047773 1.4585241 1.4153022 1.5425043 9.0000000 9.0000000 1.7786835 1.5789192 1.5389582 9.0000000 9.0000000 9.0000000 1.3144041 
taxon_2    0.3013765 0.0000000 2.4732425 2.8087267 2.1569483 3.7579765 1.4681191 3.4769564 3.9084795 1.3465518 3.7579765 3.1128255 3.3095987 1.4876854 1.6370879 1.5180266 1.4649071 2.7531457 1.3916782 1.4033972 1.5319159 3.9084795 9.0000000 1.5678079 1.5214749 1.5354288 9.0000000 9.0000000 4.5166772 1.1544252 
taxon_3    2.8087267 2.4732425 0.0000000 1.5180266 1.3039872 1.5604908 9.0000000 1.5978119 1.5180266 2.7712189 1.4713449 1.4304543 1.6658586 5.0365375 4.0969653 9.0000000 3.1422411 1.4778384 2.3283491 3.2730061 3.1128255 1.4778384 1.6957771 9.0000000 9.0000000 9.0000000 1.6016483 1.6828084 1.6132764 2.0378870 
taxon_4    9.0000000 2.8087267 1.5180266 0.0000000 0.5953537 1.6055043 3.4314879 1.7001503 1.5284194 3.1728576 1.6370879 1.4459187 1.6250877 3.9084795 9.0000000 9.0000000 9.0000000 1.6250877 2.8687587 9.0000000 3.3480687 1.5496472 1.7738291 9.0000000 9.0000000 4.2125783 1.7738291 1.9411868 1.8395276 2.2513585 
taxon_5    3.0309261 2.1569483 1.3039872 0.5953537 0.0000000 1.5010191 2.7897383 1.6411311 1.5751972 2.5646599 1.5111773 1.4459187 1.5111773 2.8282083 3.8294591 5.0365375 3.0054999 1.5284194 2.4490469 2.7897383 3.4314879 1.4183083 1.6330665 9.0000000 9.0000000 9.0000000 1.7360853 1.6575252 1.7134249 1.7984215 
taxon_6    4.7324387 3.7579765 1.5604908 1.6055043 1.5010191 0.0000000 2.1253647 1.5641404 1.6132764 2.7014011 1.5789192 1.4521949 1.4713449 2.8482095 4.2125783 4.7324387 3.0054999 1.6411311 3.9084795 3.0572445 9.0000000 1.5214749 1.9976988 9.0000000 9.0000000 9.0000000 1.7738291 1.7407007 1.8664122 2.5508980 
taxon_7    1.5678079 1.4681191 9.0000000 3.4314879 2.7897383 2.1253647 0.0000000 3.6326859 3.3480687 1.3276319 3.2730061 2.5241095 9.0000000 1.3858867 1.5496472 1.4811064 1.4428002 3.6927179 1.3383848 1.3465518 1.4428002 2.6223807 5.5563979 1.6742856 1.7269388 1.4843887 9.0000000 9.0000000 9.0000000 1.2735777 
taxon_8    3.6326859 3.4769564 1.5978119 1.7001503 1.6411311 1.5641404 3.6326859 0.0000000 1.5180266 3.3095987 1.8034382 1.6016483 1.5751972 2.7354978 3.5253603 4.5166772 4.5166772 1.5864193 3.4769564 3.6927179 4.7324387 1.5460673 1.7884875 9.0000000 9.0000000 9.0000000 1.6871065 1.8084887 1.6700603 2.5646599 
taxon_9    9.0000000 3.9084795 1.5180266 1.5284194 1.5751972 1.6132764 3.3480687 1.5180266 0.0000000 1.9976988 1.5214749 1.3492941 1.5077759 2.5786790 2.5646599 2.7897383 3.0845203 1.4366018 2.5508980 2.5110657 2.3593880 1.3744361 1.8186930 9.0000000 9.0000000 9.0000000 1.8774418 1.7269388 1.7642136 2.1409903 
taxon_10   1.5077759 1.3465518 2.7712189 3.1728576 2.5646599 2.7014011 1.3276319 3.3095987 1.9976988 0.0000000 1.6411311 1.5284194 2.0108571 1.0703373 1.2301572 1.1672461 1.1092061 1.9411868 0.9744622 1.0590589 1.1212707 1.6411311 9.0000000 1.9291865 1.5864193 1.5496472 9.0000000 9.0000000 9.0000000 1.2588231 
taxon_11   9.0000000 3.7579765 1.4713449 1.6370879 1.5111773 1.5789192 3.2730061 1.8034382 1.5214749 1.6411311 0.0000000 1.0741347 1.4876854 2.3700265 2.9116275 3.6326859 2.3182818 1.5641404 2.1983953 2.3083479 3.8294591 1.3916782 1.6451961 9.0000000 5.0365375 9.0000000 1.6411311 1.8448280 1.6828084 4.3493195 
taxon_12   4.2125783 3.1128255 1.4304543 1.4459187 1.4459187 1.4521949 2.5241095 1.6016483 1.3492941 1.5284194 1.0741347 0.0000000 1.3744361 2.1176723 3.0572445 2.2888663 2.0242503 1.3303057 1.8034382 1.8290380 2.1983953 1.3303057 1.8186930 9.0000000 9.0000000 9.0000000 1.8830181 1.6492833 1.7001503 2.5110657 
taxon_13   9.0000000 3.3095987 1.6658586 1.6250877 1.5111773 1.4713449 9.0000000 1.5751972 1.5077759 2.0108571 1.4876854 1.3744361 0.0000000 0.4054171 1.6055043 1.5180266 1.2760652 1.3858867 2.1489268 2.0175238 2.4490469 1.3091776 1.6914292 9.0000000 9.0000000 9.0000000 1.7594517 1.9291865 1.8186930 2.8282083 
taxon_14   1.5214749 1.4876854 5.0365375 3.9084795 2.8282083 2.8482095 1.3858867 2.7354978 2.5786790 1.0703373 2.3700265 2.1176723 0.4054171 0.0000000 0.9434458 0.8850147 0.6952151 2.2244095 1.0953717 1.1152141 1.2070784 1.8034382 9.0000000 1.7407007 1.6957771 1.6575252 9.0000000 9.0000000 9.0000000 1.3276319 
taxon_15   1.7269388 1.6370879 4.0969653 9.0000000 3.8294591 4.2125783 1.5496472 3.5253603 2.5646599 1.2301572 2.9116275 3.0572445 1.6055043 0.9434458 0.0000000 0.3816056 0.9182863 9.0000000 1.2515532 1.3410973 1.3575815 2.2069668 9.0000000 1.7984215 1.9595550 1.6785349 9.0000000 9.0000000 9.0000000 1.4778384 
taxon_16   1.5978119 1.5180266 9.0000000 9.0000000 5.0365375 4.7324387 1.4811064 4.5166772 2.7897383 1.1672461 3.6326859 2.2888663 1.5180266 0.8850147 0.3816056 0.0000000 0.8939433 2.6223807 1.1846887 1.3303057 1.3170310 2.0731048 9.0000000 1.7690059 1.8609577 1.6533929 9.0000000 9.0000000 9.0000000 1.3631577 
taxon_17   1.5319159 1.4649071 3.1422411 9.0000000 3.0054999 3.0054999 1.4428002 4.5166772 3.0845203 1.1092061 2.3182818 2.0242503 1.2760652 0.6952151 0.9182863 0.8939433 0.0000000 2.4141569 1.0895199 1.0934160 1.2116377 1.7690059 9.0000000 1.7642136 1.7314981 1.6330665 9.0000000 9.0000000 9.0000000 1.3945909 
taxon_18   3.2047773 2.7531457 1.4778384 1.6250877 1.5284194 1.6411311 3.6927179 1.5864193 1.4366018 1.9411868 1.5641404 1.3303057 1.3858867 2.2244095 9.0000000 2.6223807 2.4141569 0.0000000 1.5714934 1.7642136 1.7453447 1.1273765 1.7690059 9.0000000 9.0000000 9.0000000 1.6492833 1.6871065 1.7500176 2.3917671 
taxon_19   1.4585241 1.3916782 2.3283491 2.8687587 2.4490469 3.9084795 1.3383848 3.4769564 2.5508980 0.9744622 2.1983953 1.8034382 2.1489268 1.0953717 1.2515532 1.1846887 1.0895199 1.5714934 0.0000000 0.6398803 0.7316929 0.9151998 9.0000000 1.8448280 1.6742856 1.5751972 9.0000000 9.0000000 9.0000000 1.2301572 
taxon_20   1.4153022 1.4033972 3.2730061 9.0000000 2.7897383 3.0572445 1.3465518 3.6927179 2.5110657 1.0590589 2.3083479 1.8290380 2.0175238 1.1152141 1.3410973 1.3303057 1.0934160 1.7642136 0.6398803 0.0000000 0.6388142 0.7854211 4.7324387 1.7314981 1.7179026 1.5678079 9.0000000 9.0000000 9.0000000 1.3548088 
taxon_21   1.5425043 1.5319159 3.1128255 3.3480687 3.4314879 9.0000000 1.4428002 4.7324387 2.3593880 1.1212707 3.8294591 2.1983953 2.4490469 1.2070784 1.3575815 1.3170310 1.2116377 1.7453447 0.7316929 0.6388142 0.0000000 0.3945698 9.0000000 1.8830181 1.6370879 1.6742856 9.0000000 9.0000000 9.0000000 1.4976634 
taxon_22   9.0000000 3.9084795 1.4778384 1.5496472 1.4183083 1.5214749 2.6223807 1.5460673 1.3744361 1.6411311 1.3916782 1.3303057 1.3091776 1.8034382 2.2069668 2.0731048 1.7690059 1.1273765 0.9151998 0.7854211 0.3945698 0.0000000 1.6914292 9.0000000 9.0000000 9.0000000 1.6957771 1.6914292 1.5751972 2.3283491 
taxon_23   9.0000000 9.0000000 1.6957771 1.7738291 1.6330665 1.9976988 5.5563979 1.7884875 1.8186930 9.0000000 1.6451961 1.8186930 1.6914292 9.0000000 9.0000000 9.0000000 9.0000000 1.7690059 9.0000000 4.7324387 9.0000000 1.6914292 0.0000000 9.0000000 9.0000000 3.9084795 1.6093803 1.6211299 1.5284194 2.8282083 
taxon_24   1.7786835 1.5678079 9.0000000 9.0000000 9.0000000 9.0000000 1.6742856 9.0000000 9.0000000 1.9291865 9.0000000 9.0000000 9.0000000 1.7407007 1.7984215 1.7690059 1.7642136 9.0000000 1.8448280 1.7314981 1.8830181 9.0000000 9.0000000 0.0000000 1.1012695 1.5111773 9.0000000 3.6326859 2.8898869 1.5180266 
taxon_25   1.5789192 1.5214749 9.0000000 9.0000000 9.0000000 9.0000000 1.7269388 9.0000000 9.0000000 1.5864193 5.0365375 9.0000000 9.0000000 1.6957771 1.9595550 1.8609577 1.7314981 9.0000000 1.6742856 1.7179026 1.6370879 9.0000000 9.0000000 1.1012695 0.0000000 1.2911664 2.8898869 3.2047773 2.3182818 1.2810652 
taxon_26   1.5389582 1.5354288 9.0000000 4.2125783 9.0000000 9.0000000 1.4843887 9.0000000 9.0000000 1.5496472 9.0000000 9.0000000 9.0000000 1.6575252 1.6785349 1.6533929 1.6330665 9.0000000 1.5751972 1.5678079 1.6742856 9.0000000 3.9084795 1.5111773 1.2911664 0.0000000 3.3095987 2.2156375 2.1732533 1.2325046 
taxon_27   9.0000000 9.0000000 1.6016483 1.7738291 1.7360853 1.7738291 9.0000000 1.6871065 1.8774418 9.0000000 1.6411311 1.8830181 1.7594517 9.0000000 9.0000000 9.0000000 9.0000000 1.6492833 9.0000000 9.0000000 9.0000000 1.6957771 1.6093803 9.0000000 2.8898869 3.3095987 0.0000000 1.3303057 1.3196672 2.7182557 
taxon_28   9.0000000 9.0000000 1.6828084 1.9411868 1.6575252 1.7407007 9.0000000 1.8084887 1.7269388 9.0000000 1.8448280 1.6492833 1.9291865 9.0000000 9.0000000 9.0000000 9.0000000 1.6871065 9.0000000 9.0000000 9.0000000 1.6914292 1.6211299 3.6326859 3.2047773 2.2156375 1.3303057 0.0000000 0.6240457 2.4732425 
taxon_29   9.0000000 4.5166772 1.6132764 1.8395276 1.7134249 1.8664122 9.0000000 1.6700603 1.7642136 9.0000000 1.6828084 1.7001503 1.8186930 9.0000000 9.0000000 9.0000000 9.0000000 1.7500176 9.0000000 9.0000000 9.0000000 1.5751972 1.5284194 2.8898869 2.3182818 2.1732533 1.3196672 0.6240457 0.0000000 2.1732533 
taxon_30   1.3144041 1.1544252 2.0378870 2.2513585 1.7984215 2.5508980 1.2735777 2.5646599 2.1409903 1.2588231 4.3493195 2.5110657 2.8282083 1.3276319 1.4778384 1.3631577 1.3945909 2.3917671 1.2301572 1.3548088 1.4976634 2.3283491 2.8282083 1.5180266 1.2810652 1.2325046 2.7182557 2.4732425 2.1732533 0.0000000 
