30
taxon_1    0.0000000 1.1274582 9.0000000 1.0571210 1.1274582 9.0000000 9.0000000 9.0000000 0.9808897 1.2090810 1.2050810 9.0000000 9.0000000 9.0000000 9.0000000 9.0000000 1.1512117 1.1328734 1.1853948 1.2418730 9.0000000 9.0000000 9.0000000 1.1310640 9.0000000 1.1256618 1.1719156 9.0000000 1.1475080 9.0000000 
taxon_2    1.1274582 0.0000000 0.8583351 0.7673504 1.1132060 9.0000000 9.0000000 9.0000000 1.0871918 1.1971444 1.1853948 9.0000000 9.0000000 9.0000000 9.0000000 9.0000000 1.1365054 1.2314707 1.2524217 1.2397810 9.0000000 9.0000000 9.0000000 1.2335396 9.0000000 1.1795883 1.1475080 9.0000000 1.1951733 9.0000000 
taxon_3    9.0000000 0.8583351 0.0000000 1.4963244 9.0000000 1.1096849 1.1834543 1.1568018 9.0000000 9.0000000 9.0000000 1.2376948 1.1662122 1.1853948 1.2273498 1.1512117 9.0000000 9.0000000 9.0000000 9.0000000 1.2503001 1.1605518 1.1365054 9.0000000 1.1700097 9.0000000 9.0000000 1.1834543 9.0000000 1.2151213 
taxon_4    1.0571210 0.7673504 1.4963244 0.0000000 1.1493576 9.0000000 9.0000000 9.0000000 0.9808897 1.2030889 1.1757422 9.0000000 9.0000000 9.0000000 9.0000000 9.0000000 1.1292589 1.1662122 1.2588229 1.2376948 9.0000000 9.0000000 9.0000000 1.2252978 9.0000000 1.1274582 1.1167437 9.0000000 1.2151213 9.0000000 
taxon_5    1.1274582 1.1132060 9.0000000 1.1493576 0.0000000 1.1475080 9.0000000 9.0000000 0.9868303 1.2397810 1.1951733 9.0000000 9.0000000 9.0000000 9.0000000 9.0000000 1.2011022 1.2588229 1.2212106 1.1795883 9.0000000 9.0000000 9.0000000 1.2110890 9.0000000 1.1834543 1.1256618 9.0000000 1.2011022 9.0000000 
taxon_6    9.0000000 9.0000000 1.1096849 9.0000000 1.1475080 0.0000000 1.1310640 0.9735295 2.1337620 9.0000000 9.0000000 1.1568018 1.1776628 1.1493576 1.2090810 1.1292589 9.0000000 9.0000000 9.0000000 9.0000000 1.1512117 1.0554852 1.0854892 9.0000000 1.1493576 9.0000000 9.0000000 1.1853948 9.0000000 1.1700097 
taxon_7    9.0000000 9.0000000 1.1834543 9.0000000 9.0000000 1.1310640 0.0000000 0.7651281 2.4447731 9.0000000 9.0000000 1.2090810 1.2397810 1.1873403 1.1586744 1.1757422 9.0000000 9.0000000 9.0000000 9.0000000 1.2191753 1.1681085 1.1419865 9.0000000 1.1419865 9.0000000 9.0000000 1.1605518 9.0000000 1.0871918 
taxon_8    9.0000000 9.0000000 1.1568018 9.0000000 9.0000000 0.9735295 0.7651281 0.0000000 1.0377234 9.0000000 9.0000000 1.1892909 1.1873403 1.1256618 1.1365054 1.2090810 9.0000000 9.0000000 9.0000000 9.0000000 1.1873403 1.1365054 1.0297868 9.0000000 1.1493576 9.0000000 9.0000000 1.1951733 9.0000000 1.1167437 
taxon_9    0.9808897 1.0871918 9.0000000 0.9808897 0.9868303 2.1337620 2.4447731 1.0377234 0.0000000 1.2232514 1.1681085 9.0000000 9.0000000 9.0000000 9.0000000 9.0000000 1.1512117 1.1991207 1.1549338 1.2545494 9.0000000 9.0000000 9.0000000 1.1568018 9.0000000 1.0203725 1.0441337 9.0000000 1.0787172 9.0000000 
taxon_10   1.2090810 1.1971444 9.0000000 1.2030889 1.2397810 9.0000000 9.0000000 9.0000000 1.2232514 0.0000000 0.9662408 9.0000000 2.9857616 9.0000000 9.0000000 9.0000000 1.1202982 1.0720057 1.0974895 1.1274582 3.9253341 2.1618027 2.2691283 1.1873403 9.0000000 1.0992196 1.1044340 9.0000000 1.1568018 9.0000000 
taxon_11   1.2050810 1.1853948 9.0000000 1.1757422 1.1951733 9.0000000 9.0000000 9.0000000 1.1681085 0.9662408 0.0000000 1.5417938 1.2050810 9.0000000 9.0000000 9.0000000 1.0653538 1.0266355 1.0329514 1.1549338 9.0000000 1.5672199 1.8273731 1.1892909 9.0000000 1.0345387 1.0974895 9.0000000 1.1549338 9.0000000 
taxon_12   9.0000000 9.0000000 1.2376948 9.0000000 9.0000000 1.1568018 1.2090810 1.1892909 9.0000000 9.0000000 1.5417938 0.0000000 0.6031149 1.1009537 1.2090810 1.1419865 9.0000000 9.0000000 9.0000000 9.0000000 1.0219333 0.8275679 0.8646430 9.0000000 1.1456630 9.0000000 9.0000000 1.2545494 9.0000000 1.1292589 
taxon_13   9.0000000 9.0000000 1.1662122 9.0000000 9.0000000 1.1776628 1.2397810 1.1873403 9.0000000 2.9857616 1.2050810 0.6031149 0.0000000 0.9973410 1.1419865 1.1009537 9.0000000 9.0000000 9.0000000 9.0000000 0.9706055 0.7209661 0.7830931 9.0000000 1.1009537 9.0000000 9.0000000 1.2273498 9.0000000 1.0653538 
taxon_14   9.0000000 9.0000000 1.1853948 9.0000000 9.0000000 1.1493576 1.1873403 1.1256618 9.0000000 9.0000000 9.0000000 1.1009537 0.9973410 0.0000000 1.1202982 1.1096849 9.0000000 9.0000000 9.0000000 9.0000000 0.9764649 0.8061718 0.8558267 9.0000000 1.1401550 9.0000000 9.0000000 1.2631209 9.0000000 1.1274582 
taxon_15   9.0000000 9.0000000 1.2273498 9.0000000 9.0000000 1.2090810 1.1586744 1.1365054 9.0000000 9.0000000 9.0000000 1.2090810 1.1419865 1.1202982 0.0000000 0.7486681 1.5417938 3.0298923 2.5100313 9.0000000 0.8156059 0.8545757 0.9143994 9.0000000 1.1530704 9.0000000 9.0000000 1.2460747 9.0000000 1.1096849 
taxon_16   9.0000000 9.0000000 1.1512117 9.0000000 9.0000000 1.1292589 1.1757422 1.2090810 9.0000000 9.0000000 9.0000000 1.1419865 1.1009537 1.1096849 0.7486681 0.0000000 0.8697277 3.1013749 2.7182557 9.0000000 0.8409502 0.8287746 0.9266836 9.0000000 1.1991207 9.0000000 9.0000000 1.2090810 9.0000000 1.1149728 
taxon_17   1.1512117 1.1365054 9.0000000 1.1292589 1.2011022 9.0000000 9.0000000 9.0000000 1.1512117 1.1202982 1.0653538 9.0000000 9.0000000 9.0000000 1.5417938 0.8697277 0.0000000 0.8970035 0.8570799 1.0266355 1.5769815 1.7052553 2.4344281 1.2872105 9.0000000 1.0587604 1.1738265 9.0000000 1.1662122 9.0000000 
taxon_18   1.1328734 1.2314707 9.0000000 1.1662122 1.2588229 9.0000000 9.0000000 9.0000000 1.1991207 1.0720057 1.0266355 9.0000000 9.0000000 9.0000000 3.0298923 3.1013749 0.8970035 0.0000000 0.2491610 0.9958304 1.2916748 1.3769399 1.8745585 1.1383280 9.0000000 0.9764649 1.1026918 9.0000000 1.1009537 9.0000000 
taxon_19   1.1853948 1.2524217 9.0000000 1.2588229 1.2212106 9.0000000 9.0000000 9.0000000 1.1549338 1.0974895 1.0329514 9.0000000 9.0000000 9.0000000 2.5100313 2.7182557 0.8570799 0.2491610 0.0000000 0.9504507 1.2070783 1.3378431 1.9043637 1.1549338 9.0000000 1.0003713 1.0906087 9.0000000 1.1438225 9.0000000 
taxon_20   1.2418730 1.2397810 9.0000000 1.2376948 1.1795883 9.0000000 9.0000000 9.0000000 1.2545494 1.1274582 1.1549338 9.0000000 9.0000000 9.0000000 9.0000000 9.0000000 1.0266355 0.9958304 0.9504507 0.0000000 1.5355697 2.3564360 2.8856133 1.1568018 9.0000000 1.1274582 1.1401550 9.0000000 1.1132060 9.0000000 
taxon_21   9.0000000 9.0000000 1.2503001 9.0000000 9.0000000 1.1512117 1.2191753 1.1873403 9.0000000 3.9253341 9.0000000 1.0219333 0.9706055 0.9764649 0.8156059 0.8409502 1.5769815 1.2916748 1.2070783 1.5355697 0.0000000 0.4492874 0.6388142 9.0000000 1.0425260 3.0529710 9.0000000 1.2090810 9.0000000 1.0538530 
taxon_22   9.0000000 9.0000000 1.1605518 9.0000000 9.0000000 1.0554852 1.1681085 1.1365054 9.0000000 2.1618027 1.5672199 0.8275679 0.7209661 0.8061718 0.8545757 0.8287746 1.7052553 1.3769399 1.3378431 2.3564360 0.4492874 0.0000000 0.2851405 9.0000000 0.8996536 1.6898702 2.3291603 1.1549338 2.9646336 0.8930457 
taxon_23   9.0000000 9.0000000 1.1365054 9.0000000 9.0000000 1.0854892 1.1419865 1.0297868 9.0000000 2.2691283 1.8273731 0.8646430 0.7830931 0.8558267 0.9143994 0.9266836 2.4344281 1.8745585 1.9043637 2.8856133 0.6388142 0.2851405 0.0000000 9.0000000 0.8508350 1.4875524 1.9677818 1.1549338 2.4876417 0.8520799 
taxon_24   1.1310640 1.2335396 9.0000000 1.2252978 1.2110890 9.0000000 9.0000000 9.0000000 1.1568018 1.1873403 1.1892909 9.0000000 9.0000000 9.0000000 9.0000000 9.0000000 1.2872105 1.1383280 1.1549338 1.1568018 9.0000000 9.0000000 9.0000000 0.0000000 2.0870803 0.9391723 1.0770337 9.0000000 1.1681085 9.0000000 
taxon_25   9.0000000 9.0000000 1.1700097 9.0000000 9.0000000 1.1493576 1.1419865 1.1493576 9.0000000 9.0000000 9.0000000 1.1456630 1.1009537 1.1401550 1.1530704 1.1991207 9.0000000 9.0000000 9.0000000 9.0000000 1.0425260 0.8996536 0.8508350 2.0870803 0.0000000 0.8904187 3.0298923 1.2050810 9.0000000 1.0018910 
taxon_26   1.1256618 1.1795883 9.0000000 1.1274582 1.1834543 9.0000000 9.0000000 9.0000000 1.0203725 1.0992196 1.0345387 9.0000000 9.0000000 9.0000000 9.0000000 9.0000000 1.0587604 0.9764649 1.0003713 1.1274582 3.0529710 1.6898702 1.4875524 0.9391723 0.8904187 0.0000000 0.8239592 9.0000000 0.9377744 1.9901715 
taxon_27   1.1719156 1.1475080 9.0000000 1.1167437 1.1256618 9.0000000 9.0000000 9.0000000 1.0441337 1.1044340 1.0974895 9.0000000 9.0000000 9.0000000 9.0000000 9.0000000 1.1738265 1.1026918 1.0906087 1.1401550 9.0000000 2.3291603 1.9677818 1.0770337 3.0298923 0.8239592 0.0000000 9.0000000 0.9764649 2.3564360 
taxon_28   9.0000000 9.0000000 1.1834543 9.0000000 9.0000000 1.1853948 1.1605518 1.1951733 9.0000000 9.0000000 9.0000000 1.2545494 1.2273498 1.2631209 1.2460747 1.2090810 9.0000000 9.0000000 9.0000000 9.0000000 1.2090810 1.1549338 1.1549338 9.0000000 1.2050810 9.0000000 9.0000000 0.0000000 1.7916521 0.8825925 
taxon_29   1.1475080 1.1951733 9.0000000 1.2151213 1.2011022 9.0000000 9.0000000 9.0000000 1.0787172 1.1568018 1.1549338 9.0000000 9.0000000 9.0000000 9.0000000 9.0000000 1.1662122 1.1009537 1.1438225 1.1132060 9.0000000 2.9646336 2.4876417 1.1681085 9.0000000 0.9377744 0.9764649 1.7916521 0.0000000 0.7922395 
taxon_30   9.0000000 9.0000000 1.2151213 9.0000000 9.0000000 1.1700097 1.0871918 1.1167437 9.0000000 9.0000000 9.0000000 1.1292589 1.0653538 1.1274582 1.1096849 1.1149728 9.0000000 9.0000000 9.0000000 9.0000000 1.0538530 0.8930457 0.8520799 9.0000000 1.0018910 1.9901715 2.3564360 0.8825925 0.7922395 0.0000000 
