30
taxon_1    0.0000000 0.9988546 0.9673296 1.3057998 2.0385754 1.6286676 9.0000000 9.0000000 9.0000000 9.0000000 3.6212353 9.0000000 3.2015235 3.6864938 9.0000000 5.4849153 9.0000000 9.0000000 9.0000000 9.0000000 3.0707584 3.2381161 9.0000000 9.0000000 3.1332946 4.1410957 3.5056223 9.0000000 9.0000000 9.0000000 
taxon_2    0.9988546 0.0000000 0.9857129 1.3966365 2.0616541 1.6286676 3.6212353 5.4849153 9.0000000 2.9857619 4.9650549 9.0000000 2.8625346 9.0000000 9.0000000 3.7579765 3.9253341 9.0000000 3.6864938 2.8625346 3.2015235 4.9650549 9.0000000 3.5056223 2.5815145 3.3600053 2.9857619 4.0254827 9.0000000 4.2778369 
taxon_3    0.9673296 0.9857129 0.0000000 1.2833262 2.3657530 1.5778007 9.0000000 9.0000000 9.0000000 9.0000000 3.2381161 9.0000000 3.5056223 9.0000000 9.0000000 4.4451945 3.1013749 3.6864938 9.0000000 9.0000000 2.9094249 9.0000000 2.8184042 9.0000000 9.0000000 9.0000000 4.4451945 9.0000000 9.0000000 9.0000000 
taxon_4    1.3057998 1.3966365 1.2833262 0.0000000 1.4604333 0.8120542 3.5056223 9.0000000 2.9594434 3.2015235 3.6864938 9.0000000 3.1666335 3.0130376 9.0000000 9.0000000 4.4451945 9.0000000 2.7182557 4.0254827 9.0000000 2.9857619 5.4849153 3.6864938 3.6864938 9.0000000 3.0707584 9.0000000 9.0000000 9.0000000 
taxon_5    2.0385754 2.0616541 2.3657530 1.4604333 0.0000000 1.2299228 9.0000000 4.4451945 9.0000000 2.9094249 3.2381161 3.3600053 9.0000000 9.0000000 4.0254827 9.0000000 9.0000000 9.0000000 3.5612033 3.8369969 9.0000000 9.0000000 9.0000000 3.3600053 5.4849153 9.0000000 3.2765861 9.0000000 4.6609561 9.0000000 
taxon_6    1.6286676 1.6286676 1.5778007 0.8120542 1.2299228 0.0000000 9.0000000 5.4849153 9.0000000 2.9340173 3.1666335 9.0000000 9.0000000 9.0000000 4.0254827 9.0000000 4.4451945 3.4054737 2.6640152 2.6997362 9.0000000 2.9340173 3.2015235 2.9340173 3.4054737 4.4451945 3.2765861 9.0000000 3.7579765 3.1666335 
taxon_7    9.0000000 3.6212353 9.0000000 3.5056223 9.0000000 9.0000000 0.0000000 2.2368653 2.6640152 1.8004241 2.5071964 2.2568665 2.3093354 9.0000000 3.6212353 4.1410957 4.1410957 9.0000000 9.0000000 4.9650549 9.0000000 9.0000000 3.7579765 4.9650549 9.0000000 4.2778369 9.0000000 9.0000000 9.0000000 3.8369969 
taxon_8    9.0000000 5.4849153 9.0000000 9.0000000 4.4451945 5.4849153 2.2368653 0.0000000 1.8818995 1.3998623 2.3895645 1.8942965 1.9327665 2.8401449 3.5612033 9.0000000 3.0413429 2.3313958 9.0000000 9.0000000 4.4451945 2.6467731 3.6864938 4.2778369 9.0000000 3.7579765 9.0000000 3.2015235 9.0000000 3.0707584 
taxon_9    9.0000000 9.0000000 9.0000000 2.9594434 9.0000000 9.0000000 2.6640152 1.8818995 0.0000000 1.0538531 2.4659015 2.0616541 2.4794154 9.0000000 9.0000000 3.3171365 3.6212353 4.6609561 9.0000000 9.0000000 9.0000000 9.0000000 4.4451945 3.5056223 2.7567257 3.6212353 9.0000000 3.7579765 9.0000000 9.0000000 
taxon_10   9.0000000 2.9857619 9.0000000 3.2015235 2.9094249 2.9340173 1.8004241 1.3998623 1.0538531 0.0000000 2.1890784 1.7680450 1.7733454 2.4395830 2.6640152 2.8625346 3.6864938 3.4054737 4.0254827 9.0000000 3.9253341 9.0000000 9.0000000 2.8401449 5.4849153 9.0000000 3.5056223 3.1013749 3.1666335 2.7182557 
taxon_11   3.6212353 4.9650549 3.2381161 3.6864938 3.2381161 3.1666335 2.5071964 2.3895645 2.4659015 2.1890784 0.0000000 2.7567257 3.6864938 2.9340173 9.0000000 3.8369969 9.0000000 9.0000000 9.0000000 9.0000000 9.0000000 9.0000000 9.0000000 4.4451945 9.0000000 9.0000000 3.9253341 3.8369969 9.0000000 2.7182557 
taxon_12   9.0000000 9.0000000 9.0000000 9.0000000 3.3600053 9.0000000 2.2568665 1.8942965 2.0616541 1.7680450 2.7567257 0.0000000 1.7370061 2.6997362 2.8401449 9.0000000 3.3171365 5.4849153 2.6299184 3.4054737 2.9340173 9.0000000 5.4849153 3.6212353 9.0000000 5.4849153 9.0000000 3.5056223 4.1410957 5.4849153 
taxon_13   3.2015235 2.8625346 3.5056223 3.1666335 9.0000000 9.0000000 2.3093354 1.9327665 2.4794154 1.7733454 3.6864938 1.7370061 0.0000000 2.6299184 4.6609561 9.0000000 9.0000000 4.0254827 9.0000000 9.0000000 3.3171365 4.6609561 9.0000000 9.0000000 9.0000000 2.7767269 4.0254827 2.8856134 9.0000000 9.0000000 
taxon_14   3.6864938 9.0000000 9.0000000 3.0130376 9.0000000 9.0000000 9.0000000 2.8401449 9.0000000 2.4395830 2.9340173 2.6997362 2.6299184 0.0000000 0.8530148 3.3171365 2.8625346 2.2879054 9.0000000 3.5612033 3.2381161 9.0000000 3.7579765 2.6467731 9.0000000 3.4538776 3.2381161 2.3541248 3.1666335 2.7372441 
taxon_15   9.0000000 9.0000000 9.0000000 9.0000000 4.0254827 4.0254827 3.6212353 3.5612033 9.0000000 2.6640152 9.0000000 2.8401449 4.6609561 0.8530148 0.0000000 2.3202845 9.0000000 2.1707848 3.9253341 2.6816631 3.2015235 3.1332946 2.5214825 2.5360461 2.7972761 2.8856134 2.7972761 2.5214825 9.0000000 9.0000000 
taxon_16   5.4849153 3.7579765 4.4451945 9.0000000 9.0000000 9.0000000 4.1410957 9.0000000 3.3171365 2.8625346 3.8369969 9.0000000 9.0000000 3.3171365 2.3202845 0.0000000 1.6199466 0.9164329 2.3313958 2.2078294 2.3775642 2.1269127 2.3895645 1.6554562 2.4395830 2.2368653 1.9944450 2.5508980 2.4017599 2.0385754 
taxon_17   9.0000000 3.9253341 3.1013749 4.4451945 9.0000000 4.4451945 4.1410957 3.0413429 3.6212353 3.6864938 9.0000000 3.3171365 9.0000000 2.8625346 9.0000000 1.6199466 0.0000000 1.2222305 2.7372441 2.6134342 2.7182557 2.7182557 3.3171365 2.0016221 2.5815145 3.0130376 2.6134342 4.0254827 2.6640152 2.5360461 
taxon_18   9.0000000 9.0000000 3.6864938 9.0000000 9.0000000 3.4054737 9.0000000 2.3313958 4.6609561 3.4054737 9.0000000 5.4849153 4.0254827 2.2879054 2.1707848 0.9164329 1.2222305 0.0000000 2.1798759 2.1269127 1.9327665 1.7627818 1.7319556 1.3775676 2.4141569 1.8059592 1.8517750 2.0310377 1.8818995 1.9527676 
taxon_19   9.0000000 3.6864938 9.0000000 2.7182557 3.5612033 2.6640152 9.0000000 9.0000000 9.0000000 4.0254827 9.0000000 2.6299184 9.0000000 9.0000000 3.9253341 2.3313958 2.7372441 2.1798759 0.0000000 0.4286398 1.9197226 1.8115354 3.2381161 2.4659015 2.5815145 2.9857619 2.9094249 2.6467731 2.3657530 2.5973046 
taxon_20   9.0000000 2.8625346 9.0000000 4.0254827 3.8369969 2.6997362 4.9650549 9.0000000 9.0000000 9.0000000 9.0000000 3.4054737 9.0000000 3.5612033 2.6816631 2.2078294 2.6134342 2.1269127 0.4286398 0.0000000 1.9944450 1.9005727 2.4931773 2.4141569 2.6640152 3.9253341 2.8625346 2.6640152 2.6816631 2.9857619 
taxon_21   3.0707584 3.2015235 2.9094249 9.0000000 9.0000000 9.0000000 9.0000000 4.4451945 9.0000000 3.9253341 9.0000000 2.9340173 3.3171365 3.2381161 3.2015235 2.3775642 2.7182557 1.9327665 1.9197226 1.9944450 0.0000000 1.1378720 3.1666335 1.9873360 3.1332946 2.3775642 2.5214825 2.5360461 2.7182557 2.9857619 
taxon_22   3.2381161 4.9650549 9.0000000 2.9857619 9.0000000 2.9340173 9.0000000 2.6467731 9.0000000 9.0000000 9.0000000 9.0000000 4.6609561 9.0000000 3.1332946 2.1269127 2.7182557 1.7627818 1.8115354 1.9005727 1.1378720 0.0000000 2.5660501 2.1269127 3.6212353 2.7767269 2.6467731 2.9594434 3.5612033 2.5071964 
taxon_23   9.0000000 9.0000000 2.8184042 5.4849153 9.0000000 3.2015235 3.7579765 3.6864938 4.4451945 9.0000000 9.0000000 5.4849153 9.0000000 3.7579765 2.5214825 2.3895645 3.3171365 1.7319556 3.2381161 2.4931773 3.1666335 2.5660501 0.0000000 1.4431115 2.1529268 2.2879054 2.1354842 2.0854657 2.0774442 1.9005727 
taxon_24   9.0000000 3.5056223 9.0000000 3.6864938 3.3600053 2.9340173 4.9650549 4.2778369 3.5056223 2.8401449 4.4451945 3.6212353 9.0000000 2.6467731 2.5360461 1.6554562 2.0016221 1.3775676 2.4659015 2.4141569 1.9873360 2.1269127 1.4431115 0.0000000 1.2481846 0.9913169 0.8848668 1.2020950 1.1243174 0.9583042 
taxon_25   3.1332946 2.5815145 9.0000000 3.6864938 5.4849153 3.4054737 9.0000000 9.0000000 2.7567257 5.4849153 9.0000000 9.0000000 9.0000000 9.0000000 2.7972761 2.4395830 2.5815145 2.4141569 2.5815145 2.6640152 3.1332946 3.6212353 2.1529268 1.2481846 0.0000000 1.3998623 1.2455484 1.7319556 2.0016221 1.7786835 
taxon_26   4.1410957 3.3600053 9.0000000 9.0000000 9.0000000 4.4451945 4.2778369 3.7579765 3.6212353 9.0000000 9.0000000 5.4849153 2.7767269 3.4538776 2.8856134 2.2368653 3.0130376 1.8059592 2.9857619 3.9253341 2.3775642 2.7767269 2.2879054 0.9913169 1.3998623 0.0000000 0.7873666 1.7370061 1.5943759 1.5301656 
taxon_27   3.5056223 2.9857619 4.4451945 3.0707584 3.2765861 3.2765861 9.0000000 9.0000000 9.0000000 3.5056223 3.9253341 9.0000000 4.0254827 3.2381161 2.7972761 1.9944450 2.6134342 1.8517750 2.9094249 2.8625346 2.5214825 2.6467731 2.1354842 0.8848668 1.2455484 0.7873666 0.0000000 1.3934245 1.4261808 1.3086569 
taxon_28   9.0000000 4.0254827 9.0000000 9.0000000 9.0000000 9.0000000 9.0000000 3.2015235 3.7579765 3.1013749 3.8369969 3.5056223 2.8856134 2.3541248 2.5214825 2.5508980 4.0254827 2.0310377 2.6467731 2.6640152 2.5360461 2.9594434 2.0854657 1.2020950 1.7319556 1.7370061 1.3934245 0.0000000 1.4534565 1.3001179 
taxon_29   9.0000000 9.0000000 9.0000000 9.0000000 4.6609561 3.7579765 9.0000000 9.0000000 9.0000000 3.1666335 9.0000000 4.1410957 9.0000000 3.1666335 9.0000000 2.4017599 2.6640152 1.8818995 2.3657530 2.6816631 2.7182557 3.5612033 2.0774442 1.1243174 2.0016221 1.5943759 1.4261808 1.4534565 0.0000000 0.3441494 
taxon_30   9.0000000 4.2778369 9.0000000 9.0000000 9.0000000 3.1666335 3.8369969 3.0707584 9.0000000 2.7182557 2.7182557 5.4849153 9.0000000 2.7372441 9.0000000 2.0385754 2.5360461 1.9527676 2.5973046 2.9857619 2.9857619 2.5071964 1.9005727 0.9583042 1.7786835 1.5301656 1.3086569 1.3001179 0.3441494 0.0000000 
