30
taxon_1    0.0000000 4.5166771 9.0000000 9.0000000 9.0000000 1.6093803 1.7089739 9.0000000 9.0000000 9.0000000 1.6451961 9.0000000 1.6492833 3.5253603 1.6290665 1.6211299 9.0000000 1.8501661 5.0365375 9.0000000 1.5532444 1.8186930 9.0000000 1.7500176 1.5641404 9.0000000 1.6742856 9.0000000 1.7314981 1.0703373 
taxon_2    4.5166771 0.0000000 1.6290665 1.6492833 1.3887769 9.0000000 9.0000000 1.6492833 1.8395276 1.6492833 9.0000000 1.6211299 3.4314879 1.8395276 9.0000000 9.0000000 1.8238476 9.0000000 1.8830181 1.7884875 9.0000000 9.0000000 1.6370879 9.0000000 9.0000000 1.7269388 9.0000000 1.7884875 9.0000000 9.0000000 
taxon_3    9.0000000 1.6290665 0.0000000 0.8185235 0.8559975 9.0000000 9.0000000 1.5939951 1.6370879 1.6785349 9.0000000 1.7179026 9.0000000 1.8830181 9.0000000 9.0000000 1.7453447 9.0000000 1.8034382 1.9351626 9.0000000 9.0000000 1.7045491 9.0000000 9.0000000 1.8719068 9.0000000 1.6742856 9.0000000 9.0000000 
taxon_4    9.0000000 1.6492833 0.8185235 0.0000000 0.6147026 2.7897380 9.0000000 1.7179026 1.8501661 1.8186930 9.0000000 1.7179026 9.0000000 1.6700603 9.0000000 9.0000000 1.7045491 9.0000000 1.8942965 1.8448280 9.0000000 9.0000000 1.7984215 9.0000000 9.0000000 1.7134249 9.0000000 1.7360853 9.0000000 3.5771049 
taxon_5    9.0000000 1.3887769 0.8559975 0.6147026 0.0000000 2.3808180 4.0969647 1.5496472 1.7453447 1.7690059 9.0000000 1.6914292 9.0000000 1.6171929 9.0000000 3.6326859 1.6871065 9.0000000 1.7738291 1.6742856 4.7324241 9.0000000 1.6370879 9.0000000 9.0000000 1.6957771 9.0000000 1.7594516 9.0000000 2.5646598 
taxon_6    1.6093803 9.0000000 9.0000000 2.7897380 2.3808180 0.0000000 1.5354288 9.0000000 9.0000000 9.0000000 1.7407007 9.0000000 1.7134249 9.0000000 1.7001503 1.7224071 9.0000000 1.7179026 9.0000000 9.0000000 1.5978119 1.7984215 9.0000000 1.9351626 1.8135735 9.0000000 1.8034382 9.0000000 1.7179026 1.4490503 
taxon_7    1.7089739 9.0000000 9.0000000 9.0000000 4.0969647 1.5354288 0.0000000 1.8830181 9.0000000 9.0000000 1.7884875 9.0000000 1.7179026 9.0000000 1.7594516 1.7738291 9.0000000 1.7690059 9.0000000 9.0000000 1.6411311 1.9472597 9.0000000 1.7089739 1.7045491 9.0000000 1.6290665 9.0000000 1.8774418 1.6171929 
taxon_8    9.0000000 1.6492833 1.5939951 1.7179026 1.5496472 9.0000000 1.8830181 0.0000000 1.7642136 1.8609577 9.0000000 1.7360853 9.0000000 1.8084887 9.0000000 9.0000000 1.8186930 9.0000000 1.7738291 1.7089739 9.0000000 9.0000000 1.8886361 9.0000000 9.0000000 1.8084887 9.0000000 1.8084887 9.0000000 9.0000000 
taxon_9    9.0000000 1.8395276 1.6370879 1.8501661 1.7453447 9.0000000 9.0000000 1.7642136 0.0000000 1.5678079 3.8294591 1.4585241 2.5929650 1.4811064 9.0000000 9.0000000 1.6132764 9.0000000 1.7224071 1.4713449 2.7354976 9.0000000 1.6700603 9.0000000 9.0000000 1.6055043 9.0000000 1.7934380 9.0000000 9.0000000 
taxon_10   9.0000000 1.6492833 1.6785349 1.8186930 1.7690059 9.0000000 9.0000000 1.8609577 1.5678079 0.0000000 1.7179026 1.1958000 1.4213264 1.6700603 9.0000000 9.0000000 2.1489268 9.0000000 1.8395276 1.8942965 9.0000000 9.0000000 1.6957771 9.0000000 9.0000000 1.6132764 9.0000000 1.7594516 9.0000000 9.0000000 
taxon_11   1.6451961 9.0000000 9.0000000 9.0000000 9.0000000 1.7407007 1.7884875 9.0000000 3.8294591 1.7179026 0.0000000 1.4909967 0.6883547 9.0000000 1.7314981 1.7134249 9.0000000 2.0242503 9.0000000 3.2381161 1.5111773 1.7134249 9.0000000 1.7547198 1.7314981 9.0000000 1.8342645 9.0000000 1.7500176 1.6616803 
taxon_12   9.0000000 1.6211299 1.7179026 1.7179026 1.6914292 9.0000000 9.0000000 1.7360853 1.4585241 1.1958000 1.4909967 0.0000000 0.7280835 1.6171929 9.0000000 9.0000000 1.9411867 9.0000000 1.8186930 1.7500176 9.0000000 9.0000000 1.7045491 9.0000000 9.0000000 1.6785349 9.0000000 1.8186930 9.0000000 9.0000000 
taxon_13   1.6492833 3.4314879 9.0000000 9.0000000 9.0000000 1.7134249 1.7179026 9.0000000 2.5929650 1.4213264 0.6883547 0.7280835 0.0000000 3.1728576 1.9115386 1.8342645 9.0000000 1.7984215 9.0000000 4.5166771 1.5460673 1.9173752 9.0000000 1.9115386 1.7453447 9.0000000 1.7884875 9.0000000 1.6290665 1.5678079 
taxon_14   3.5253603 1.8395276 1.8830181 1.6700603 1.6171929 9.0000000 9.0000000 1.8084887 1.4811064 1.6700603 9.0000000 1.6171929 3.1728576 0.0000000 2.5110656 2.1899206 1.0779515 9.0000000 1.1629481 0.9612460 1.1715688 9.0000000 1.5604908 9.0000000 5.5563970 1.5826599 9.0000000 1.5077759 9.0000000 2.8687583 
taxon_15   1.6290665 9.0000000 9.0000000 9.0000000 9.0000000 1.7001503 1.7594516 9.0000000 9.0000000 9.0000000 1.7314981 9.0000000 1.9115386 2.5110656 0.0000000 0.1313063 3.3886191 2.0042491 3.3480687 2.3488983 1.3520464 1.7594516 9.0000000 1.7269388 1.7547198 9.0000000 1.9115386 9.0000000 1.6828084 1.6370879 
taxon_16   1.6211299 9.0000000 9.0000000 9.0000000 3.6326859 1.7224071 1.7738291 9.0000000 9.0000000 9.0000000 1.7134249 9.0000000 1.8342645 2.1899206 0.1313063 0.0000000 2.8898864 2.0310376 2.5508980 2.0803512 1.2710983 1.8034382 9.0000000 1.6250877 1.7045491 9.0000000 1.9411867 9.0000000 1.6742856 1.6533929 
taxon_17   9.0000000 1.8238476 1.7453447 1.7045491 1.6871065 9.0000000 9.0000000 1.8186930 1.6132764 2.1489268 9.0000000 1.9411867 9.0000000 1.0779515 3.3886191 2.8898864 0.0000000 4.3493195 1.4490503 1.4428002 2.2156374 9.0000000 1.7001503 9.0000000 9.0000000 1.6290665 9.0000000 1.7134249 9.0000000 9.0000000 
taxon_18   1.8501661 9.0000000 9.0000000 9.0000000 9.0000000 1.7179026 1.7690059 9.0000000 9.0000000 9.0000000 2.0242503 9.0000000 1.7984215 9.0000000 2.0042491 2.0310376 4.3493195 0.0000000 4.7324241 2.8282080 1.3091776 1.7594516 9.0000000 1.7835695 1.7642136 9.0000000 1.6871065 9.0000000 1.8290379 1.6171929 
taxon_19   5.0365375 1.8830181 1.8034382 1.8942965 1.7738291 9.0000000 9.0000000 1.7738291 1.7224071 1.8395276 9.0000000 1.8186930 9.0000000 1.1629481 3.3480687 2.5508980 1.4490503 4.7324241 0.0000000 0.7500006 0.8503264 9.0000000 1.6700603 9.0000000 9.0000000 1.6451961 9.0000000 1.7269388 9.0000000 2.7182555 
taxon_20   9.0000000 1.7884875 1.9351626 1.8448280 1.6742856 9.0000000 9.0000000 1.7089739 1.4713449 1.8942965 3.2381161 1.7500176 4.5166771 0.9612460 2.3488983 2.0803512 1.4428002 2.8282080 0.7500006 0.0000000 0.3968809 3.1422411 1.5145941 9.0000000 9.0000000 1.5789192 9.0000000 1.6700603 3.0054989 2.5110656 
taxon_21   1.5532444 9.0000000 9.0000000 9.0000000 4.7324241 1.5978119 1.6411311 9.0000000 2.7354976 9.0000000 1.5111773 9.0000000 1.5460673 1.1715688 1.3520464 1.2710983 2.2156374 1.3091776 0.8503264 0.3968809 0.0000000 1.6055043 3.6326859 1.5978119 1.5939951 3.2381161 1.5214749 9.0000000 1.5425043 1.3410973 
taxon_22   1.8186930 9.0000000 9.0000000 9.0000000 9.0000000 1.7984215 1.9472597 9.0000000 9.0000000 9.0000000 1.7134249 9.0000000 1.9173752 9.0000000 1.7594516 1.8034382 9.0000000 1.7594516 9.0000000 3.1422411 1.6055043 0.0000000 4.7324241 1.7001503 1.5284194 9.0000000 1.6914292 9.0000000 1.7453447 1.6658586 
taxon_23   9.0000000 1.6370879 1.7045491 1.7984215 1.6370879 9.0000000 9.0000000 1.8886361 1.6700603 1.6957771 9.0000000 1.7045491 9.0000000 1.5604908 9.0000000 9.0000000 1.7001503 9.0000000 1.6700603 1.5145941 3.6326859 4.7324241 0.0000000 1.9173752 1.7690059 1.6330665 9.0000000 1.7134249 9.0000000 9.0000000 
taxon_24   1.7500176 9.0000000 9.0000000 9.0000000 9.0000000 1.9351626 1.7089739 9.0000000 9.0000000 9.0000000 1.7547198 9.0000000 1.9115386 9.0000000 1.7269388 1.6250877 9.0000000 1.7835695 9.0000000 9.0000000 1.5978119 1.7001503 1.9173752 0.0000000 0.6929209 9.0000000 1.8084887 9.0000000 1.7884875 1.7690059 
taxon_25   1.5641404 9.0000000 9.0000000 9.0000000 9.0000000 1.8135735 1.7045491 9.0000000 9.0000000 9.0000000 1.7314981 9.0000000 1.7453447 5.5563970 1.7547198 1.7045491 9.0000000 1.7642136 9.0000000 9.0000000 1.5939951 1.5284194 1.7690059 0.6929209 0.0000000 9.0000000 2.0042491 9.0000000 1.8395276 1.6290665 
taxon_26   9.0000000 1.7269388 1.8719068 1.7134249 1.6957771 9.0000000 9.0000000 1.8084887 1.6055043 1.6132764 9.0000000 1.6785349 9.0000000 1.5826599 9.0000000 9.0000000 1.6290665 9.0000000 1.6451961 1.5789192 3.2381161 9.0000000 1.6330665 9.0000000 9.0000000 0.0000000 5.0365375 1.6370879 2.6075286 9.0000000 
taxon_27   1.6742856 9.0000000 9.0000000 9.0000000 9.0000000 1.8034382 1.6290665 9.0000000 9.0000000 9.0000000 1.8342645 9.0000000 1.7884875 9.0000000 1.9115386 1.9411867 9.0000000 1.6871065 9.0000000 9.0000000 1.5214749 1.6914292 9.0000000 1.8084887 2.0042491 5.0365375 0.0000000 2.5786789 1.1112034 1.6616803 
taxon_28   9.0000000 1.7884875 1.6742856 1.7360853 1.7594516 9.0000000 9.0000000 1.8084887 1.7934380 1.7594516 9.0000000 1.8186930 9.0000000 1.5077759 9.0000000 9.0000000 1.7134249 9.0000000 1.7269388 1.6700603 9.0000000 9.0000000 1.7134249 9.0000000 9.0000000 1.6370879 2.5786789 0.0000000 1.4553528 9.0000000 
taxon_29   1.7314981 9.0000000 9.0000000 9.0000000 9.0000000 1.7179026 1.8774418 9.0000000 9.0000000 9.0000000 1.7500176 9.0000000 1.6290665 9.0000000 1.6828084 1.6742856 9.0000000 1.8290379 9.0000000 3.0054989 1.5425043 1.7453447 9.0000000 1.7884875 1.8395276 2.6075286 1.1112034 1.4553528 0.0000000 1.7642136 
taxon_30   1.0703373 9.0000000 9.0000000 3.5771049 2.5646598 1.4490503 1.6171929 9.0000000 9.0000000 9.0000000 1.6616803 9.0000000 1.5678079 2.8687583 1.6370879 1.6533929 9.0000000 1.6171929 2.7182555 2.5110656 1.3410973 1.6658586 9.0000000 1.7690059 1.6290665 9.0000000 1.6616803 9.0000000 1.7642136 0.0000000 
