RF=0.085106
WRF=0.086050
