RF=0.063830
WRF=0.090587
