30
taxon_1    0.0000000 2.1938360 2.2504667 9.0000000 3.1044298 2.4020598 2.8925047 9.0000000 3.9922566 9.0000000 2.9651420 4.8162155 2.2703354 9.0000000 2.5328249 3.8983851 9.0000000 2.5769552 2.4645960 5.1992826 3.8149659 3.4478047 2.5472484 3.3151067 9.0000000 9.0000000 9.0000000 2.5328249 2.4645960 2.8697757 
taxon_2    2.1938360 0.0000000 1.0202204 4.3753754 2.7654411 2.5472484 2.9159441 9.0000000 3.0744258 3.0744258 2.1758701 9.0000000 2.5619547 3.7399028 2.3224397 2.8697757 3.0177952 3.2756239 2.1411820 2.9159441 9.0000000 3.6091383 3.0177952 9.0000000 9.0000000 9.0000000 9.0000000 2.8262852 3.1044298 2.6401505 
taxon_3    2.2504667 1.0202204 0.0000000 3.4478047 2.6738640 2.5619547 2.9401397 9.0000000 9.0000000 9.0000000 2.6238455 9.0000000 3.4478047 9.0000000 3.3567841 9.0000000 3.4978233 2.8697757 2.2703354 4.8162155 3.1356842 2.8477153 3.3567841 9.0000000 9.0000000 9.0000000 9.0000000 3.1044298 2.9401397 5.1992826 
taxon_4    9.0000000 4.3753754 3.4478047 0.0000000 1.7945290 1.8052819 1.9350161 2.5922619 2.1497048 2.0608919 2.3117252 2.1583256 6.0226461 3.1356842 9.0000000 2.9401397 2.8477153 9.0000000 9.0000000 3.8149659 6.0226461 4.2248685 9.0000000 2.6238455 2.4389525 2.5186735 2.5472484 3.3151067 3.6091383 3.7399028 
taxon_5    3.1044298 2.7654411 2.6738640 1.7945290 0.0000000 1.4232466 1.5240927 9.0000000 2.7654411 3.1044298 2.0919843 2.4141569 2.8477153 4.0995828 3.2381154 9.0000000 9.0000000 2.5472484 2.3901548 3.6716744 5.1992826 4.3753754 2.9910067 9.0000000 3.1682980 6.0226461 9.0000000 3.1356842 2.5186735 3.6716744 
taxon_6    2.4020598 2.5472484 2.5619547 1.8052819 1.4232466 0.0000000 1.4297826 3.2756239 2.2504667 2.2703354 1.8732529 2.1938360 2.2216170 3.7399028 2.8054506 9.0000000 9.0000000 2.2603353 2.5472484 4.8162155 9.0000000 4.2248685 2.3784358 3.8149659 5.1992826 3.2023946 9.0000000 2.6401505 2.9159441 3.8149659 
taxon_7    2.8925047 2.9159441 2.9401397 1.9350161 1.5240927 1.4297826 0.0000000 9.0000000 2.3784358 2.5047842 2.0165441 2.8477153 3.1044298 3.9922566 2.3224397 3.3151067 5.1992826 2.3117252 2.1080276 3.6091383 2.9910067 3.4478047 3.0455761 9.0000000 3.4978233 3.1356842 3.2381154 2.3117252 2.4516647 2.7462092 
taxon_8    9.0000000 9.0000000 9.0000000 2.5922619 9.0000000 3.2756239 9.0000000 0.0000000 1.7479624 1.8217059 1.9746728 1.8052819 2.6913067 2.4264522 9.0000000 3.2756239 2.3011617 3.4009145 3.7399028 2.7654411 2.6238455 2.4141569 3.0177952 2.4141569 2.2603353 3.3151067 2.6738640 9.0000000 9.0000000 9.0000000 
taxon_9    3.9922566 3.0744258 9.0000000 2.1497048 2.7654411 2.2504667 2.3784358 1.7479624 0.0000000 0.4783478 0.4223384 0.4857690 1.6066366 1.9034989 2.0762770 1.6808250 1.5166852 4.2248685 5.1992826 2.3011617 2.4020598 2.3011617 9.0000000 2.2504667 2.3668971 1.8272615 1.8384976 3.8983851 3.4009145 2.6401505 
taxon_10   9.0000000 3.0744258 9.0000000 2.0608919 3.1044298 2.2703354 2.5047842 1.8217059 0.4783478 0.0000000 0.1756344 0.4129739 1.4135482 1.9679160 1.9545824 1.6537950 1.4363760 4.2248685 9.0000000 2.3117252 2.2311108 2.1244216 9.0000000 2.4389525 2.3333094 1.8328585 1.7734750 3.1044298 3.1044298 2.6401505 
taxon_11   2.9651420 2.1758701 2.6238455 2.3117252 2.0919843 1.8732529 2.0165441 1.9746728 0.4223384 0.1756344 0.0000000 0.3638565 1.2046434 1.9679160 1.6671882 1.8328585 1.5166852 2.3224397 2.5186735 2.7462092 2.8697757 2.6401505 2.5186735 2.5472484 2.9401397 2.1411820 2.0685450 2.4264522 2.3224397 2.0023257 
taxon_12   4.8162155 9.0000000 9.0000000 2.1583256 2.4141569 2.1938360 2.8477153 1.8052819 0.4857690 0.4129739 0.3638565 0.0000000 1.4103431 1.7734750 2.0533161 1.6363015 1.4363760 9.0000000 3.5514175 2.0608919 2.3668971 2.1327550 9.0000000 2.1080276 2.4777543 1.8441795 1.8384976 3.5514175 9.0000000 2.7091647 
taxon_13   2.2703354 2.5619547 3.4478047 6.0226461 2.8477153 2.2216170 3.1044298 2.6913067 1.6066366 1.4135482 1.2046434 1.4103431 0.0000000 3.1682980 2.3333094 2.6568179 2.4264522 2.4911475 3.4978233 4.3753754 3.4478047 2.9401397 2.8697757 3.9922566 9.0000000 3.6716744 9.0000000 2.9159441 5.1992826 2.7851790 
taxon_14   9.0000000 3.7399028 9.0000000 3.1356842 4.0995828 3.7399028 3.9922566 2.4264522 1.9034989 1.9679160 1.9679160 1.7734750 3.1682980 0.0000000 1.7379955 1.4430280 1.4103431 3.4978233 3.7399028 2.6238455 2.7091647 2.5619547 9.0000000 2.2216170 3.0744258 3.9922566 2.4389525 9.0000000 3.6716744 3.8983851 
taxon_15   2.5328249 2.3224397 3.3567841 9.0000000 3.2381154 2.8054506 2.3224397 9.0000000 2.0762770 1.9545824 1.6671882 2.0533161 2.3333094 1.7379955 0.0000000 0.2792695 1.2471547 3.0455761 2.6401505 9.0000000 3.5514175 4.2248685 3.4009145 9.0000000 9.0000000 9.0000000 9.0000000 3.0455761 2.7091647 2.6078875 
taxon_16   3.8983851 2.8697757 9.0000000 2.9401397 9.0000000 9.0000000 3.3151067 3.2756239 1.6808250 1.6537950 1.8328585 1.6363015 2.6568179 1.4430280 0.2792695 0.0000000 1.0107744 9.0000000 9.0000000 3.0744258 2.5922619 2.8262852 9.0000000 3.4478047 2.7274583 3.4009145 3.3151067 9.0000000 9.0000000 9.0000000 
taxon_17   9.0000000 3.0177952 3.4978233 2.8477153 9.0000000 9.0000000 5.1992826 2.3011617 1.5166852 1.4363760 1.5166852 1.4363760 2.4264522 1.4103431 1.2471547 1.0107744 0.0000000 3.4978233 9.0000000 2.8477153 2.6238455 2.5472484 9.0000000 2.3224397 2.5619547 2.5769552 3.1356842 9.0000000 3.6716744 3.1044298 
taxon_18   2.5769552 3.2756239 2.8697757 9.0000000 2.5472484 2.2603353 2.3117252 3.4009145 4.2248685 4.2248685 2.3224397 9.0000000 2.4911475 3.4978233 3.0455761 9.0000000 3.4978233 0.0000000 1.1394861 1.1306234 0.9341044 0.8944912 1.4396946 1.5861436 4.3753754 9.0000000 3.6091383 9.0000000 9.0000000 2.5619547 
taxon_19   2.4645960 2.1411820 2.2703354 9.0000000 2.3901548 2.5472484 2.1080276 3.7399028 5.1992826 9.0000000 2.5186735 3.5514175 3.4978233 3.7399028 2.6401505 9.0000000 9.0000000 1.1394861 0.0000000 1.1046468 0.9375019 0.8833208 1.4103431 1.6066366 6.0226461 4.8162155 9.0000000 3.3151067 2.4020598 2.4645960 
taxon_20   5.1992826 2.9159441 4.8162155 3.8149659 3.6716744 4.8162155 3.6091383 2.7654411 2.3011617 2.3117252 2.7462092 2.0608919 4.3753754 2.6238455 9.0000000 3.0744258 2.8477153 1.1306234 1.1046468 0.0000000 0.6769232 0.6544096 1.4297826 1.3460179 2.9159441 2.7851790 2.3333094 4.8162155 9.0000000 3.0455761 
taxon_21   3.8149659 9.0000000 3.1356842 6.0226461 5.1992826 9.0000000 2.9910067 2.6238455 2.4020598 2.2311108 2.8697757 2.3668971 3.4478047 2.7091647 3.5514175 2.5922619 2.6238455 0.9341044 0.9375019 0.6769232 0.0000000 0.1861891 1.4103431 1.1878157 2.3784358 2.6078875 2.4516647 3.5514175 9.0000000 3.0455761 
taxon_22   3.4478047 3.6091383 2.8477153 4.2248685 4.3753754 4.2248685 3.4478047 2.4141569 2.3011617 2.1244216 2.6401505 2.1327550 2.9401397 2.5619547 4.2248685 2.8262852 2.5472484 0.8944912 0.8833208 0.6544096 0.1861891 0.0000000 1.4199998 1.2022162 2.7091647 2.5328249 2.4020598 3.5514175 9.0000000 3.6716744 
taxon_23   2.5472484 3.0177952 3.3567841 9.0000000 2.9910067 2.3784358 3.0455761 3.0177952 9.0000000 9.0000000 2.5186735 9.0000000 2.8697757 9.0000000 3.4009145 9.0000000 9.0000000 1.4396946 1.4103431 1.4297826 1.4103431 1.4199998 0.0000000 1.0414300 2.8697757 9.0000000 9.0000000 9.0000000 2.5328249 2.5922619 
taxon_24   3.3151067 9.0000000 9.0000000 2.6238455 9.0000000 3.8149659 9.0000000 2.4141569 2.2504667 2.4389525 2.5472484 2.1080276 3.9922566 2.2216170 9.0000000 3.4478047 2.3224397 1.5861436 1.6066366 1.3460179 1.1878157 1.2022162 1.0414300 0.0000000 2.2216170 2.6913067 2.5619547 9.0000000 9.0000000 9.0000000 
taxon_25   9.0000000 9.0000000 9.0000000 2.4389525 3.1682980 5.1992826 3.4978233 2.2603353 2.3668971 2.3333094 2.9401397 2.4777543 9.0000000 3.0744258 9.0000000 2.7274583 2.5619547 4.3753754 6.0226461 2.9159441 2.3784358 2.7091647 2.8697757 2.2216170 0.0000000 1.8614879 1.8732529 3.2023946 2.6568179 2.3443391 
taxon_26   9.0000000 9.0000000 9.0000000 2.5186735 6.0226461 3.2023946 3.1356842 3.3151067 1.8272615 1.8328585 2.1411820 1.8441795 3.6716744 3.9922566 9.0000000 3.4009145 2.5769552 9.0000000 4.8162155 2.7851790 2.6078875 2.5328249 9.0000000 2.6913067 1.8614879 0.0000000 0.7514795 1.7945290 1.4877660 0.9705699 
taxon_27   9.0000000 9.0000000 9.0000000 2.5472484 9.0000000 9.0000000 3.2381154 2.6738640 1.8384976 1.7734750 2.0685450 1.8384976 9.0000000 2.4389525 9.0000000 3.3151067 3.1356842 3.6091383 9.0000000 2.3333094 2.4516647 2.4020598 9.0000000 2.5619547 1.8732529 0.7514795 0.0000000 1.6192068 1.3698768 0.8928852 
taxon_28   2.5328249 2.8262852 3.1044298 3.3151067 3.1356842 2.6401505 2.3117252 9.0000000 3.8983851 3.1044298 2.4264522 3.5514175 2.9159441 9.0000000 3.0455761 9.0000000 9.0000000 9.0000000 3.3151067 4.8162155 3.5514175 3.5514175 9.0000000 9.0000000 3.2023946 1.7945290 1.6192068 0.0000000 1.5353429 1.2119724 
taxon_29   2.4645960 3.1044298 2.9401397 3.6091383 2.5186735 2.9159441 2.4516647 9.0000000 3.4009145 3.1044298 2.3224397 9.0000000 5.1992826 3.6716744 2.7091647 9.0000000 3.6716744 9.0000000 2.4020598 9.0000000 9.0000000 9.0000000 2.5328249 9.0000000 2.6568179 1.4877660 1.3698768 1.5353429 0.0000000 0.6841754 
taxon_30   2.8697757 2.6401505 5.1992826 3.7399028 3.6716744 3.8149659 2.7462092 9.0000000 2.6401505 2.6401505 2.0023257 2.7091647 2.7851790 3.8983851 2.6078875 9.0000000 3.1044298 2.5619547 2.4645960 3.0455761 3.0455761 3.6716744 2.5922619 9.0000000 2.3443391 0.9705699 0.8928852 1.2119724 0.6841754 0.0000000 
