30
taxon_1    0.0000000 0.8785840 1.2445862 1.0857382 0.8023231 1.8973515 2.1161798 2.0533164 2.1497057 2.2703354 2.7091647 3.0177952 2.5328249 2.8925047 2.1670475 1.7683027 2.1497057 2.1758711 2.6913067 2.6738640 2.3224393 1.9883721 1.6149929 2.0919845 2.3117250 2.7462092 3.6091383 9.0000000 2.4020598 2.0237560 
taxon_2    0.8785840 0.0000000 1.0982908 0.9443435 0.7422364 1.6192064 2.2504667 2.1938360 2.3668971 2.2122419 2.1758711 2.3011616 2.9401397 3.4009143 2.0762773 1.6449967 2.0165444 2.1670475 2.6401505 2.1080277 2.5047836 1.6808250 1.5901974 2.3333086 2.1938360 4.5638625 3.2756239 2.5922619 2.3668971 2.1670475 
taxon_3    1.2445862 1.0982908 0.0000000 0.3646493 0.9617255 2.0094015 2.4389520 2.3117250 2.0023260 2.6401505 2.0533164 2.3443391 2.9159441 3.0455762 2.2804707 2.2122419 2.5619547 2.3333086 2.3011616 2.2216170 2.4264521 2.1080277 1.6994018 2.6238455 2.6238455 2.6078875 3.2381161 2.2804707 2.5472484 2.1938360 
taxon_4    1.0857382 0.9443435 0.3646493 0.0000000 0.8630071 1.7330613 2.3668971 2.2216170 1.8499048 2.5769552 2.0608922 2.1847998 3.5514175 3.4478040 2.5186735 2.0458164 2.4645960 2.0533164 2.6078875 2.3784358 2.4645960 2.0458164 1.5741110 2.8697757 2.6238455 3.3151067 3.0177952 2.3011616 2.7851790 2.1080277 
taxon_5    0.8023231 0.7422364 0.9617255 0.8630071 0.0000000 1.3790233 1.6493826 1.6406362 1.5821111 1.8161913 1.9814913 2.1411828 2.4020598 2.3901548 1.6149929 1.3144041 1.8614881 2.1583264 2.3784358 2.1938360 2.3443391 1.6277050 1.2095214 1.7892100 2.2603352 2.7274583 4.3753767 4.2248707 2.2603352 1.6854262 
taxon_6    1.8973515 1.6192064 2.0094015 1.7330613 1.3790233 0.0000000 1.7683027 2.2122419 1.6762508 2.4264521 2.4777543 2.3333086 2.1327558 1.9612198 1.8852055 1.8614881 2.0999632 2.4516647 2.3784358 2.1161798 2.2122419 1.8732530 1.5057094 2.1583264 2.6401505 2.9401397 2.7274583 2.8925047 2.5619547 2.0094015 
taxon_7    2.1161798 2.2504667 2.4389520 2.3668971 1.6493826 1.7683027 0.0000000 1.2653848 0.9831300 2.3333086 2.8054505 2.5922619 2.7654411 3.1682983 2.1497057 1.7580636 2.6568179 2.5186735 6.0226461 3.0744257 2.8477153 2.4516647 2.0533164 2.2504667 2.5047836 3.4978233 3.1044299 9.0000000 2.4645960 2.2311108 
taxon_8    2.0533164 2.1938360 2.3117250 2.2216170 1.6406362 2.2122419 1.2653848 0.0000000 0.9495159 3.1044299 3.3567840 3.8983851 2.7851790 2.8925047 1.9350163 1.9096974 2.3224393 2.4911474 2.9910067 3.3567840 2.9651421 2.2407263 1.9746731 2.3784358 2.2216170 3.0177952 9.0000000 3.2381161 2.6913067 2.4020598 
taxon_9    2.1497057 2.3668971 2.0023260 1.8499048 1.5821111 1.6762508 0.9831300 0.9495159 0.0000000 2.6738640 2.7091647 2.5922619 2.3668971 2.3555333 2.0533164 1.8673475 2.0310376 2.4264521 2.4777543 2.4645960 2.8262852 2.0840898 1.5901974 2.4389520 2.4516647 2.6078875 2.8697757 3.4009143 2.6738640 1.9222500 
taxon_10   2.2703354 2.2122419 2.6401505 2.5769552 1.8161913 2.4264521 2.3333086 3.1044299 2.6738640 0.0000000 0.8492592 0.7635333 2.9159441 2.4777543 1.6626964 1.5467643 1.9034991 2.0762773 2.1670475 2.0310376 2.1327558 1.6762508 1.2949585 1.9222500 2.5328249 2.8054505 9.0000000 3.1044299 2.4389520 2.1327558 
taxon_11   2.7091647 2.1758711 2.0533164 2.0608922 1.9814913 2.4777543 2.8054505 3.3567840 2.7091647 0.8492592 0.0000000 0.4396701 2.3333086 2.0094015 2.1244214 1.8161913 2.1847998 2.5472484 2.1670475 2.0383906 2.3901548 2.2029825 1.5701428 2.4020598 2.7654411 2.9159441 2.9910067 2.3011616 2.8054505 2.2804707 
taxon_12   3.0177952 2.3011616 2.3443391 2.1847998 2.1411828 2.3333086 2.5922619 3.8983851 2.5922619 0.7635333 0.4396701 0.0000000 2.4645960 2.2216170 2.1583264 1.7379955 2.3333086 2.4020598 2.0608922 1.9480036 2.5047836 1.9814913 1.4265074 2.2407263 2.3117250 2.6078875 3.3567840 2.3224393 2.6238455 1.9480036 
taxon_13   2.5328249 2.9401397 2.9159441 3.5514175 2.4020598 2.1327558 2.7654411 2.7851790 2.3668971 2.9159441 2.3333086 2.4645960 0.0000000 0.1956277 1.8673475 2.1847998 2.7274583 3.5514175 2.4264521 2.5328249 3.2756239 2.4645960 1.7998863 2.3224393 3.1044299 2.2504667 2.5619547 2.6401505 2.7851790 2.3011616 
taxon_14   2.8925047 3.4009143 3.0455762 3.4478040 2.3901548 1.9612198 3.1682983 2.8925047 2.3555333 2.4777543 2.0094015 2.2216170 0.1956277 0.0000000 1.7330613 2.0310376 2.4389520 2.9910067 2.3117250 2.1938360 2.6238455 2.1670475 1.6762508 2.2122419 9.0000000 2.6078875 2.8697757 2.4911474 2.6568179 2.3224393 
taxon_15   2.1670475 2.0762773 2.2804707 2.5186735 1.6149929 1.8852055 2.1497057 1.9350163 2.0533164 1.6626964 2.1244214 2.1583264 1.8673475 1.7330613 0.0000000 1.3257464 2.1161798 1.8556741 2.0919845 2.6078875 2.4264521 1.5901974 1.1997968 2.0094015 2.2907448 2.9401397 3.2381161 3.9922575 1.9883721 2.0685453 
taxon_16   1.7683027 1.6449967 2.2122419 2.0458164 1.3144041 1.8614881 1.7580636 1.9096974 1.8673475 1.5467643 1.8161913 1.7379955 2.1847998 2.0310376 1.3257464 0.0000000 1.3548763 1.5130087 1.7683027 1.7088657 1.6626964 1.0355858 0.7001327 1.6406362 2.2703354 2.5047836 3.1682983 3.0744257 2.0458164 1.7945291 
taxon_17   2.1497057 2.0165444 2.5619547 2.4645960 1.8614881 2.0999632 2.6568179 2.3224393 2.0310376 1.9034991 2.1847998 2.3333086 2.7274583 2.4389520 2.1161798 1.3548763 0.0000000 1.4199998 1.5166851 1.4232466 1.5057094 0.8080320 1.1025221 2.2407263 2.6568179 9.0000000 9.0000000 4.5638625 2.5619547 2.9910067 
taxon_18   2.1758711 2.1670475 2.3333086 2.0533164 2.1583264 2.4516647 2.5186735 2.4911474 2.4264521 2.0762773 2.5472484 2.4020598 3.5514175 2.9910067 1.8556741 1.5130087 1.4199998 0.0000000 1.4497394 1.4135482 1.8912539 1.1973852 1.4497394 2.2122419 2.5619547 3.7399032 3.2756239 3.8983851 2.7274583 2.6078875 
taxon_19   2.6913067 2.6401505 2.3011616 2.6078875 2.3784358 2.3784358 6.0226461 2.9910067 2.4777543 2.1670475 2.1670475 2.0608922 2.4264521 2.3117250 2.0919845 1.7683027 1.5166851 1.4497394 0.0000000 1.0940832 1.8852055 1.2318741 1.3698768 2.6078875 9.0000000 2.7274583 2.8477153 2.8054505 4.2248707 2.6568179 
taxon_20   2.6738640 2.1080277 2.2216170 2.3784358 2.1938360 2.1161798 3.0744257 3.3567840 2.4645960 2.0310376 2.0383906 1.9480036 2.5328249 2.1938360 2.6078875 1.7088657 1.4232466 1.4135482 1.0940832 0.0000000 1.9159475 1.2369331 1.3882826 2.4777543 2.7091647 2.9651421 2.9159441 2.5186735 2.8477153 2.5328249 
taxon_21   2.3224393 2.5047836 2.4264521 2.4645960 2.3443391 2.2122419 2.8477153 2.9651421 2.8262852 2.1327558 2.3901548 2.5047836 3.2756239 2.6238455 2.4264521 1.6626964 1.5057094 1.8912539 1.8852055 1.9159475 0.0000000 1.1372606 1.6363010 2.6078875 2.6401505 9.0000000 3.4478040 9.0000000 2.6738640 2.8697757 
taxon_22   1.9883721 1.6808250 2.1080277 2.0458164 1.6277050 1.8732530 2.4516647 2.2407263 2.0840898 1.6762508 2.2029825 1.9814913 2.4645960 2.1670475 1.5901974 1.0355858 0.8080320 1.1973852 1.2318741 1.2369331 1.1372606 0.0000000 0.7840638 1.9480036 2.5328249 3.4009143 4.0995831 9.0000000 2.2804707 2.4141568 
taxon_23   1.6149929 1.5901974 1.6994018 1.5741110 1.2095214 1.5057094 2.0533164 1.9746731 1.5901974 1.2949585 1.5701428 1.4265074 1.7998863 1.6762508 1.1997968 0.7001327 1.1025221 1.4497394 1.3698768 1.3882826 1.6363010 0.7840638 0.0000000 1.4565114 2.2907448 2.4516647 2.3784358 2.6913067 2.0023260 1.4984804 
taxon_24   2.0919845 2.3333086 2.6238455 2.8697757 1.7892100 2.1583264 2.2504667 2.3784358 2.4389520 1.9222500 2.4020598 2.2407263 2.3224393 2.2122419 2.0094015 1.6406362 2.2407263 2.2122419 2.6078875 2.4777543 2.6078875 1.9480036 1.4565114 0.0000000 1.7945291 2.7091647 2.5328249 2.6078875 1.8792054 1.2627532 
taxon_25   2.3117250 2.1938360 2.6238455 2.6238455 2.2603352 2.6401505 2.5047836 2.2216170 2.4516647 2.5328249 2.7654411 2.3117250 3.1044299 9.0000000 2.2907448 2.2703354 2.6568179 2.5619547 9.0000000 2.7091647 2.6401505 2.5328249 2.2907448 1.7945291 0.0000000 2.3443391 2.0533164 2.4911474 1.5467643 1.2627532 
taxon_26   2.7462092 4.5638625 2.6078875 3.3151067 2.7274583 2.9401397 3.4978233 3.0177952 2.6078875 2.8054505 2.9159441 2.6078875 2.2504667 2.6078875 2.9401397 2.5047836 9.0000000 3.7399032 2.7274583 2.9651421 9.0000000 3.4009143 2.4516647 2.7091647 2.3443391 0.0000000 1.5130087 2.2703354 1.5821111 2.0237560 
taxon_27   3.6091383 3.2756239 3.2381161 3.0177952 4.3753767 2.7274583 3.1044299 9.0000000 2.8697757 9.0000000 2.9910067 3.3567840 2.5619547 2.8697757 3.2381161 3.1682983 9.0000000 3.2756239 2.8477153 2.9159441 3.4478040 4.0995831 2.3784358 2.5328249 2.0533164 1.5130087 0.0000000 1.8912539 1.1439571 1.6192064 
taxon_28   9.0000000 2.5922619 2.2804707 2.3011616 4.2248707 2.8925047 9.0000000 3.2381161 3.4009143 3.1044299 2.3011616 2.3224393 2.6401505 2.4911474 3.9922575 3.0744257 4.5638625 3.8983851 2.8054505 2.5186735 9.0000000 9.0000000 2.6913067 2.6078875 2.4911474 2.2703354 1.8912539 0.0000000 1.5093501 1.9222500 
taxon_29   2.4020598 2.3668971 2.5472484 2.7851790 2.2603352 2.5619547 2.4645960 2.6913067 2.6738640 2.4389520 2.8054505 2.6238455 2.7851790 2.6568179 1.9883721 2.0458164 2.5619547 2.7274583 4.2248707 2.8477153 2.6738640 2.2804707 2.0023260 1.8792054 1.5467643 1.5821111 1.1439571 1.5093501 0.0000000 1.3200538 
taxon_30   2.0237560 2.1670475 2.1938360 2.1080277 1.6854262 2.0094015 2.2311108 2.4020598 1.9222500 2.1327558 2.2804707 1.9480036 2.3011616 2.3224393 2.0685453 1.7945291 2.9910067 2.6078875 2.6568179 2.5328249 2.8697757 2.4141568 1.4984804 1.2627532 1.2627532 2.0237560 1.6192064 1.9222500 1.3200538 0.0000000 
