30
taxon_1    0.0000000 1.3801395 2.6529972 2.4856395 1.8290380 9.0000000 1.7269388 1.7453447 9.0000000 3.6326859 1.7179026 9.0000000 1.8186930 9.0000000 1.6616803 9.0000000 9.0000000 1.7884875 1.6914292 1.7407007 1.6330665 9.0000000 1.7786835 1.6957771 1.6742856 3.9084795 9.0000000 9.0000000 9.0000000 1.5864193 
taxon_2    1.3801395 0.0000000 0.9678250 0.6167692 0.4957080 9.0000000 1.8395276 1.6957771 3.2047773 2.9570960 1.7089739 9.0000000 1.7407007 9.0000000 1.6785349 9.0000000 9.0000000 1.7934380 1.7547198 1.7089739 1.5939951 9.0000000 1.8719068 1.8186930 1.7224071 3.9084795 9.0000000 9.0000000 9.0000000 1.4585241 
taxon_3    2.6529972 0.9678250 0.0000000 0.4957080 0.6725889 1.7314981 9.0000000 9.0000000 1.6290665 1.7134249 9.0000000 1.8942965 9.0000000 1.7001503 9.0000000 1.8186930 1.7835695 9.0000000 9.0000000 9.0000000 9.0000000 1.6658586 9.0000000 9.0000000 9.0000000 1.6250877 1.9057471 1.7835695 1.8886361 9.0000000 
taxon_4    2.4856395 0.6167692 0.4957080 0.0000000 0.3991995 1.7453447 9.0000000 9.0000000 1.4745846 1.4909967 9.0000000 1.7269388 9.0000000 1.5864193 9.0000000 1.8186930 1.7314981 9.0000000 9.0000000 9.0000000 9.0000000 1.7786835 9.0000000 9.0000000 9.0000000 1.6132764 1.7001503 1.9057471 1.9115386 3.0845203 
taxon_5    1.8290380 0.4957080 0.6725889 0.3991995 0.0000000 1.7134249 9.0000000 9.0000000 1.3975148 1.3858867 9.0000000 1.7547198 9.0000000 1.7179026 5.0365375 1.6957771 1.7884875 9.0000000 9.0000000 9.0000000 3.2381161 1.6828084 9.0000000 9.0000000 9.0000000 1.3916782 1.7884875 1.7134249 1.6250877 2.3808180 
taxon_6    9.0000000 9.0000000 1.7314981 1.7453447 1.7134249 0.0000000 9.0000000 9.0000000 1.6658586 1.6132764 9.0000000 1.8342645 9.0000000 1.5460673 9.0000000 1.7835695 1.9115386 9.0000000 9.0000000 9.0000000 9.0000000 1.7690059 9.0000000 9.0000000 9.0000000 1.7269388 1.7642136 1.8238476 1.6828084 9.0000000 
taxon_7    1.7269388 1.8395276 9.0000000 9.0000000 9.0000000 9.0000000 0.0000000 0.7292851 9.0000000 9.0000000 1.7884875 9.0000000 1.7453447 9.0000000 1.7738291 9.0000000 9.0000000 1.8186930 1.9411868 1.7884875 1.7884875 9.0000000 1.9533821 1.8609577 1.7690059 9.0000000 9.0000000 9.0000000 9.0000000 1.7407007 
taxon_8    1.7453447 1.6957771 9.0000000 9.0000000 9.0000000 9.0000000 0.7292851 0.0000000 4.3493195 9.0000000 1.7045491 9.0000000 1.6871065 9.0000000 1.8186930 9.0000000 9.0000000 1.7690059 1.8999999 1.7594517 1.9173752 9.0000000 1.9057471 1.6828084 1.8342645 9.0000000 9.0000000 9.0000000 9.0000000 1.8290380 
taxon_9    9.0000000 3.2047773 1.6290665 1.4745846 1.3975148 1.6658586 9.0000000 4.3493195 0.0000000 0.8117858 2.4141569 1.5319159 2.7531457 1.5180266 9.0000000 1.6700603 1.8238476 9.0000000 9.0000000 9.0000000 9.0000000 1.8135735 9.0000000 9.0000000 9.0000000 1.4976634 1.7500176 1.7360853 1.6411311 4.2125783 
taxon_10   3.6326859 2.9570960 1.7134249 1.4909967 1.3858867 1.6132764 9.0000000 9.0000000 0.8117858 0.0000000 2.4028785 1.6492833 3.3886191 1.4745846 3.6326859 1.6330665 1.8084887 9.0000000 9.0000000 9.0000000 9.0000000 1.7269388 9.0000000 9.0000000 9.0000000 1.5354288 1.7786835 1.6914292 1.6785349 2.6375327 
taxon_11   1.7179026 1.7089739 9.0000000 9.0000000 9.0000000 9.0000000 1.7884875 1.7045491 2.4141569 2.4028785 0.0000000 3.7579765 1.3945909 2.5646599 1.7001503 9.0000000 9.0000000 1.8186930 1.7738291 1.7594517 1.5939951 9.0000000 1.7179026 1.6132764 1.6016483 9.0000000 9.0000000 9.0000000 9.0000000 1.4490503 
taxon_12   9.0000000 9.0000000 1.8942965 1.7269388 1.7547198 1.8342645 9.0000000 9.0000000 1.5319159 1.6492833 3.7579765 0.0000000 2.3488983 1.2563920 9.0000000 1.7453447 1.6093803 9.0000000 9.0000000 9.0000000 9.0000000 1.8886361 9.0000000 9.0000000 9.0000000 1.7314981 1.7594517 1.7884875 1.7453447 9.0000000 
taxon_13   1.8186930 1.7407007 9.0000000 9.0000000 9.0000000 9.0000000 1.7453447 1.6871065 2.7531457 3.3886191 1.3945909 2.3488983 0.0000000 1.8555425 1.8555425 9.0000000 9.0000000 1.8186930 1.6616803 1.5978119 1.6957771 9.0000000 1.5751972 1.5284194 1.6055043 2.9809075 9.0000000 9.0000000 9.0000000 1.4649071 
taxon_14   9.0000000 9.0000000 1.7001503 1.5864193 1.7179026 1.5460673 9.0000000 9.0000000 1.5180266 1.4745846 2.5646599 1.2563920 1.8555425 0.0000000 9.0000000 1.8034382 1.5864193 9.0000000 9.0000000 9.0000000 9.0000000 1.7179026 9.0000000 9.0000000 9.0000000 1.7360853 1.6658586 1.7642136 1.6492833 4.5166772 
taxon_15   1.6616803 1.6785349 9.0000000 9.0000000 5.0365375 9.0000000 1.7738291 1.8186930 9.0000000 3.6326859 1.7001503 9.0000000 1.8555425 9.0000000 0.0000000 9.0000000 9.0000000 1.5568588 1.6132764 1.5939951 1.5939951 9.0000000 1.6785349 1.7179026 1.6785349 3.0845203 9.0000000 9.0000000 9.0000000 1.3575815 
taxon_16   9.0000000 9.0000000 1.8186930 1.8186930 1.6957771 1.7835695 9.0000000 9.0000000 1.6700603 1.6330665 9.0000000 1.7453447 9.0000000 1.8034382 9.0000000 0.0000000 1.2185290 1.5249391 1.8084887 1.7786835 1.6055043 1.8501661 3.9084795 9.0000000 9.0000000 1.4976634 1.7134249 1.6785349 1.7642136 3.4314879 
taxon_17   9.0000000 9.0000000 1.7835695 1.7314981 1.7884875 1.9115386 9.0000000 9.0000000 1.8238476 1.8084887 9.0000000 1.6093803 9.0000000 1.5864193 9.0000000 1.2185290 0.0000000 1.4304543 1.7884875 1.8395276 1.4649071 1.6785349 9.0000000 9.0000000 9.0000000 1.5568588 1.7314981 1.6250877 1.7547198 9.0000000 
taxon_18   1.7884875 1.7934380 9.0000000 9.0000000 9.0000000 9.0000000 1.8186930 1.7690059 9.0000000 9.0000000 1.8186930 9.0000000 1.8186930 9.0000000 1.5568588 1.5249391 1.4304543 0.0000000 1.0244233 1.0190978 0.9563494 9.0000000 1.6533929 1.7984215 1.6411311 9.0000000 9.0000000 9.0000000 9.0000000 1.5864193 
taxon_19   1.6914292 1.7547198 9.0000000 9.0000000 9.0000000 9.0000000 1.9411868 1.8999999 9.0000000 9.0000000 1.7738291 9.0000000 1.6616803 9.0000000 1.6132764 1.8084887 1.7884875 1.0244233 0.0000000 0.2178858 1.0442801 9.0000000 1.6785349 1.6171929 1.7453447 5.0365375 3.7579765 9.0000000 9.0000000 1.6533929 
taxon_20   1.7407007 1.7089739 9.0000000 9.0000000 9.0000000 9.0000000 1.7884875 1.7594517 9.0000000 9.0000000 1.7594517 9.0000000 1.5978119 9.0000000 1.5939951 1.7786835 1.8395276 1.0190978 0.2178858 0.0000000 0.9981662 9.0000000 1.6451961 1.6330665 1.7179026 9.0000000 9.0000000 9.0000000 9.0000000 1.6871065 
taxon_21   1.6330665 1.5939951 9.0000000 9.0000000 3.2381161 9.0000000 1.7884875 1.9173752 9.0000000 9.0000000 1.5939951 9.0000000 1.6957771 9.0000000 1.5939951 1.6055043 1.4649071 0.9563494 1.0442801 0.9981662 0.0000000 9.0000000 1.7314981 1.6871065 1.7314981 9.0000000 9.0000000 9.0000000 9.0000000 1.4778384 
taxon_22   9.0000000 9.0000000 1.6658586 1.7786835 1.6828084 1.7690059 9.0000000 9.0000000 1.8135735 1.7269388 9.0000000 1.8886361 9.0000000 1.7179026 9.0000000 1.8501661 1.6785349 9.0000000 9.0000000 9.0000000 9.0000000 0.0000000 4.3493195 9.0000000 9.0000000 1.6171929 1.6533929 1.6658586 1.8290380 9.0000000 
taxon_23   1.7786835 1.8719068 9.0000000 9.0000000 9.0000000 9.0000000 1.9533821 1.9057471 9.0000000 9.0000000 1.7179026 9.0000000 1.5751972 9.0000000 1.6785349 3.9084795 9.0000000 1.6533929 1.6785349 1.6451961 1.7314981 4.3493195 0.0000000 1.0627995 0.9229398 3.8294591 9.0000000 9.0000000 9.0000000 1.6093803 
taxon_24   1.6957771 1.8186930 9.0000000 9.0000000 9.0000000 9.0000000 1.8609577 1.6828084 9.0000000 9.0000000 1.6132764 9.0000000 1.5284194 9.0000000 1.7179026 9.0000000 9.0000000 1.7984215 1.6171929 1.6330665 1.6871065 9.0000000 1.0627995 0.0000000 0.7624601 2.9340173 9.0000000 9.0000000 9.0000000 1.6451961 
taxon_25   1.6742856 1.7224071 9.0000000 9.0000000 9.0000000 9.0000000 1.7690059 1.8342645 9.0000000 9.0000000 1.6016483 9.0000000 1.6055043 9.0000000 1.6785349 9.0000000 9.0000000 1.6411311 1.7453447 1.7179026 1.7314981 9.0000000 0.9229398 0.7624601 0.0000000 3.0572445 9.0000000 9.0000000 9.0000000 1.7001503 
taxon_26   3.9084795 3.9084795 1.6250877 1.6132764 1.3916782 1.7269388 9.0000000 9.0000000 1.4976634 1.5354288 9.0000000 1.7314981 2.9809075 1.7360853 3.0845203 1.4976634 1.5568588 9.0000000 5.0365375 9.0000000 9.0000000 1.6171929 3.8294591 2.9340173 3.0572445 0.0000000 1.6700603 1.5496472 1.7786835 1.7453447 
taxon_27   9.0000000 9.0000000 1.9057471 1.7001503 1.7884875 1.7642136 9.0000000 9.0000000 1.7500176 1.7786835 9.0000000 1.7594517 9.0000000 1.6658586 9.0000000 1.7134249 1.7314981 9.0000000 3.7579765 9.0000000 9.0000000 1.6533929 9.0000000 9.0000000 9.0000000 1.6700603 0.0000000 1.5678079 1.5901977 2.1253647 
taxon_28   9.0000000 9.0000000 1.7835695 1.9057471 1.7134249 1.8238476 9.0000000 9.0000000 1.7360853 1.6914292 9.0000000 1.7884875 9.0000000 1.7642136 9.0000000 1.6785349 1.6250877 9.0000000 9.0000000 9.0000000 9.0000000 1.6658586 9.0000000 9.0000000 9.0000000 1.5496472 1.5678079 0.0000000 1.5641404 1.5751972 
taxon_29   9.0000000 9.0000000 1.8886361 1.9115386 1.6250877 1.6828084 9.0000000 9.0000000 1.6411311 1.6785349 9.0000000 1.7453447 9.0000000 1.6492833 9.0000000 1.7642136 1.7547198 9.0000000 9.0000000 9.0000000 9.0000000 1.8290380 9.0000000 9.0000000 9.0000000 1.7786835 1.5901977 1.5641404 0.0000000 1.6250877 
taxon_30   1.5864193 1.4585241 9.0000000 3.0845203 2.3808180 9.0000000 1.7407007 1.8290380 4.2125783 2.6375327 1.4490503 9.0000000 1.4649071 4.5166772 1.3575815 3.4314879 9.0000000 1.5864193 1.6533929 1.6871065 1.4778384 9.0000000 1.6093803 1.6451961 1.7001503 1.7453447 2.1253647 1.5751972 1.6250877 0.0000000 
