30
taxon_1    0.0000000 1.6742851 1.6700598 1.6250874 2.8282083 1.7453447 1.5864192 2.6223800 2.7014010 5.0365368 9.0000000 4.3493195 9.0000000 1.8238476 1.7934380 1.8664122 9.0000000 3.3095987 1.6016481 1.6658581 1.6250874 1.6658581 1.5678078 3.0845203 1.7738291 9.0000000 9.0000000 9.0000000 9.0000000 1.7134241 
taxon_2    1.6742851 0.0000000 1.8342645 1.3603644 0.9466510 2.8898869 2.4256075 0.7854211 1.1737396 1.4396946 1.2988326 1.4004503 1.2301572 2.3182818 2.2793120 2.2888663 1.2443532 1.3916782 1.7360853 3.0309261 4.5166766 2.4372356 2.8898869 1.3975148 3.5253603 1.4681191 1.6250874 1.6742851 1.6871059 9.0000000 
taxon_3    1.6700598 1.8342645 0.0000000 0.5504767 1.8555425 1.5111772 1.4153022 1.6211296 3.1728575 3.1422409 2.9570960 9.0000000 2.5508978 1.7089731 1.6132762 1.5641403 3.0845203 3.2730061 1.6492830 1.8238476 1.7884875 1.6914286 1.7884875 9.0000000 1.7314981 9.0000000 9.0000000 3.2381161 9.0000000 1.7594517 
taxon_4    1.6250874 1.3603644 0.5504767 0.0000000 1.2588231 1.4153022 1.2735777 0.9547243 2.2985439 3.3886190 3.1728575 3.3480687 2.1409899 1.5714933 1.5978118 1.5425042 2.4610471 3.1728575 1.4033972 1.7001495 1.7407007 1.7269388 1.7835695 5.5562928 1.7786835 3.6326859 9.0000000 9.0000000 9.0000000 1.6575248 
taxon_5    2.8282083 0.9466510 1.8555425 1.2588231 0.0000000 2.0175238 2.1569477 0.7044596 1.4033972 1.6700598 1.5425042 1.5319158 1.4553528 5.0365368 3.4769564 2.8898869 1.4093261 1.5389581 2.6375325 9.0000000 4.0969653 2.7354978 9.0000000 1.7835695 9.0000000 1.6290662 1.7738291 1.8290380 1.8448280 9.0000000 
taxon_6    1.7453447 2.8898869 1.5111772 1.4153022 2.0175238 0.0000000 0.6929209 1.2760652 3.7579762 9.0000000 4.5166766 9.0000000 4.5166766 1.6211296 1.6957764 1.6451958 2.8687587 9.0000000 1.6742851 1.8395276 1.6451958 1.6742851 1.7453447 4.7324386 1.7884875 9.0000000 9.0000000 9.0000000 3.3886190 1.7835695 
taxon_7    1.5864192 2.4256075 1.4153022 1.2735777 2.1569477 0.6929209 0.0000000 1.1397395 4.0969653 9.0000000 5.0365368 9.0000000 3.8294576 1.7045483 1.8395276 1.8501661 9.0000000 9.0000000 1.5714933 1.7786835 1.7884875 1.7690059 1.7884875 9.0000000 1.7984215 9.0000000 9.0000000 9.0000000 9.0000000 1.6871059 
taxon_8    2.6223800 0.7854211 1.6211296 0.9547243 0.7044596 1.2760652 1.1397395 0.0000000 1.3249676 1.6411307 1.4093261 1.5145941 1.3091776 2.5508978 2.9570960 3.3886190 1.3744361 1.4909966 2.2888663 3.2730061 9.0000000 3.0572445 3.5771049 1.5145941 9.0000000 1.7314981 1.7547198 1.6658581 1.6785344 9.0000000 
taxon_9    2.7014010 1.1737396 3.1728575 2.2985439 1.4033972 3.7579762 4.0969653 1.3249676 0.0000000 1.5214749 1.2563920 1.6132762 1.5460672 3.3886190 4.2125783 2.6529972 1.4585240 1.5604907 2.8687587 9.0000000 3.9084795 5.0365368 9.0000000 1.7407007 9.0000000 1.7179017 1.7453447 1.7690059 1.6658581 9.0000000 
taxon_10   5.0365368 1.4396946 3.1422409 3.3886190 1.6700598 9.0000000 9.0000000 1.6411307 1.5214749 0.0000000 1.5145941 1.8555425 1.6290662 9.0000000 9.0000000 9.0000000 1.6616799 1.6700598 3.0572445 9.0000000 9.0000000 9.0000000 9.0000000 1.7835695 9.0000000 1.7314981 1.7314981 1.8942965 1.9533821 9.0000000 
taxon_11   9.0000000 1.2988326 2.9570960 3.1728575 1.5425042 4.5166766 5.0365368 1.4093261 1.2563920 1.5145941 0.0000000 1.7690059 1.6055041 4.2125783 9.0000000 3.4769564 1.5939950 1.5180266 3.7579762 9.0000000 9.0000000 9.0000000 9.0000000 1.7934380 9.0000000 1.5939950 1.8034382 1.6055041 1.7089731 4.2125783 
taxon_12   4.3493195 1.4004503 9.0000000 3.3480687 1.5319158 9.0000000 9.0000000 1.5145941 1.6132762 1.8555425 1.7690059 0.0000000 1.2231587 2.4732425 2.2793120 1.9115386 1.2208403 1.6658581 2.9570960 9.0000000 9.0000000 9.0000000 9.0000000 1.8342645 9.0000000 1.6700598 1.7642136 1.6785344 1.7224061 9.0000000 
taxon_13   9.0000000 1.2301572 2.5508978 2.1409899 1.4553528 4.5166766 3.8294576 1.3091776 1.5460672 1.6290662 1.6055041 1.2231587 0.0000000 1.5978118 1.5789191 1.6330662 0.8791207 1.5425042 2.3083479 9.0000000 9.0000000 9.0000000 9.0000000 1.7001495 5.5562928 1.6330662 1.7360853 1.7407007 1.7314981 9.0000000 
taxon_14   1.8238476 2.3182818 1.7089731 1.5714933 5.0365368 1.6211296 1.7045483 2.5508978 3.3886190 9.0000000 4.2125783 2.4732425 1.5978118 0.0000000 1.1192464 1.1294229 1.0953717 9.0000000 1.7179017 1.7045483 1.8084887 1.8942965 1.9291865 9.0000000 1.7984215 3.4769564 9.0000000 9.0000000 4.7324386 1.6957764 
taxon_15   1.7934380 2.2793120 1.6132762 1.5978118 3.4769564 1.6957764 1.8395276 2.9570960 4.2125783 9.0000000 9.0000000 2.2793120 1.5789191 1.1192464 0.0000000 0.6219592 0.4992373 3.4769564 1.6411307 1.7045483 1.9351626 1.7835695 1.8886361 9.0000000 1.7179017 3.2730061 9.0000000 3.8294576 9.0000000 1.7089731 
taxon_16   1.8664122 2.2888663 1.5641403 1.5425042 2.8898869 1.6451958 1.8501661 3.3886190 2.6529972 9.0000000 3.4769564 1.9115386 1.6330662 1.1294229 0.6219592 0.0000000 0.4800279 3.9968168 1.6250874 1.7360853 1.9847675 1.9057471 1.9232576 3.2381161 1.7089731 3.8294576 9.0000000 3.5771049 9.0000000 1.8886361 
taxon_17   9.0000000 1.2443532 3.0845203 2.4610471 1.4093261 2.8687587 9.0000000 1.3744361 1.4585240 1.6616799 1.5939950 1.2208403 0.8791207 1.0953717 0.4992373 0.4800279 0.0000000 1.5145941 2.5373841 9.0000000 9.0000000 9.0000000 9.0000000 1.6658581 9.0000000 1.6016481 1.7269388 1.7738291 1.7224061 9.0000000 
taxon_18   3.3095987 1.3916782 3.2730061 3.1728575 1.5389581 9.0000000 9.0000000 1.4909966 1.5604907 1.6700598 1.5180266 1.6658581 1.5425042 9.0000000 3.4769564 3.9968168 1.5145941 0.0000000 2.9570960 9.0000000 9.0000000 9.0000000 9.0000000 1.6700598 9.0000000 1.6957764 1.7360853 1.7547198 1.6871059 9.0000000 
taxon_19   1.6016481 1.7360853 1.6492830 1.4033972 2.6375325 1.6742851 1.5714933 2.2888663 2.8687587 3.0572445 3.7579762 2.9570960 2.3083479 1.7179017 1.6411307 1.6250874 2.5373841 2.9570960 0.0000000 1.5978118 1.7547198 1.7045483 1.7001495 3.4769564 1.7179017 9.0000000 9.0000000 9.0000000 9.0000000 1.5978118 
taxon_20   1.6658581 3.0309261 1.8238476 1.7001495 9.0000000 1.8395276 1.7786835 3.2730061 9.0000000 9.0000000 9.0000000 9.0000000 9.0000000 1.7045483 1.7045483 1.7360853 9.0000000 9.0000000 1.5978118 0.0000000 1.7984215 1.7738291 1.7134241 3.0572445 1.7690059 9.0000000 9.0000000 9.0000000 9.0000000 1.8395276 
taxon_21   1.6250874 4.5166766 1.7884875 1.7407007 4.0969653 1.6451958 1.7884875 9.0000000 3.9084795 9.0000000 9.0000000 9.0000000 9.0000000 1.8084887 1.9351626 1.9847675 9.0000000 9.0000000 1.7547198 1.7984215 0.0000000 0.5018953 1.8555425 9.0000000 1.8448280 9.0000000 9.0000000 9.0000000 9.0000000 1.7835695 
taxon_22   1.6658581 2.4372356 1.6914286 1.7269388 2.7354978 1.6742851 1.7690059 3.0572445 5.0365368 9.0000000 9.0000000 9.0000000 9.0000000 1.8942965 1.7835695 1.9057471 9.0000000 9.0000000 1.7045483 1.7738291 0.5018953 0.0000000 1.7642136 9.0000000 1.9232576 9.0000000 9.0000000 4.3493195 9.0000000 1.7690059 
taxon_23   1.5678078 2.8898869 1.7884875 1.7835695 9.0000000 1.7453447 1.7884875 3.5771049 9.0000000 9.0000000 9.0000000 9.0000000 9.0000000 1.9291865 1.8886361 1.9232576 9.0000000 9.0000000 1.7001495 1.7134241 1.8555425 1.7642136 0.0000000 1.4213264 1.8942965 4.0969653 3.4314875 9.0000000 9.0000000 1.6533925 
taxon_24   3.0845203 1.3975148 9.0000000 5.5562928 1.7835695 4.7324386 9.0000000 1.5145941 1.7407007 1.7835695 1.7934380 1.8342645 1.7001495 9.0000000 9.0000000 3.2381161 1.6658581 1.6700598 3.4769564 3.0572445 9.0000000 9.0000000 1.4213264 0.0000000 4.2125783 1.5678078 1.6250874 1.4876854 1.6616799 2.9116275 
taxon_25   1.7738291 3.5253603 1.7314981 1.7786835 9.0000000 1.7884875 1.7984215 9.0000000 9.0000000 9.0000000 9.0000000 9.0000000 5.5562928 1.7984215 1.7179017 1.7089731 9.0000000 9.0000000 1.7179017 1.7690059 1.8448280 1.9232576 1.8942965 4.2125783 0.0000000 1.3975148 2.0803511 2.1176721 1.8034382 1.2860988 
taxon_26   9.0000000 1.4681191 9.0000000 3.6326859 1.6290662 9.0000000 9.0000000 1.7314981 1.7179017 1.7314981 1.5939950 1.6700598 1.6330662 3.4769564 3.2730061 3.8294576 1.6016481 1.6957764 9.0000000 9.0000000 9.0000000 9.0000000 4.0969653 1.5678078 1.3975148 0.0000000 0.8703658 0.9998884 0.8909553 1.2185290 
taxon_27   9.0000000 1.6250874 9.0000000 9.0000000 1.7738291 9.0000000 9.0000000 1.7547198 1.7453447 1.7314981 1.8034382 1.7642136 1.7360853 9.0000000 9.0000000 9.0000000 1.7269388 1.7360853 9.0000000 9.0000000 9.0000000 9.0000000 3.4314875 1.6250874 2.0803511 0.8703658 0.0000000 1.0875794 1.0369984 1.4649071 
taxon_28   9.0000000 1.6742851 3.2381161 9.0000000 1.8290380 9.0000000 9.0000000 1.6658581 1.7690059 1.8942965 1.6055041 1.6785344 1.7407007 9.0000000 3.8294576 3.5771049 1.7738291 1.7547198 9.0000000 9.0000000 9.0000000 4.3493195 9.0000000 1.4876854 2.1176721 0.9998884 1.0875794 0.0000000 1.0050787 1.3356821 
taxon_29   9.0000000 1.6871059 9.0000000 9.0000000 1.8448280 3.3886190 9.0000000 1.6785344 1.6658581 1.9533821 1.7089731 1.7224061 1.7314981 4.7324386 9.0000000 9.0000000 1.7224061 1.6871059 9.0000000 9.0000000 9.0000000 9.0000000 9.0000000 1.6616799 1.8034382 0.8909553 1.0369984 1.0050787 0.0000000 1.1092061 
taxon_30   1.7134241 9.0000000 1.7594517 1.6575248 9.0000000 1.7835695 1.6871059 9.0000000 9.0000000 9.0000000 4.2125783 9.0000000 9.0000000 1.6957764 1.7089731 1.8886361 9.0000000 9.0000000 1.5978118 1.8395276 1.7835695 1.7690059 1.6533925 2.9116275 1.2860988 1.2185290 1.4649071 1.3356821 1.1092061 0.0000000 
