50
taxon_1    0.0000000 0.0849697 0.0610883 0.0553245 0.1496512 0.1500583 0.1541410 0.1403495 0.1557803 0.1529138 0.1586578 0.1439755 0.1533227 0.1451881 0.1553701 0.1496512 0.1295752 0.1594820 0.1484314 0.1512807 0.1480252 0.1512807 0.1472135 0.1504655 0.1439755 0.1379418 0.1415562 0.1451881 0.1484314 0.1427649 0.1455928 0.1391446 0.1459976 0.1586578 0.1566013 0.1582460 0.1395460 0.1648612 0.1557803 0.1525052 0.1500583 0.1504655 0.1557803 0.1566013 0.1594820 0.1570122 0.1541410 0.1553701 0.1566013 0.1508730 
taxon_2    0.0849697 0.0000000 0.0690864 0.0632611 0.1603070 0.1644461 0.1644461 0.1508730 0.1652766 0.1644461 0.1698612 0.1578345 0.1623737 0.1533227 0.1673571 0.1603070 0.1395460 0.1727933 0.1611330 0.1656923 0.1594820 0.1607199 0.1582460 0.1590698 0.1549602 0.1464027 0.1529138 0.1570122 0.1582460 0.1537317 0.1582460 0.1508730 0.1561907 0.1656923 0.1656923 0.1686081 0.1496512 0.1770020 0.1686081 0.1669405 0.1644461 0.1607199 0.1644461 0.1669405 0.1723737 0.1686081 0.1681908 0.1677738 0.1702794 0.1623737 
taxon_3    0.0610883 0.0690864 0.0000000 0.0327027 0.1383425 0.1383425 0.1403495 0.1260179 0.1399476 0.1407515 0.1476192 0.1351425 0.1407515 0.1319561 0.1431682 0.1371409 0.1158350 0.1480252 0.1339460 0.1391446 0.1367408 0.1379418 0.1339460 0.1363409 0.1299715 0.1228700 0.1311616 0.1331494 0.1351425 0.1295752 0.1351425 0.1279921 0.1331494 0.1455928 0.1435718 0.1468080 0.1252297 0.1504655 0.1427649 0.1403495 0.1395460 0.1363409 0.1395460 0.1423618 0.1472135 0.1451881 0.1419589 0.1411537 0.1439755 0.1387435 
taxon_4    0.0553245 0.0632611 0.0327027 0.0000000 0.1307647 0.1323537 0.1347435 0.1209092 0.1339460 0.1355418 0.1411537 0.1283876 0.1351425 0.1256237 0.1363409 0.1323537 0.1107950 0.1423618 0.1287832 0.1351425 0.1315588 0.1335476 0.1295752 0.1303680 0.1256237 0.1201263 0.1252297 0.1283876 0.1315588 0.1240489 0.1299715 0.1228700 0.1272018 0.1383425 0.1363409 0.1411537 0.1201263 0.1451881 0.1375412 0.1351425 0.1327515 0.1311616 0.1359412 0.1379418 0.1411537 0.1387435 0.1363409 0.1367408 0.1387435 0.1331494 
taxon_5    0.1496512 0.1603070 0.1383425 0.1307647 0.0000000 0.0831054 0.0868386 0.0731176 0.0887122 0.0842235 0.0883371 0.0928507 0.0970121 0.0898386 0.1034891 0.0992917 0.0749572 0.1038719 0.0951177 0.1107950 0.1050213 0.1065566 0.1008153 0.1054048 0.1011967 0.0939833 0.0966328 0.0970121 0.1019601 0.0962537 0.1027242 0.0962537 0.1027242 0.1135046 0.1119551 0.1423618 0.1142806 0.1415562 0.1343447 0.1335476 0.1327515 0.1295752 0.1311616 0.1311616 0.1351425 0.1323537 0.1339460 0.1335476 0.1347435 0.1319561 
taxon_6    0.1500583 0.1644461 0.1383425 0.1323537 0.0831054 0.0000000 0.0716492 0.0574808 0.0887122 0.0868386 0.0913431 0.0951177 0.0992917 0.0932280 0.1057885 0.1008153 0.0779100 0.1073254 0.0966328 0.1135046 0.1073254 0.1084802 0.1042548 0.1096367 0.1046380 0.0962537 0.1015783 0.1031066 0.1050213 0.0989113 0.1050213 0.0954962 0.1050213 0.1154461 0.1138925 0.1411537 0.1177826 0.1411537 0.1335476 0.1355418 0.1359412 0.1283876 0.1331494 0.1343447 0.1387435 0.1343447 0.1327515 0.1339460 0.1367408 0.1351425 
taxon_7    0.1541410 0.1644461 0.1403495 0.1347435 0.0868386 0.0716492 0.0000000 0.0320066 0.0932280 0.0890875 0.0936056 0.0977712 0.1011967 0.0962537 0.1057885 0.1019601 0.0819891 0.1100226 0.0977712 0.1162241 0.1119551 0.1123421 0.1080950 0.1100226 0.1069409 0.0981510 0.1046380 0.1057885 0.1046380 0.1015783 0.1088655 0.1011967 0.1088655 0.1197352 0.1177826 0.1443795 0.1209092 0.1464027 0.1383425 0.1387435 0.1367408 0.1335476 0.1355418 0.1383425 0.1403495 0.1367408 0.1391446 0.1347435 0.1383425 0.1387435 
taxon_8    0.1403495 0.1508730 0.1260179 0.1209092 0.0731176 0.0574808 0.0320066 0.0000000 0.0805032 0.0768013 0.0812458 0.0875875 0.0905905 0.0842235 0.0962537 0.0905905 0.0694520 0.0973915 0.0864645 0.1038719 0.0966328 0.0989113 0.0943612 0.0977712 0.0939833 0.0857167 0.0905905 0.0924735 0.0913431 0.0883371 0.0939833 0.0864645 0.0954962 0.1057885 0.1034891 0.1331494 0.1080950 0.1335476 0.1252297 0.1252297 0.1252297 0.1189535 0.1220850 0.1240489 0.1291791 0.1240489 0.1260179 0.1244423 0.1264123 0.1260179 
taxon_9    0.1557803 0.1652766 0.1399476 0.1339460 0.0887122 0.0887122 0.0932280 0.0805032 0.0000000 0.0838506 0.0890875 0.1008153 0.1054048 0.0973915 0.1146689 0.1073254 0.0860905 0.1092510 0.1031066 0.1197352 0.1138925 0.1170029 0.1119551 0.1142806 0.1131169 0.1042548 0.1107950 0.1111815 0.1111815 0.1073254 0.1142806 0.1054048 0.1119551 0.1232627 0.1209092 0.1492444 0.1244423 0.1508730 0.1431682 0.1423618 0.1395460 0.1367408 0.1427649 0.1431682 0.1472135 0.1407515 0.1427649 0.1439755 0.1439755 0.1447837 
taxon_10   0.1529138 0.1644461 0.1407515 0.1355418 0.0842235 0.0868386 0.0890875 0.0768013 0.0838506 0.0000000 0.0603654 0.0966328 0.1023420 0.0954962 0.1096367 0.1034891 0.0834779 0.1092510 0.0992917 0.1146689 0.1096367 0.1111815 0.1050213 0.1077101 0.1065566 0.0954962 0.0992917 0.1008153 0.1042548 0.1011967 0.1054048 0.1011967 0.1061725 0.1170029 0.1162241 0.1451881 0.1185630 0.1431682 0.1359412 0.1383425 0.1379418 0.1339460 0.1391446 0.1375412 0.1423618 0.1375412 0.1379418 0.1371409 0.1391446 0.1387435 
taxon_11   0.1586578 0.1698612 0.1476192 0.1411537 0.0883371 0.0913431 0.0936056 0.0812458 0.0890875 0.0603654 0.0000000 0.1034891 0.1061725 0.1004341 0.1150574 0.1092510 0.0879622 0.1166134 0.1042548 0.1220850 0.1150574 0.1162241 0.1127294 0.1123421 0.1111815 0.1038719 0.1084802 0.1088655 0.1107950 0.1042548 0.1127294 0.1031066 0.1123421 0.1209092 0.1189535 0.1476192 0.1236557 0.1508730 0.1447837 0.1447837 0.1423618 0.1391446 0.1415562 0.1415562 0.1464027 0.1443795 0.1423618 0.1451881 0.1435718 0.1431682 
taxon_12   0.1439755 0.1578345 0.1351425 0.1283876 0.0928507 0.0951177 0.0977712 0.0875875 0.1008153 0.0966328 0.1034891 0.0000000 0.0782799 0.0731176 0.0849697 0.0779100 0.0738529 0.1019601 0.0924735 0.1069409 0.1038719 0.1038719 0.1008153 0.1046380 0.0985311 0.0913431 0.0973915 0.0989113 0.1015783 0.0962537 0.1008153 0.0936056 0.1008153 0.1092510 0.1084802 0.1355418 0.1142806 0.1391446 0.1323537 0.1339460 0.1339460 0.1268069 0.1311616 0.1327515 0.1379418 0.1299715 0.1323537 0.1311616 0.1331494 0.1307647 
taxon_13   0.1533227 0.1623737 0.1407515 0.1351425 0.0970121 0.0992917 0.1011967 0.0905905 0.1054048 0.1023420 0.1061725 0.0782799 0.0000000 0.0628985 0.0902145 0.0842235 0.0771707 0.1057885 0.0958749 0.1146689 0.1061725 0.1084802 0.1054048 0.1088655 0.1031066 0.0966328 0.1015783 0.1023420 0.1046380 0.1004341 0.1042548 0.0985311 0.1042548 0.1154461 0.1131169 0.1427649 0.1181727 0.1447837 0.1383425 0.1367408 0.1359412 0.1295752 0.1343447 0.1347435 0.1375412 0.1339460 0.1335476 0.1367408 0.1383425 0.1347435 
taxon_14   0.1451881 0.1533227 0.1319561 0.1256237 0.0898386 0.0932280 0.0962537 0.0842235 0.0973915 0.0954962 0.1004341 0.0731176 0.0628985 0.0000000 0.0838506 0.0779100 0.0705498 0.0996723 0.0868386 0.1050213 0.0985311 0.1004341 0.0970121 0.1004341 0.0958749 0.0864645 0.0943612 0.0947394 0.0951177 0.0928507 0.0977712 0.0920965 0.0962537 0.1069409 0.1050213 0.1327515 0.1073254 0.1335476 0.1260179 0.1287832 0.1268069 0.1232627 0.1256237 0.1260179 0.1287832 0.1260179 0.1256237 0.1272018 0.1260179 0.1244423 
taxon_15   0.1553701 0.1673571 0.1431682 0.1363409 0.1034891 0.1057885 0.1057885 0.0962537 0.1146689 0.1096367 0.1150574 0.0849697 0.0902145 0.0838506 0.0000000 0.0879622 0.0845965 0.1138925 0.0996723 0.1173926 0.1123421 0.1150574 0.1104087 0.1135046 0.1096367 0.1019601 0.1084802 0.1107950 0.1065566 0.1046380 0.1115682 0.1054048 0.1100226 0.1197352 0.1177826 0.1447837 0.1216929 0.1468080 0.1407515 0.1375412 0.1363409 0.1363409 0.1399476 0.1411537 0.1447837 0.1387435 0.1399476 0.1419589 0.1411537 0.1395460 
taxon_16   0.1496512 0.1603070 0.1371409 0.1323537 0.0992917 0.1008153 0.1019601 0.0905905 0.1073254 0.1034891 0.1092510 0.0779100 0.0842235 0.0779100 0.0879622 0.0000000 0.0771707 0.1084802 0.0947394 0.1138925 0.1057885 0.1080950 0.1034891 0.1096367 0.1046380 0.0958749 0.0989113 0.1027242 0.1027242 0.0992917 0.1034891 0.0989113 0.1073254 0.1170029 0.1154461 0.1423618 0.1177826 0.1419589 0.1363409 0.1371409 0.1359412 0.1315588 0.1343447 0.1343447 0.1407515 0.1343447 0.1367408 0.1359412 0.1379418 0.1367408 
taxon_17   0.1295752 0.1395460 0.1158350 0.1107950 0.0749572 0.0779100 0.0819891 0.0694520 0.0860905 0.0834779 0.0879622 0.0738529 0.0771707 0.0705498 0.0845965 0.0771707 0.0000000 0.0679907 0.0592823 0.0898386 0.0860905 0.0864645 0.0842235 0.0857167 0.0842235 0.0745890 0.0805032 0.0819891 0.0827331 0.0760632 0.0853431 0.0782799 0.0842235 0.0943612 0.0924735 0.1185630 0.0954962 0.1205176 0.1123421 0.1131169 0.1127294 0.1080950 0.1131169 0.1123421 0.1185630 0.1135046 0.1131169 0.1150574 0.1154461 0.1131169 
taxon_18   0.1594820 0.1727933 0.1480252 0.1423618 0.1038719 0.1073254 0.1100226 0.0973915 0.1092510 0.1092510 0.1166134 0.1019601 0.1057885 0.0996723 0.1138925 0.1084802 0.0679907 0.0000000 0.0690864 0.1197352 0.1138925 0.1146689 0.1107950 0.1154461 0.1135046 0.1050213 0.1092510 0.1096367 0.1123421 0.1077101 0.1158350 0.1069409 0.1142806 0.1248359 0.1236557 0.1500583 0.1264123 0.1512807 0.1443795 0.1451881 0.1435718 0.1367408 0.1435718 0.1431682 0.1484314 0.1435718 0.1427649 0.1415562 0.1431682 0.1423618 
taxon_19   0.1484314 0.1611330 0.1339460 0.1287832 0.0951177 0.0966328 0.0977712 0.0864645 0.1031066 0.0992917 0.1042548 0.0924735 0.0958749 0.0868386 0.0996723 0.0947394 0.0592823 0.0690864 0.0000000 0.1115682 0.1023420 0.1065566 0.1015783 0.1054048 0.1000531 0.0943612 0.0985311 0.1011967 0.1011967 0.0977712 0.1034891 0.0958749 0.1011967 0.1127294 0.1111815 0.1403495 0.1146689 0.1403495 0.1335476 0.1307647 0.1299715 0.1279921 0.1295752 0.1323537 0.1363409 0.1335476 0.1323537 0.1319561 0.1335476 0.1315588 
taxon_20   0.1512807 0.1656923 0.1391446 0.1351425 0.1107950 0.1135046 0.1162241 0.1038719 0.1197352 0.1146689 0.1220850 0.1069409 0.1146689 0.1050213 0.1173926 0.1138925 0.0898386 0.1197352 0.1115682 0.0000000 0.1084802 0.1115682 0.1042548 0.1084802 0.1034891 0.0989113 0.1027242 0.1057885 0.1077101 0.1004341 0.1096367 0.1027242 0.1057885 0.1177826 0.1162241 0.1447837 0.1228700 0.1472135 0.1407515 0.1415562 0.1407515 0.1339460 0.1407515 0.1387435 0.1459976 0.1423618 0.1431682 0.1435718 0.1427649 0.1411537 
taxon_21   0.1480252 0.1594820 0.1367408 0.1315588 0.1050213 0.1073254 0.1119551 0.0966328 0.1138925 0.1096367 0.1150574 0.1038719 0.1061725 0.0985311 0.1123421 0.1057885 0.0860905 0.1138925 0.1023420 0.1084802 0.0000000 0.0853431 0.0805032 0.0868386 0.0801322 0.0734852 0.0786500 0.0808744 0.0827331 0.0793907 0.0962537 0.0928507 0.0989113 0.1077101 0.1050213 0.1411537 0.1173926 0.1411537 0.1323537 0.1347435 0.1327515 0.1291791 0.1343447 0.1339460 0.1379418 0.1351425 0.1351425 0.1375412 0.1347435 0.1335476 
taxon_22   0.1512807 0.1607199 0.1379418 0.1335476 0.1065566 0.1084802 0.1123421 0.0989113 0.1170029 0.1111815 0.1162241 0.1038719 0.1084802 0.1004341 0.1150574 0.1080950 0.0864645 0.1146689 0.1065566 0.1115682 0.0853431 0.0000000 0.0481816 0.0827331 0.0756943 0.0694520 0.0805032 0.0831054 0.0853431 0.0816173 0.1015783 0.0920965 0.0989113 0.1088655 0.1073254 0.1403495 0.1146689 0.1391446 0.1335476 0.1359412 0.1355418 0.1311616 0.1339460 0.1339460 0.1343447 0.1331494 0.1347435 0.1331494 0.1355418 0.1363409 
taxon_23   0.1472135 0.1582460 0.1339460 0.1295752 0.1008153 0.1042548 0.1080950 0.0943612 0.1119551 0.1050213 0.1127294 0.1008153 0.1054048 0.0970121 0.1104087 0.1034891 0.0842235 0.1107950 0.1015783 0.1042548 0.0805032 0.0481816 0.0000000 0.0801322 0.0720161 0.0661681 0.0771707 0.0779100 0.0816173 0.0771707 0.0966328 0.0894630 0.0962537 0.1057885 0.1042548 0.1355418 0.1104087 0.1363409 0.1275968 0.1319561 0.1315588 0.1283876 0.1311616 0.1315588 0.1323537 0.1291791 0.1315588 0.1303680 0.1323537 0.1299715 
taxon_24   0.1504655 0.1590698 0.1363409 0.1303680 0.1054048 0.1096367 0.1100226 0.0977712 0.1142806 0.1077101 0.1123421 0.1046380 0.1088655 0.1004341 0.1135046 0.1096367 0.0857167 0.1154461 0.1054048 0.1084802 0.0868386 0.0827331 0.0801322 0.0000000 0.0771707 0.0705498 0.0808744 0.0834779 0.0831054 0.0793907 0.0992917 0.0939833 0.0992917 0.1096367 0.1084802 0.1387435 0.1127294 0.1383425 0.1315588 0.1319561 0.1307647 0.1283876 0.1299715 0.1327515 0.1359412 0.1339460 0.1351425 0.1335476 0.1343447 0.1331494 
taxon_25   0.1439755 0.1549602 0.1299715 0.1256237 0.1011967 0.1046380 0.1069409 0.0939833 0.1131169 0.1065566 0.1111815 0.0985311 0.1031066 0.0958749 0.1096367 0.1046380 0.0842235 0.1135046 0.1000531 0.1034891 0.0801322 0.0756943 0.0720161 0.0771707 0.0000000 0.0361927 0.0771707 0.0768013 0.0801322 0.0768013 0.0947394 0.0905905 0.0947394 0.1057885 0.1031066 0.1339460 0.1088655 0.1351425 0.1279921 0.1307647 0.1291791 0.1232627 0.1279921 0.1295752 0.1307647 0.1283876 0.1287832 0.1287832 0.1311616 0.1283876 
taxon_26   0.1379418 0.1464027 0.1228700 0.1201263 0.0939833 0.0962537 0.0981510 0.0857167 0.1042548 0.0954962 0.1038719 0.0913431 0.0966328 0.0864645 0.1019601 0.0958749 0.0745890 0.1050213 0.0943612 0.0989113 0.0734852 0.0694520 0.0661681 0.0705498 0.0361927 0.0000000 0.0698177 0.0683557 0.0727503 0.0687210 0.0860905 0.0827331 0.0883371 0.0981510 0.0966328 0.1260179 0.1027242 0.1268069 0.1205176 0.1220850 0.1205176 0.1166134 0.1205176 0.1216929 0.1244423 0.1213009 0.1216929 0.1232627 0.1232627 0.1197352 
taxon_27   0.1415562 0.1529138 0.1311616 0.1252297 0.0966328 0.1015783 0.1046380 0.0905905 0.1107950 0.0992917 0.1084802 0.0973915 0.1015783 0.0943612 0.1084802 0.0989113 0.0805032 0.1092510 0.0985311 0.1027242 0.0786500 0.0805032 0.0771707 0.0808744 0.0771707 0.0698177 0.0000000 0.0330510 0.0734852 0.0698177 0.0924735 0.0864645 0.0943612 0.1034891 0.1015783 0.1355418 0.1092510 0.1327515 0.1248359 0.1275968 0.1252297 0.1213009 0.1256237 0.1264123 0.1295752 0.1252297 0.1264123 0.1283876 0.1291791 0.1268069 
taxon_28   0.1451881 0.1570122 0.1331494 0.1283876 0.0970121 0.1031066 0.1057885 0.0924735 0.1111815 0.1008153 0.1088655 0.0989113 0.1023420 0.0947394 0.1107950 0.1027242 0.0819891 0.1096367 0.1011967 0.1057885 0.0808744 0.0831054 0.0779100 0.0834779 0.0768013 0.0683557 0.0330510 0.0000000 0.0749572 0.0716492 0.0939833 0.0898386 0.0954962 0.1073254 0.1054048 0.1343447 0.1096367 0.1335476 0.1256237 0.1303680 0.1291791 0.1248359 0.1275968 0.1295752 0.1323537 0.1279921 0.1299715 0.1303680 0.1319561 0.1299715 
taxon_29   0.1484314 0.1582460 0.1351425 0.1315588 0.1019601 0.1050213 0.1046380 0.0913431 0.1111815 0.1042548 0.1107950 0.1015783 0.1046380 0.0951177 0.1065566 0.1027242 0.0827331 0.1123421 0.1011967 0.1077101 0.0827331 0.0853431 0.0816173 0.0831054 0.0801322 0.0727503 0.0734852 0.0749572 0.0000000 0.0496048 0.0928507 0.0883371 0.0966328 0.1061725 0.1050213 0.1379418 0.1119551 0.1335476 0.1236557 0.1291791 0.1303680 0.1236557 0.1275968 0.1299715 0.1347435 0.1307647 0.1299715 0.1339460 0.1327515 0.1315588 
taxon_30   0.1427649 0.1537317 0.1295752 0.1240489 0.0962537 0.0989113 0.1015783 0.0883371 0.1073254 0.1011967 0.1042548 0.0962537 0.1004341 0.0928507 0.1046380 0.0992917 0.0760632 0.1077101 0.0977712 0.1004341 0.0793907 0.0816173 0.0771707 0.0793907 0.0768013 0.0687210 0.0698177 0.0716492 0.0496048 0.0000000 0.0902145 0.0853431 0.0928507 0.1008153 0.0996723 0.1323537 0.1084802 0.1335476 0.1248359 0.1268069 0.1264123 0.1181727 0.1264123 0.1252297 0.1291791 0.1268069 0.1256237 0.1283876 0.1287832 0.1272018 
taxon_31   0.1455928 0.1582460 0.1351425 0.1299715 0.1027242 0.1050213 0.1088655 0.0939833 0.1142806 0.1054048 0.1127294 0.1008153 0.1042548 0.0977712 0.1115682 0.1034891 0.0853431 0.1158350 0.1034891 0.1096367 0.0962537 0.1015783 0.0966328 0.0992917 0.0947394 0.0860905 0.0924735 0.0939833 0.0928507 0.0902145 0.0000000 0.0860905 0.0932280 0.1054048 0.1038719 0.1387435 0.1146689 0.1403495 0.1323537 0.1307647 0.1315588 0.1295752 0.1315588 0.1323537 0.1367408 0.1319561 0.1311616 0.1331494 0.1339460 0.1323537 
taxon_32   0.1391446 0.1508730 0.1279921 0.1228700 0.0962537 0.0954962 0.1011967 0.0864645 0.1054048 0.1011967 0.1031066 0.0936056 0.0985311 0.0920965 0.1054048 0.0989113 0.0782799 0.1069409 0.0958749 0.1027242 0.0928507 0.0920965 0.0894630 0.0939833 0.0905905 0.0827331 0.0864645 0.0898386 0.0883371 0.0853431 0.0860905 0.0000000 0.0768013 0.0860905 0.0842235 0.1331494 0.1096367 0.1359412 0.1260179 0.1268069 0.1256237 0.1209092 0.1264123 0.1283876 0.1287832 0.1252297 0.1256237 0.1272018 0.1315588 0.1275968 
taxon_33   0.1459976 0.1561907 0.1331494 0.1272018 0.1027242 0.1050213 0.1088655 0.0954962 0.1119551 0.1061725 0.1123421 0.1008153 0.1042548 0.0962537 0.1100226 0.1073254 0.0842235 0.1142806 0.1011967 0.1057885 0.0989113 0.0989113 0.0962537 0.0992917 0.0947394 0.0883371 0.0943612 0.0954962 0.0966328 0.0928507 0.0932280 0.0768013 0.0000000 0.0474711 0.0460520 0.1347435 0.1135046 0.1391446 0.1315588 0.1327515 0.1307647 0.1275968 0.1323537 0.1343447 0.1343447 0.1307647 0.1295752 0.1307647 0.1327515 0.1319561 
taxon_34   0.1586578 0.1656923 0.1455928 0.1383425 0.1135046 0.1154461 0.1197352 0.1057885 0.1232627 0.1170029 0.1209092 0.1092510 0.1154461 0.1069409 0.1197352 0.1170029 0.0943612 0.1248359 0.1127294 0.1177826 0.1077101 0.1088655 0.1057885 0.1096367 0.1057885 0.0981510 0.1034891 0.1073254 0.1061725 0.1008153 0.1054048 0.0860905 0.0474711 0.0000000 0.0161731 0.1468080 0.1244423 0.1504655 0.1423618 0.1415562 0.1411537 0.1359412 0.1395460 0.1427649 0.1447837 0.1387435 0.1403495 0.1411537 0.1423618 0.1419589 
taxon_35   0.1566013 0.1656923 0.1435718 0.1363409 0.1119551 0.1138925 0.1177826 0.1034891 0.1209092 0.1162241 0.1189535 0.1084802 0.1131169 0.1050213 0.1177826 0.1154461 0.0924735 0.1236557 0.1111815 0.1162241 0.1050213 0.1073254 0.1042548 0.1084802 0.1031066 0.0966328 0.1015783 0.1054048 0.1050213 0.0996723 0.1038719 0.0842235 0.0460520 0.0161731 0.0000000 0.1451881 0.1224774 0.1484314 0.1395460 0.1399476 0.1391446 0.1339460 0.1371409 0.1411537 0.1423618 0.1375412 0.1391446 0.1395460 0.1407515 0.1411537 
taxon_36   0.1582460 0.1686081 0.1468080 0.1411537 0.1423618 0.1411537 0.1443795 0.1331494 0.1492444 0.1451881 0.1476192 0.1355418 0.1427649 0.1327515 0.1447837 0.1423618 0.1185630 0.1500583 0.1403495 0.1447837 0.1411537 0.1403495 0.1355418 0.1387435 0.1339460 0.1260179 0.1355418 0.1343447 0.1379418 0.1323537 0.1387435 0.1331494 0.1347435 0.1468080 0.1451881 0.0000000 0.0808744 0.1061725 0.1019601 0.1216929 0.1205176 0.1162241 0.1205176 0.1220850 0.1272018 0.1209092 0.1232627 0.1256237 0.1256237 0.1232627 
taxon_37   0.1395460 0.1496512 0.1252297 0.1201263 0.1142806 0.1177826 0.1209092 0.1080950 0.1244423 0.1185630 0.1236557 0.1142806 0.1181727 0.1073254 0.1216929 0.1177826 0.0954962 0.1264123 0.1146689 0.1228700 0.1173926 0.1146689 0.1104087 0.1127294 0.1088655 0.1027242 0.1092510 0.1096367 0.1119551 0.1084802 0.1146689 0.1096367 0.1135046 0.1244423 0.1224774 0.0808744 0.0000000 0.0560426 0.0503174 0.1004341 0.0981510 0.0958749 0.0985311 0.0985311 0.1038719 0.0981510 0.1015783 0.1019601 0.1038719 0.1015783 
taxon_38   0.1648612 0.1770020 0.1504655 0.1451881 0.1415562 0.1411537 0.1464027 0.1335476 0.1508730 0.1431682 0.1508730 0.1391446 0.1447837 0.1335476 0.1468080 0.1419589 0.1205176 0.1512807 0.1403495 0.1472135 0.1411537 0.1391446 0.1363409 0.1383425 0.1351425 0.1268069 0.1327515 0.1335476 0.1335476 0.1335476 0.1403495 0.1359412 0.1391446 0.1504655 0.1484314 0.1061725 0.0560426 0.0000000 0.0471161 0.1256237 0.1220850 0.1213009 0.1224774 0.1232627 0.1299715 0.1228700 0.1248359 0.1272018 0.1275968 0.1252297 
taxon_39   0.1557803 0.1686081 0.1427649 0.1375412 0.1343447 0.1335476 0.1383425 0.1252297 0.1431682 0.1359412 0.1447837 0.1323537 0.1383425 0.1260179 0.1407515 0.1363409 0.1123421 0.1443795 0.1335476 0.1407515 0.1323537 0.1335476 0.1275968 0.1315588 0.1279921 0.1205176 0.1248359 0.1256237 0.1236557 0.1248359 0.1323537 0.1260179 0.1315588 0.1423618 0.1395460 0.1019601 0.0503174 0.0471161 0.0000000 0.1197352 0.1181727 0.1150574 0.1181727 0.1201263 0.1232627 0.1173926 0.1201263 0.1213009 0.1224774 0.1197352 
taxon_40   0.1525052 0.1669405 0.1403495 0.1351425 0.1335476 0.1355418 0.1387435 0.1252297 0.1423618 0.1383425 0.1447837 0.1339460 0.1367408 0.1287832 0.1375412 0.1371409 0.1131169 0.1451881 0.1307647 0.1415562 0.1347435 0.1359412 0.1319561 0.1319561 0.1307647 0.1220850 0.1275968 0.1303680 0.1291791 0.1268069 0.1307647 0.1268069 0.1327515 0.1415562 0.1399476 0.1216929 0.1004341 0.1256237 0.1197352 0.0000000 0.0418107 0.0875875 0.0905905 0.0920965 0.1092510 0.1034891 0.1077101 0.1100226 0.1077101 0.1054048 
taxon_41   0.1500583 0.1644461 0.1395460 0.1327515 0.1327515 0.1359412 0.1367408 0.1252297 0.1395460 0.1379418 0.1423618 0.1339460 0.1359412 0.1268069 0.1363409 0.1359412 0.1127294 0.1435718 0.1299715 0.1407515 0.1327515 0.1355418 0.1315588 0.1307647 0.1291791 0.1205176 0.1252297 0.1291791 0.1303680 0.1264123 0.1315588 0.1256237 0.1307647 0.1411537 0.1391446 0.1205176 0.0981510 0.1220850 0.1181727 0.0418107 0.0000000 0.0864645 0.0894630 0.0920965 0.1084802 0.1057885 0.1069409 0.1084802 0.1080950 0.1050213 
taxon_42   0.1504655 0.1607199 0.1363409 0.1311616 0.1295752 0.1283876 0.1335476 0.1189535 0.1367408 0.1339460 0.1391446 0.1268069 0.1295752 0.1232627 0.1363409 0.1315588 0.1080950 0.1367408 0.1279921 0.1339460 0.1291791 0.1311616 0.1283876 0.1283876 0.1232627 0.1166134 0.1213009 0.1248359 0.1236557 0.1181727 0.1295752 0.1209092 0.1275968 0.1359412 0.1339460 0.1162241 0.0958749 0.1213009 0.1150574 0.0875875 0.0864645 0.0000000 0.0672611 0.0672611 0.1057885 0.1008153 0.1008153 0.1042548 0.1023420 0.1019601 
taxon_43   0.1557803 0.1644461 0.1395460 0.1359412 0.1311616 0.1331494 0.1355418 0.1220850 0.1427649 0.1391446 0.1415562 0.1311616 0.1343447 0.1256237 0.1399476 0.1343447 0.1131169 0.1435718 0.1295752 0.1407515 0.1343447 0.1339460 0.1311616 0.1299715 0.1279921 0.1205176 0.1256237 0.1275968 0.1275968 0.1264123 0.1315588 0.1264123 0.1323537 0.1395460 0.1371409 0.1205176 0.0985311 0.1224774 0.1181727 0.0905905 0.0894630 0.0672611 0.0000000 0.0524592 0.1092510 0.1065566 0.1057885 0.1073254 0.1084802 0.1042548 
taxon_44   0.1566013 0.1669405 0.1423618 0.1379418 0.1311616 0.1343447 0.1383425 0.1240489 0.1431682 0.1375412 0.1415562 0.1327515 0.1347435 0.1260179 0.1411537 0.1343447 0.1123421 0.1431682 0.1323537 0.1387435 0.1339460 0.1339460 0.1315588 0.1327515 0.1295752 0.1216929 0.1264123 0.1295752 0.1299715 0.1252297 0.1323537 0.1283876 0.1343447 0.1427649 0.1411537 0.1220850 0.0985311 0.1232627 0.1201263 0.0920965 0.0920965 0.0672611 0.0524592 0.0000000 0.1111815 0.1080950 0.1077101 0.1107950 0.1077101 0.1069409 
taxon_45   0.1594820 0.1723737 0.1472135 0.1411537 0.1351425 0.1387435 0.1403495 0.1291791 0.1472135 0.1423618 0.1464027 0.1379418 0.1375412 0.1287832 0.1447837 0.1407515 0.1185630 0.1484314 0.1363409 0.1459976 0.1379418 0.1343447 0.1323537 0.1359412 0.1307647 0.1244423 0.1295752 0.1323537 0.1347435 0.1291791 0.1367408 0.1287832 0.1343447 0.1447837 0.1423618 0.1272018 0.1038719 0.1299715 0.1232627 0.1092510 0.1084802 0.1057885 0.1092510 0.1111815 0.0000000 0.0947394 0.0951177 0.1027242 0.1054048 0.1031066 
taxon_46   0.1570122 0.1686081 0.1451881 0.1387435 0.1323537 0.1343447 0.1367408 0.1240489 0.1407515 0.1375412 0.1443795 0.1299715 0.1339460 0.1260179 0.1387435 0.1343447 0.1135046 0.1435718 0.1335476 0.1423618 0.1351425 0.1331494 0.1291791 0.1339460 0.1283876 0.1213009 0.1252297 0.1279921 0.1307647 0.1268069 0.1319561 0.1252297 0.1307647 0.1387435 0.1375412 0.1209092 0.0981510 0.1228700 0.1173926 0.1034891 0.1057885 0.1008153 0.1065566 0.1080950 0.0947394 0.0000000 0.0790203 0.0966328 0.0977712 0.0977712 
taxon_47   0.1541410 0.1681908 0.1419589 0.1363409 0.1339460 0.1327515 0.1391446 0.1260179 0.1427649 0.1379418 0.1423618 0.1323537 0.1335476 0.1256237 0.1399476 0.1367408 0.1131169 0.1427649 0.1323537 0.1431682 0.1351425 0.1347435 0.1315588 0.1351425 0.1287832 0.1216929 0.1264123 0.1299715 0.1299715 0.1256237 0.1311616 0.1256237 0.1295752 0.1403495 0.1391446 0.1232627 0.1015783 0.1248359 0.1201263 0.1077101 0.1069409 0.1008153 0.1057885 0.1077101 0.0951177 0.0790203 0.0000000 0.0981510 0.1000531 0.1000531 
taxon_48   0.1553701 0.1677738 0.1411537 0.1367408 0.1335476 0.1339460 0.1347435 0.1244423 0.1439755 0.1371409 0.1451881 0.1311616 0.1367408 0.1272018 0.1419589 0.1359412 0.1150574 0.1415562 0.1319561 0.1435718 0.1375412 0.1331494 0.1303680 0.1335476 0.1287832 0.1232627 0.1283876 0.1303680 0.1339460 0.1283876 0.1331494 0.1272018 0.1307647 0.1411537 0.1395460 0.1256237 0.1019601 0.1272018 0.1213009 0.1100226 0.1084802 0.1042548 0.1073254 0.1107950 0.1027242 0.0966328 0.0981510 0.0000000 0.0920965 0.0905905 
taxon_49   0.1566013 0.1702794 0.1439755 0.1387435 0.1347435 0.1367408 0.1383425 0.1264123 0.1439755 0.1391446 0.1435718 0.1331494 0.1383425 0.1260179 0.1411537 0.1379418 0.1154461 0.1431682 0.1335476 0.1427649 0.1347435 0.1355418 0.1323537 0.1343447 0.1311616 0.1232627 0.1291791 0.1319561 0.1327515 0.1287832 0.1339460 0.1315588 0.1327515 0.1423618 0.1407515 0.1256237 0.1038719 0.1275968 0.1224774 0.1077101 0.1080950 0.1023420 0.1084802 0.1077101 0.1054048 0.0977712 0.1000531 0.0920965 0.0000000 0.0756943 
taxon_50   0.1508730 0.1623737 0.1387435 0.1331494 0.1319561 0.1351425 0.1387435 0.1260179 0.1447837 0.1387435 0.1431682 0.1307647 0.1347435 0.1244423 0.1395460 0.1367408 0.1131169 0.1423618 0.1315588 0.1411537 0.1335476 0.1363409 0.1299715 0.1331494 0.1283876 0.1197352 0.1268069 0.1299715 0.1315588 0.1272018 0.1323537 0.1275968 0.1319561 0.1419589 0.1411537 0.1232627 0.1015783 0.1252297 0.1197352 0.1054048 0.1050213 0.1019601 0.1042548 0.1069409 0.1031066 0.0977712 0.1000531 0.0905905 0.0756943 0.0000000 
