30
taxon_1    0.0000000 9.0000000 0.8022757 9.0000000 0.8091072 0.8100883 0.7793147 0.7983997 9.0000000 0.8071490 0.8179831 9.0000000 9.0000000 9.0000000 9.0000000 0.7849894 9.0000000 0.8169917 0.8249599 0.8239592 0.7887965 0.8150128 9.0000000 9.0000000 9.0000000 9.0000000 9.0000000 9.0000000 0.8013048 9.0000000 
taxon_2    9.0000000 0.0000000 9.0000000 0.7916646 9.0000000 9.0000000 9.0000000 9.0000000 0.8042212 9.0000000 9.0000000 0.7774327 0.8330136 0.7849894 0.8013048 9.0000000 0.7625438 9.0000000 9.0000000 9.0000000 9.0000000 9.0000000 0.7993668 0.7774327 0.7793147 0.8100883 0.7680926 0.8091072 9.0000000 0.7764934 
taxon_3    0.8022757 9.0000000 0.0000000 2.0161857 0.5567531 0.8071490 0.7793147 0.7802575 9.0000000 0.8189758 0.7887965 9.0000000 9.0000000 9.0000000 9.0000000 0.7897513 9.0000000 0.7993668 0.8003352 0.7690214 0.7916646 0.8279699 9.0000000 9.0000000 9.0000000 9.0000000 9.0000000 9.0000000 0.8140253 9.0000000 
taxon_4    9.0000000 0.7916646 2.0161857 0.0000000 2.1212522 9.0000000 9.0000000 9.0000000 0.8081275 9.0000000 9.0000000 0.8249599 0.8130391 0.8199698 0.8401323 9.0000000 0.7812015 9.0000000 9.0000000 9.0000000 9.0000000 9.0000000 0.8042212 0.7945437 0.8091072 0.8249599 0.8199698 0.8504206 9.0000000 0.8160016 
taxon_5    0.8091072 9.0000000 0.5567531 2.1212522 0.0000000 0.7926231 0.8022757 0.7887965 9.0000000 0.8061718 0.8022757 9.0000000 9.0000000 9.0000000 9.0000000 0.7974339 9.0000000 0.8504206 0.8249599 0.8051959 0.7916646 0.8289760 9.0000000 9.0000000 9.0000000 9.0000000 9.0000000 9.0000000 0.7916646 9.0000000 
taxon_6    0.8100883 9.0000000 0.8071490 9.0000000 0.7926231 0.0000000 0.6562017 0.6248819 9.0000000 0.7607034 0.7345116 9.0000000 9.0000000 9.0000000 9.0000000 0.8071490 9.0000000 0.8269652 0.7974339 0.7868906 0.8239592 0.8249599 9.0000000 9.0000000 9.0000000 9.0000000 9.0000000 9.0000000 0.8442307 9.0000000 
taxon_7    0.7793147 9.0000000 0.7793147 9.0000000 0.8022757 0.6562017 0.0000000 0.4988248 9.0000000 0.7653131 0.7812015 9.0000000 9.0000000 9.0000000 9.0000000 0.8432040 9.0000000 0.8209652 0.8140253 0.7868906 0.7634658 0.8442307 9.0000000 9.0000000 9.0000000 9.0000000 9.0000000 9.0000000 0.8462883 9.0000000 
taxon_8    0.7983997 9.0000000 0.7802575 9.0000000 0.7887965 0.6248819 0.4988248 0.0000000 9.0000000 0.7265657 0.7283242 9.0000000 9.0000000 9.0000000 9.0000000 0.8249599 9.0000000 0.7868906 0.8130391 0.8003352 0.8081275 0.8279699 9.0000000 9.0000000 9.0000000 9.0000000 9.0000000 9.0000000 0.8061718 9.0000000 
taxon_9    9.0000000 0.8042212 9.0000000 0.8081275 9.0000000 9.0000000 9.0000000 9.0000000 0.0000000 9.0000000 9.0000000 0.6930742 0.7152349 0.7974339 0.8219619 9.0000000 0.7764934 9.0000000 9.0000000 9.0000000 9.0000000 9.0000000 0.7887965 0.8032478 0.8209652 0.8209652 0.8003352 0.8169917 9.0000000 0.8110706 
taxon_10   0.8071490 9.0000000 0.8189758 9.0000000 0.8061718 0.7607034 0.7653131 0.7265657 9.0000000 0.0000000 0.6634326 9.0000000 5.2691537 9.0000000 9.0000000 0.8150128 9.0000000 0.7945437 0.8209652 0.8269652 0.8091072 0.8061718 9.0000000 9.0000000 9.0000000 9.0000000 9.0000000 9.0000000 0.8189758 9.0000000 
taxon_11   0.8179831 9.0000000 0.7887965 9.0000000 0.8022757 0.7345116 0.7812015 0.7283242 9.0000000 0.6634326 0.0000000 3.4054735 4.4451945 9.0000000 9.0000000 0.7935828 9.0000000 0.7755553 0.7859394 0.7821467 0.7974339 0.7690214 9.0000000 9.0000000 9.0000000 9.0000000 9.0000000 9.0000000 0.8269652 9.0000000 
taxon_12   9.0000000 0.7774327 9.0000000 0.8249599 9.0000000 9.0000000 9.0000000 9.0000000 0.6930742 9.0000000 3.4054735 0.0000000 0.4342689 0.8462883 0.8219619 9.0000000 0.8411548 9.0000000 9.0000000 9.0000000 9.0000000 9.0000000 0.8452588 0.8462883 0.8140253 0.8299833 0.7830931 0.8380915 9.0000000 0.8042212 
taxon_13   9.0000000 0.8330136 9.0000000 0.8130391 9.0000000 9.0000000 9.0000000 9.0000000 0.7152349 5.2691537 4.4451945 0.4342689 0.0000000 0.8091072 0.8003352 9.0000000 0.8229599 9.0000000 9.0000000 9.0000000 9.0000000 9.0000000 0.8189758 0.8452588 0.8120542 0.7718147 0.7783731 0.7916646 9.0000000 0.7926231 
taxon_14   9.0000000 0.7849894 9.0000000 0.8199698 9.0000000 9.0000000 9.0000000 9.0000000 0.7974339 9.0000000 9.0000000 0.8462883 0.8091072 0.0000000 0.6562017 1.9505188 0.4714565 9.0000000 9.0000000 9.0000000 9.0000000 9.0000000 0.7983997 0.7746184 0.7718147 0.7907074 0.8013048 0.8003352 9.0000000 0.7718147 
taxon_15   9.0000000 0.8013048 9.0000000 0.8401323 9.0000000 9.0000000 9.0000000 9.0000000 0.8219619 9.0000000 9.0000000 0.8219619 0.8003352 0.6562017 0.0000000 2.4395830 0.5312802 9.0000000 9.0000000 9.0000000 9.0000000 9.0000000 0.8071490 0.8003352 0.7887965 0.8061718 0.7926231 0.8269652 9.0000000 0.7802575 
taxon_16   0.7849894 9.0000000 0.7897513 9.0000000 0.7974339 0.8071490 0.8432040 0.8249599 9.0000000 0.8150128 0.7935828 9.0000000 9.0000000 1.9505188 2.4395830 0.0000000 1.0311037 0.8061718 0.7783731 0.7746184 0.8051959 0.8003352 9.0000000 9.0000000 9.0000000 9.0000000 9.0000000 9.0000000 0.8229599 9.0000000 
taxon_17   9.0000000 0.7625438 9.0000000 0.7812015 9.0000000 9.0000000 9.0000000 9.0000000 0.7764934 9.0000000 9.0000000 0.8411548 0.8229599 0.4714565 0.5312802 1.0311037 0.0000000 9.0000000 9.0000000 9.0000000 9.0000000 9.0000000 0.7887965 0.6972853 0.7292050 0.7187031 0.7318536 0.7690214 9.0000000 0.7239357 
taxon_18   0.8169917 9.0000000 0.7993668 9.0000000 0.8504206 0.8269652 0.8209652 0.7868906 9.0000000 0.7945437 0.7755553 9.0000000 9.0000000 9.0000000 9.0000000 0.8061718 9.0000000 0.0000000 0.1566015 0.2722824 0.4114245 0.6380333 2.7567255 2.2705032 9.0000000 9.0000000 9.0000000 9.0000000 0.7690214 9.0000000 
taxon_19   0.8249599 9.0000000 0.8003352 9.0000000 0.8249599 0.7974339 0.8140253 0.8130391 9.0000000 0.8209652 0.7859394 9.0000000 9.0000000 9.0000000 9.0000000 0.7783731 9.0000000 0.1566015 0.0000000 0.2656030 0.4218816 0.6482482 3.3171365 2.2705032 9.0000000 9.0000000 9.0000000 9.0000000 0.7736827 9.0000000 
taxon_20   0.8239592 9.0000000 0.7690214 9.0000000 0.8051959 0.7868906 0.7868906 0.8003352 9.0000000 0.8269652 0.7821467 9.0000000 9.0000000 9.0000000 9.0000000 0.7746184 9.0000000 0.2722824 0.2656030 0.0000000 0.3617596 0.6395958 3.0223545 2.0881586 9.0000000 9.0000000 9.0000000 9.0000000 0.7849894 9.0000000 
taxon_21   0.7887965 9.0000000 0.7916646 9.0000000 0.7916646 0.8239592 0.7634658 0.8081275 9.0000000 0.8091072 0.7974339 9.0000000 9.0000000 9.0000000 9.0000000 0.8051959 9.0000000 0.4114245 0.4218816 0.3617596 0.0000000 0.5723197 2.0461897 1.6479184 9.0000000 9.0000000 9.0000000 9.0000000 0.7955058 9.0000000 
taxon_22   0.8150128 9.0000000 0.8279699 9.0000000 0.8289760 0.8249599 0.8442307 0.8279699 9.0000000 0.8061718 0.7690214 9.0000000 9.0000000 9.0000000 9.0000000 0.8003352 9.0000000 0.6380333 0.6482482 0.6395958 0.5723197 0.0000000 0.6395958 1.1586737 9.0000000 9.0000000 9.0000000 9.0000000 0.7699513 9.0000000 
taxon_23   9.0000000 0.7993668 9.0000000 0.8042212 9.0000000 9.0000000 9.0000000 9.0000000 0.7887965 9.0000000 9.0000000 0.8452588 0.8189758 0.7983997 0.8071490 9.0000000 0.7887965 2.7567255 3.3171365 3.0223545 2.0461897 0.6395958 0.0000000 0.3425688 0.7708824 0.8013048 0.7887965 0.8140253 9.0000000 0.7736827 
taxon_24   9.0000000 0.7774327 9.0000000 0.7945437 9.0000000 9.0000000 9.0000000 9.0000000 0.8032478 9.0000000 9.0000000 0.8462883 0.8452588 0.7746184 0.8003352 9.0000000 0.6972853 2.2705032 2.2705032 2.0881586 1.6479184 1.1586737 0.3425688 0.0000000 0.7597848 0.7907074 0.7868906 0.7718147 9.0000000 0.7204432 
taxon_25   9.0000000 0.7793147 9.0000000 0.8091072 9.0000000 9.0000000 9.0000000 9.0000000 0.8209652 9.0000000 9.0000000 0.8140253 0.8120542 0.7718147 0.7887965 9.0000000 0.7292050 9.0000000 9.0000000 9.0000000 9.0000000 9.0000000 0.7708824 0.7597848 0.0000000 0.5737510 0.5245416 0.7452389 9.0000000 0.6570017 
taxon_26   9.0000000 0.8100883 9.0000000 0.8249599 9.0000000 9.0000000 9.0000000 9.0000000 0.8209652 9.0000000 9.0000000 0.8299833 0.7718147 0.7907074 0.8061718 9.0000000 0.7187031 9.0000000 9.0000000 9.0000000 9.0000000 9.0000000 0.8013048 0.7907074 0.5737510 0.0000000 0.5020730 0.7690214 9.0000000 0.6930742 
taxon_27   9.0000000 0.7680926 9.0000000 0.8199698 9.0000000 9.0000000 9.0000000 9.0000000 0.8003352 9.0000000 9.0000000 0.7830931 0.7783731 0.8013048 0.7926231 9.0000000 0.7318536 9.0000000 9.0000000 9.0000000 9.0000000 9.0000000 0.7887965 0.7868906 0.5245416 0.5020730 0.0000000 0.7542970 9.0000000 0.6570017 
taxon_28   9.0000000 0.8091072 9.0000000 0.8504206 9.0000000 9.0000000 9.0000000 9.0000000 0.8169917 9.0000000 9.0000000 0.8380915 0.7916646 0.8003352 0.8269652 9.0000000 0.7690214 9.0000000 9.0000000 9.0000000 9.0000000 9.0000000 0.8140253 0.7718147 0.7452389 0.7690214 0.7542970 0.0000000 9.0000000 0.7169670 
taxon_29   0.8013048 9.0000000 0.8140253 9.0000000 0.7916646 0.8442307 0.8462883 0.8061718 9.0000000 0.8189758 0.8269652 9.0000000 9.0000000 9.0000000 9.0000000 0.8229599 9.0000000 0.7690214 0.7736827 0.7849894 0.7955058 0.7699513 9.0000000 9.0000000 9.0000000 9.0000000 9.0000000 9.0000000 0.0000000 2.5711695 
taxon_30   9.0000000 0.7764934 9.0000000 0.8160016 9.0000000 9.0000000 9.0000000 9.0000000 0.8110706 9.0000000 9.0000000 0.8042212 0.7926231 0.7718147 0.7802575 9.0000000 0.7239357 9.0000000 9.0000000 9.0000000 9.0000000 9.0000000 0.7736827 0.7204432 0.6570017 0.6930742 0.6570017 0.7169670 2.5711695 0.0000000 
