30
taxon_1    0.0000000 0.5109140 2.9340173 3.0413429 4.0254827 3.6864938 9.0000000 3.3600053 3.5612033 9.0000000 3.5056223 3.1332946 3.0707584 3.4538776 3.1013749 9.0000000 9.0000000 9.0000000 9.0000000 9.0000000 9.0000000 9.0000000 4.1410957 9.0000000 3.6212353 4.6609561 9.0000000 9.0000000 9.0000000 3.8369969 
taxon_2    0.5109140 0.0000000 2.9094249 9.0000000 4.9650549 9.0000000 9.0000000 9.0000000 3.1666335 9.0000000 3.7579765 5.4849153 3.2381161 3.3171365 4.1410957 9.0000000 3.4538776 4.6609561 9.0000000 9.0000000 3.8369969 9.0000000 2.9340173 9.0000000 9.0000000 9.0000000 9.0000000 9.0000000 9.0000000 9.0000000 
taxon_3    2.9340173 2.9094249 0.0000000 0.3699030 0.6423380 1.7370061 2.8184042 3.4054737 3.6212353 3.9253341 2.8401449 2.6816631 4.2778369 3.3171365 2.6816631 9.0000000 4.2778369 9.0000000 3.5612033 9.0000000 4.6609561 9.0000000 9.0000000 3.6864938 3.5612033 4.1410957 9.0000000 9.0000000 3.8369969 9.0000000 
taxon_4    3.0413429 9.0000000 0.3699030 0.0000000 0.3957246 1.4817617 2.5214825 3.4054737 3.1332946 3.1332946 3.0130376 2.5508980 2.7372441 2.5815145 2.9094249 4.4451945 3.0130376 3.5056223 2.8856134 9.0000000 4.0254827 9.0000000 9.0000000 9.0000000 3.9253341 3.0707584 3.9253341 9.0000000 3.4538776 9.0000000 
taxon_5    4.0254827 4.9650549 0.6423380 0.3957246 0.0000000 1.2095826 2.5660501 3.0707584 2.7182557 3.1666335 3.2381161 2.6816631 3.2015235 2.6816631 2.3426742 3.4054737 3.2015235 3.4054737 2.5508980 3.2015235 9.0000000 9.0000000 4.1410957 9.0000000 3.3600053 2.9857619 2.8401449 9.0000000 2.6299184 3.6864938 
taxon_6    3.6864938 9.0000000 1.7370061 1.4817617 1.2095826 0.0000000 1.9873360 2.3426742 2.2879054 2.3541248 3.2015235 2.7972761 2.5815145 2.2879054 2.1618027 3.2381161 3.5056223 2.5214825 2.2670707 2.3895645 2.9594434 3.3171365 3.4054737 4.4451945 3.0413429 2.5071964 2.8625346 2.8856134 2.9094249 3.4538776 
taxon_7    9.0000000 9.0000000 2.8184042 2.5214825 2.5660501 1.9873360 0.0000000 1.2273499 1.0979217 2.0774442 1.9197226 1.7680450 1.5943759 1.5985776 1.3057998 2.5214825 2.5360461 2.2467992 2.1890784 2.1441548 2.8401449 2.8625346 2.4017599 2.5815145 2.5071964 2.5508980 2.4794154 2.4395830 2.8184042 2.3202845 
taxon_8    3.3600053 9.0000000 3.4054737 3.4054737 3.0707584 2.3426742 1.2273499 0.0000000 1.3378435 2.2985439 2.2879054 2.3775642 1.9069018 1.8517750 1.5378976 2.9094249 3.7579765 2.6134342 3.9253341 4.9650549 4.4451945 2.7372441 2.6997362 3.0130376 9.0000000 3.3600053 2.8184042 2.7972761 3.4538776 3.0130376 
taxon_9    3.5612033 3.1666335 3.6212353 3.1332946 2.7182557 2.2879054 1.0979217 1.3378435 0.0000000 2.6134342 2.1100580 2.3895645 1.8757770 1.9393744 1.6286676 2.2670707 2.5660501 2.1890784 2.2467992 2.7567257 2.4794154 2.3426742 2.1441548 3.1332946 2.1798759 2.9594434 2.5815145 2.8625346 9.0000000 2.4931773 
taxon_10   9.0000000 9.0000000 3.9253341 3.1332946 3.1666335 2.3541248 2.0774442 2.2985439 2.6134342 0.0000000 1.7023465 1.5263293 2.3541248 2.3895645 1.9460411 3.1332946 2.9857619 4.1410957 3.0707584 2.6467731 2.8625346 3.1666335 3.7579765 3.2765861 3.5056223 4.9650549 3.3600053 2.6467731 2.9857619 2.6640152 
taxon_11   3.5056223 3.7579765 2.8401449 3.0130376 3.2381161 3.2015235 1.9197226 2.2879054 2.1100580 1.7023465 0.0000000 1.0337446 2.5214825 2.1441548 1.8004241 3.6212353 9.0000000 2.7372441 3.4538776 2.6467731 2.4526268 2.8856134 2.7567257 9.0000000 3.1666335 3.3171365 9.0000000 3.0413429 9.0000000 2.8184042 
taxon_12   3.1332946 5.4849153 2.6816631 2.5508980 2.6816631 2.7972761 1.7680450 2.3775642 2.3895645 1.5263293 1.0337446 0.0000000 2.4526268 1.7523650 1.6156238 3.7579765 2.6997362 2.8625346 2.4141569 2.5660501 9.0000000 3.2015235 2.9340173 9.0000000 3.2015235 2.8401449 3.5056223 2.9340173 3.7579765 2.8184042 
taxon_13   3.0707584 3.2381161 4.2778369 2.7372441 3.2015235 2.5815145 1.5943759 1.9069018 1.8757770 2.3541248 2.5214825 2.4526268 0.0000000 1.8400560 1.4781646 2.8184042 2.5973046 3.5056223 2.4931773 4.1410957 2.9857619 2.6640152 2.6816631 9.0000000 3.5056223 2.6134342 2.5973046 3.6212353 3.3171365 2.8184042 
taxon_14   3.4538776 3.3171365 3.3171365 2.5815145 2.6816631 2.2879054 1.5985776 1.8517750 1.9393744 2.3895645 2.1441548 1.7523650 1.8400560 0.0000000 0.7256880 2.4794154 3.2765861 3.0130376 2.5214825 2.5071964 2.6467731 2.6640152 2.9594434 2.6816631 2.6467731 3.0707584 2.4526268 2.4526268 9.0000000 2.6134342 
taxon_15   3.1013749 4.1410957 2.6816631 2.9094249 2.3426742 2.1618027 1.3057998 1.5378976 1.6286676 1.9460411 1.8004241 1.6156238 1.4781646 0.7256880 0.0000000 2.3313958 2.9594434 2.6816631 2.3657530 2.2368653 2.5973046 2.0616541 2.3895645 2.7182557 2.8184042 2.6467731 2.2270612 2.4395830 2.5214825 2.1798759 
taxon_16   9.0000000 9.0000000 9.0000000 4.4451945 3.4054737 3.2381161 2.5214825 2.9094249 2.2670707 3.1332946 3.6212353 3.7579765 2.8184042 2.4794154 2.3313958 0.0000000 1.7840598 1.7840598 1.6028030 2.9094249 4.1410957 2.6997362 2.8184042 3.3600053 2.5660501 9.0000000 9.0000000 9.0000000 9.0000000 9.0000000 
taxon_17   9.0000000 3.4538776 4.2778369 3.0130376 3.2015235 3.5056223 2.5360461 3.7579765 2.5660501 2.9857619 9.0000000 2.6997362 2.5973046 3.2765861 2.9594434 1.7840598 0.0000000 1.2273499 1.0437315 2.2173837 2.9857619 2.3541248 2.4659015 3.3600053 3.0707584 4.9650549 2.9594434 3.9253341 9.0000000 3.0707584 
taxon_18   9.0000000 4.6609561 9.0000000 3.5056223 3.4054737 2.5214825 2.2467992 2.6134342 2.1890784 4.1410957 2.7372441 2.8625346 3.5056223 3.0130376 2.6816631 1.7840598 1.2273499 0.0000000 0.5567531 2.7567257 2.7567257 2.8625346 9.0000000 3.1332946 2.9857619 3.0413429 3.0707584 2.3313958 4.9650549 3.0707584 
taxon_19   9.0000000 9.0000000 3.5612033 2.8856134 2.5508980 2.2670707 2.1890784 3.9253341 2.2467992 3.0707584 3.4538776 2.4141569 2.4931773 2.5214825 2.3657530 1.6028030 1.0437315 0.5567531 0.0000000 2.8856134 2.5508980 2.2368653 3.0130376 2.9594434 2.5071964 2.9594434 2.3093354 2.8184042 2.9340173 2.3541248 
taxon_20   9.0000000 9.0000000 9.0000000 9.0000000 3.2015235 2.3895645 2.1441548 4.9650549 2.7567257 2.6467731 2.6467731 2.5660501 4.1410957 2.5071964 2.2368653 2.9094249 2.2173837 2.7567257 2.8856134 0.0000000 2.2368653 1.6554562 1.7627818 1.8880724 1.5457102 2.0385754 2.2879054 2.1269127 2.0695076 1.7072008 
taxon_21   9.0000000 3.8369969 4.6609561 4.0254827 9.0000000 2.9594434 2.8401449 4.4451945 2.4794154 2.8625346 2.4526268 9.0000000 2.9857619 2.6467731 2.5973046 4.1410957 2.9857619 2.7567257 2.5508980 2.2368653 0.0000000 0.7676286 1.3438196 1.6785349 1.4396946 2.1798759 2.1890784 2.4526268 2.3426742 2.1354842 
taxon_22   9.0000000 9.0000000 9.0000000 9.0000000 9.0000000 3.3171365 2.8625346 2.7372441 2.3426742 3.1666335 2.8856134 3.2015235 2.6640152 2.6640152 2.0616541 2.6997362 2.3541248 2.8625346 2.2368653 1.6554562 0.7676286 0.0000000 1.0957634 1.2805637 1.1922265 2.0935739 2.2173837 1.9327665 2.3093354 1.8228138 
taxon_23   4.1410957 2.9340173 9.0000000 9.0000000 4.1410957 3.4054737 2.4017599 2.6997362 2.1441548 3.7579765 2.7567257 2.9340173 2.6816631 2.9594434 2.3895645 2.8184042 2.4659015 9.0000000 3.0130376 1.7627818 1.3438196 1.0957634 0.0000000 1.0377234 0.9529407 2.1707848 2.3541248 2.6299184 2.5973046 1.9005727 
taxon_24   9.0000000 9.0000000 3.6864938 9.0000000 9.0000000 4.4451945 2.5815145 3.0130376 3.1332946 3.2765861 9.0000000 9.0000000 9.0000000 2.6816631 2.7182557 3.3600053 3.3600053 3.1332946 2.9594434 1.8880724 1.6785349 1.2805637 1.0377234 0.0000000 0.8655937 2.6997362 2.2985439 2.6640152 2.3202845 1.8342645 
taxon_25   3.6212353 9.0000000 3.5612033 3.9253341 3.3600053 3.0413429 2.5071964 9.0000000 2.1798759 3.5056223 3.1666335 3.2015235 3.5056223 2.6467731 2.8184042 2.5660501 3.0707584 2.9857619 2.5071964 1.5457102 1.4396946 1.1922265 0.9529407 0.8655937 0.0000000 2.3313958 1.8757770 2.3895645 2.4659015 1.8115354 
taxon_26   4.6609561 9.0000000 4.1410957 3.0707584 2.9857619 2.5071964 2.5508980 3.3600053 2.9594434 4.9650549 3.3171365 2.8401449 2.6134342 3.0707584 2.6467731 9.0000000 4.9650549 3.0413429 2.9594434 2.0385754 2.1798759 2.0935739 2.1707848 2.6997362 2.3313958 0.0000000 2.5360461 2.5660501 2.4794154 2.1798759 
taxon_27   9.0000000 9.0000000 9.0000000 3.9253341 2.8401449 2.8625346 2.4794154 2.8184042 2.5815145 3.3600053 9.0000000 3.5056223 2.5973046 2.4526268 2.2270612 9.0000000 2.9594434 3.0707584 2.3093354 2.2879054 2.1890784 2.2173837 2.3541248 2.2985439 1.8757770 2.5360461 0.0000000 1.5149367 1.5496472 1.0936113 
taxon_28   9.0000000 9.0000000 9.0000000 9.0000000 9.0000000 2.8856134 2.4395830 2.7972761 2.8625346 2.6467731 3.0413429 2.9340173 3.6212353 2.4526268 2.4395830 9.0000000 3.9253341 2.3313958 2.8184042 2.1269127 2.4526268 1.9327665 2.6299184 2.6640152 2.3895645 2.5660501 1.5149367 0.0000000 1.4604333 1.0579403 
taxon_29   9.0000000 9.0000000 3.8369969 3.4538776 2.6299184 2.9094249 2.8184042 3.4538776 9.0000000 2.9857619 9.0000000 3.7579765 3.3171365 9.0000000 2.5214825 9.0000000 9.0000000 4.9650549 2.9340173 2.0695076 2.3426742 2.3093354 2.5973046 2.3202845 2.4659015 2.4794154 1.5496472 1.4604333 0.0000000 0.7113522 
taxon_30   3.8369969 9.0000000 9.0000000 9.0000000 3.6864938 3.4538776 2.3202845 3.0130376 2.4931773 2.6640152 2.8184042 2.8184042 2.8184042 2.6134342 2.1798759 9.0000000 3.0707584 3.0707584 2.3541248 1.7072008 2.1354842 1.8228138 1.9005727 1.8342645 1.8115354 2.1798759 1.0936113 1.0579403 0.7113522 0.0000000 
