30
taxon_1    0.0000000 1.8093000 1.0854893 2.0554292 1.8993132 1.0361294 1.8273731 1.1815182 2.5100317 2.7488721 1.2566832 2.2942703 1.2212107 1.1586744 2.4552630 1.1643205 2.2368651 1.1932075 1.1991208 2.5569222 1.1971445 1.2717911 2.4659015 1.2439711 1.1662121 2.1618021 1.1365054 2.1762261 2.3847413 2.3028419 
taxon_2    1.8093000 0.0000000 1.3075127 0.8659109 0.9349862 1.5202317 0.8787099 2.2528233 1.2131026 1.2110891 2.5331102 1.1873405 2.3564354 2.2609314 1.1310640 2.7972755 1.1530704 2.3291603 2.4242241 1.1365054 2.4766930 2.6199845 1.2460749 2.3847413 2.4042229 1.1220819 2.3028419 1.1873405 1.1853939 1.1419865 
taxon_3    1.0854893 1.3075127 0.0000000 1.2761649 1.3213585 0.7991733 1.2090811 1.2110891 2.3657530 2.3472332 1.1776623 2.0132503 1.1568018 1.1079306 2.1689795 1.2566832 2.2059331 1.1586744 1.1738262 2.2059331 1.2110891 1.1624338 2.2212397 1.1681084 1.2524219 2.0935738 1.1512117 2.4141569 2.4042229 2.2059331 
taxon_4    2.0554292 0.8659109 1.2761649 0.0000000 0.8287746 1.3213585 0.7596012 2.2368651 1.1815182 1.2110891 2.5691176 1.1549338 2.3202845 2.4344284 1.1310640 2.6745540 1.1132061 2.7334077 2.8141298 1.1912467 2.2691275 2.3472332 1.1568018 2.6745540 2.2212397 1.1568018 2.4987534 1.1873405 1.1549338 1.1853939 
taxon_5    1.8993132 0.9349862 1.3213585 0.8287746 0.0000000 0.2047757 0.1068642 2.4141569 1.1568018 1.2151214 2.7034037 1.1292590 2.3381423 2.1689795 1.1991208 2.6888402 1.0489777 2.4876421 2.4141569 1.1873405 2.4042229 2.4242241 1.1493576 2.1201253 2.3847413 1.1238698 2.4042229 1.2070784 1.1892910 1.1605517 
taxon_6    1.0361294 1.5202317 0.7991733 1.3213585 0.2047757 0.0000000 0.2326162 1.2070784 2.2135473 2.5569222 1.2011023 2.0679301 1.1346872 1.1167438 2.4659015 1.2460749 1.9301395 1.1757418 1.1912467 2.4042229 1.1681084 1.1719154 2.2135473 1.1512117 1.1853939 2.1689795 1.1605517 2.5331102 2.4344284 2.3657530 
taxon_7    1.8273731 0.8787099 1.2090811 0.7596012 0.1068642 0.2326162 0.0000000 2.2691275 1.1605517 1.2171457 2.7182557 1.1202983 2.1546936 2.1067321 1.1853939 2.5815145 1.0457449 2.4242241 2.4766930 1.1681084 2.2368651 2.2609314 1.1512117 2.2942703 2.3202845 1.1114434 2.3847413 1.1951734 1.1815182 1.1493576 
taxon_8    1.1815182 2.2528233 1.2110891 2.2368651 2.4141569 1.2070784 2.2691275 0.0000000 2.5214822 2.5941199 1.1681084 2.2368651 1.1738262 1.1256619 2.1201253 1.1549338 2.0492572 1.1493576 1.1719154 2.2528233 1.2151214 1.1624338 2.2368651 1.1681084 1.1167438 2.2212397 1.2696142 2.7972755 2.2135473 2.1835433 
taxon_9    2.5100317 1.2131026 2.3657530 1.1815182 1.1568018 2.2135473 1.1605517 2.5214822 0.0000000 0.9808893 1.5512278 0.8299833 1.6860727 1.7013793 1.0473595 2.5331102 1.0604033 2.0132503 2.2774157 1.1951734 2.6199845 2.5214822 1.1873405 2.4552630 2.7646621 1.0736780 2.7334077 1.1853939 1.1310640 1.1365054 
taxon_10   2.7488721 1.2110891 2.3472332 1.2110891 1.2151214 2.5569222 1.2171457 2.5941199 0.9808893 0.0000000 0.9049822 0.7933907 1.6636830 1.9043637 1.0034129 2.0742594 1.0854893 2.3381423 2.3657530 1.1274583 2.2448019 2.0679301 1.1167438 2.1201253 2.2135473 1.0095364 2.3291603 1.1202983 1.0837905 1.0313675 
taxon_11   1.2566832 2.5331102 1.1776623 2.5691176 2.7034037 1.2011023 2.7182557 1.1681084 1.5512278 0.9049822 0.0000000 1.1009538 0.9103490 0.9575867 1.6002649 1.1738262 2.0742594 1.1132061 1.1605517 2.4042229 1.1586744 1.1096849 2.0492572 1.1438225 1.1815182 1.7701602 1.2131026 2.0806424 1.8697041 1.9301395 
taxon_12   2.2942703 1.1873405 2.0132503 1.1549338 1.1292590 2.0679301 1.1202983 2.2368651 0.8299833 0.7933907 1.1009538 0.0000000 0.9749954 1.0425260 0.8336212 2.4141569 0.9476151 2.0616537 2.0679301 1.1643205 2.1762261 1.9354027 1.0620499 2.0616537 2.1476513 0.8851922 2.0191326 1.0282096 0.9913162 0.9335960 
taxon_13   1.2212107 2.3564354 1.1568018 2.3202845 2.3381423 1.1346872 2.1546936 1.1738262 1.6860727 1.6636830 0.9103490 0.9749954 0.0000000 0.8684533 1.7960252 1.2252980 1.9901715 1.1438225 1.1419865 2.2448019 1.1932075 1.1310640 2.1618021 1.1873405 1.1700095 1.9043637 1.1512117 2.2691275 2.0870803 2.0250615 
taxon_14   1.1586744 2.2609314 1.1079306 2.4344284 2.1689795 1.1167438 2.1067321 1.1256619 1.7013793 1.9043637 0.9575867 1.0425260 0.8684533 0.0000000 1.8600886 1.2151214 1.9622873 1.1202983 1.1568018 2.4987534 1.1971445 1.1757418 2.2448019 1.1549338 1.2397812 1.9407030 1.1568018 2.0431347 2.0074136 2.0870803 
taxon_15   2.4552630 1.1310640 2.1689795 1.1310640 1.1991208 2.4659015 1.1853939 2.1201253 1.0473595 1.0034129 1.6002649 0.8336212 1.7960252 1.8600886 0.0000000 2.0074136 0.7283242 1.6710722 1.7617328 0.9838536 2.0492572 1.7091514 0.9419760 2.0431347 1.8843626 0.6635940 1.9094485 0.8520799 0.8595924 0.7574018 
taxon_16   1.1643205 2.7972755 1.2566832 2.6745540 2.6888402 1.2460749 2.5815145 1.1549338 2.5331102 2.0742594 1.1738262 2.4141569 1.2252980 1.2151214 2.0074136 0.0000000 1.3744359 1.1220819 1.1202983 2.2212397 1.1643205 1.0736780 2.0431347 1.1932075 1.1346872 1.5901976 1.1256619 1.9249130 1.8273731 1.6208141 
taxon_17   2.2368651 1.1530704 2.2059331 1.1132061 1.0489777 1.9301395 1.0457449 2.0492572 1.0604033 1.0854893 2.0742594 0.9476151 1.9901715 1.9622873 0.7283242 1.3744359 0.0000000 1.5355696 1.5769814 0.9171119 1.7916520 1.5639941 0.9198342 1.8553267 1.7617328 0.5828308 1.8942962 0.8348377 0.8203678 0.6635940 
taxon_18   1.1932075 2.3291603 1.1586744 2.7334077 2.4876421 1.1757418 2.4242241 1.1493576 2.0132503 2.3381423 1.1132061 2.0616537 1.1438225 1.1202983 1.6710722 1.1220819 1.5355696 0.0000000 1.0425260 1.9197226 1.1328735 0.9883223 1.7170049 1.1026919 1.0957634 1.2827729 1.0703373 1.6563658 1.5293968 1.4261807 
taxon_19   1.1991208 2.4242241 1.1738262 2.8141298 2.4141569 1.1912467 2.4766930 1.1719154 2.2774157 2.3657530 1.1605517 2.0679301 1.1419865 1.1568018 1.7617328 1.1202983 1.5769814 1.0425260 0.0000000 1.0203725 0.9973402 0.9266835 1.4590327 1.0653539 1.0034129 1.3330966 1.1328735 1.6822943 1.6139017 1.4288641 
taxon_20   2.5569222 1.1365054 2.2059331 1.1912467 1.1873405 2.4042229 1.1681084 2.2528233 1.1951734 1.1274583 2.4042229 1.1643205 2.2448019 2.4987534 0.9838536 2.2212397 0.9171119 1.9197226 1.0203725 0.0000000 1.7370061 1.5263293 0.8471130 1.7170049 1.7492679 0.8108740 1.9460411 0.9823700 0.9076608 0.8838912 
taxon_21   1.1971445 2.4766930 1.2110891 2.2691275 2.4042229 1.1681084 2.2368651 1.2151214 2.6199845 2.2448019 1.1586744 2.1762261 1.1932075 1.1971445 2.0492572 1.1643205 1.7916520 1.1328735 0.9973402 1.7370061 0.0000000 0.8120542 1.1795878 1.1026919 0.9405728 1.5968941 1.2090811 1.8942962 1.7960252 1.6898702 
taxon_22   1.2717911 2.6199845 1.1624338 2.3472332 2.4242241 1.1719154 2.2609314 1.1624338 2.5214822 2.0679301 1.1096849 1.9354027 1.1310640 1.1757418 1.7091514 1.0736780 1.5639941 0.9883223 0.9266835 1.5263293 0.8120542 0.0000000 0.3284912 0.9823700 0.9294409 1.3450203 1.0571211 1.5835604 1.5512278 1.4479214 
taxon_23   2.4659015 1.2460749 2.2212397 1.1568018 1.1493576 2.2135473 1.1512117 2.2368651 1.1873405 1.1167438 2.0492572 1.0620499 2.1618021 2.2448019 0.9419760 2.0431347 0.9198342 1.7170049 1.4590327 0.8471130 1.1795878 0.3284912 0.0000000 1.5901976 1.3921435 0.7910901 1.9407030 0.9211991 0.8930457 0.8533267 
taxon_24   1.2439711 2.3847413 1.1681084 2.6745540 2.1201253 1.1512117 2.2942703 1.1681084 2.4552630 2.1201253 1.1438225 2.0616537 1.1873405 1.1549338 2.0431347 1.1932075 1.8553267 1.1026919 1.0653539 1.7170049 1.1026919 0.9823700 1.5901976 0.0000000 0.9676926 1.6710722 1.0957634 1.9354027 1.9197226 1.9514175 
taxon_25   1.1662121 2.4042229 1.2524219 2.2212397 2.3847413 1.1853939 2.3202845 1.1167438 2.7646621 2.2135473 1.1815182 2.1476513 1.1700095 1.2397812 1.8843626 1.1346872 1.7617328 1.0957634 1.0034129 1.7492679 0.9405728 0.9294409 1.3921435 0.9676926 0.0000000 1.5417938 1.1079306 1.8182821 1.6673685 1.6527339 
taxon_26   2.1618021 1.1220819 2.0935738 1.1568018 1.1238698 2.1689795 1.1114434 2.2212397 1.0736780 1.0095364 1.7701602 0.8851922 1.9043637 1.9407030 0.6635940 1.5901976 0.5828308 1.2827729 1.3330966 0.8108740 1.5968941 1.3450203 0.7910901 1.6710722 1.5417938 0.0000000 1.2961661 0.4981767 0.4327240 0.3247814 
taxon_27   1.1365054 2.3028419 1.1512117 2.4987534 2.4042229 1.1605517 2.3847413 1.2696142 2.7334077 2.3291603 1.2131026 2.0191326 1.1512117 1.1568018 1.9094485 1.1256619 1.8942962 1.0703373 1.1328735 1.9460411 1.2090811 1.0571211 1.9407030 1.0957634 1.1079306 1.2961661 0.0000000 0.8360562 1.3744359 1.2916751 
taxon_28   2.1762261 1.1873405 2.4141569 1.1873405 1.2070784 2.5331102 1.1951734 2.7972755 1.1853939 1.1202983 2.0806424 1.0282096 2.2691275 2.0431347 0.8520799 1.9249130 0.8348377 1.6563658 1.6822943 0.9823700 1.8942962 1.5835604 0.9211991 1.9354027 1.8182821 0.4981767 0.8360562 0.0000000 0.5915822 0.5122984 
taxon_29   2.3847413 1.1853939 2.4042229 1.1549338 1.1892910 2.4344284 1.1815182 2.2135473 1.1310640 1.0837905 1.8697041 0.9913162 2.0870803 2.0074136 0.8595924 1.8273731 0.8203678 1.5293968 1.6139017 0.9076608 1.7960252 1.5512278 0.8930457 1.9197226 1.6673685 0.4327240 1.3744359 0.5915822 0.0000000 0.3168059 
taxon_30   2.3028419 1.1419865 2.2059331 1.1853939 1.1605517 2.3657530 1.1493576 2.1835433 1.1365054 1.0313675 1.9301395 0.9335960 2.0250615 2.0870803 0.7574018 1.6208141 0.6635940 1.4261807 1.4288641 0.8838912 1.6898702 1.4479214 0.8533267 1.9514175 1.6527339 0.3247814 1.2916751 0.5122984 0.3168059 0.0000000 
