RF=0.085106
WRF=0.098229
