30
taxon_1    0.0000000 3.5612033 2.7567257 3.9253341 3.2381161 2.7567257 4.9650549 9.0000000 4.2778369 3.0130376 9.0000000 9.0000000 2.7972761 3.0707584 9.0000000 4.4451945 9.0000000 3.5612033 9.0000000 9.0000000 3.2015235 3.4538776 4.1410957 4.1410957 3.2015235 3.2765861 2.7182557 3.4054737 3.5612033 3.1666335 
taxon_2    3.5612033 0.0000000 2.7767269 3.4054737 3.1013749 2.3426742 2.7372441 2.8401449 2.2467992 1.9393744 9.0000000 4.0254827 9.0000000 3.7579765 3.6212353 9.0000000 4.6609561 3.1332946 3.3600053 3.2015235 2.9594434 2.8401449 9.0000000 3.4054737 2.5360461 9.0000000 2.7972761 9.0000000 3.8369969 3.1332946 
taxon_3    2.7567257 2.7767269 0.0000000 2.2879054 2.0461897 2.1100580 2.6997362 2.4141569 2.3657530 1.9460411 2.7567257 2.7767269 9.0000000 9.0000000 3.6864938 9.0000000 4.9650549 3.5612033 9.0000000 2.4017599 2.6134342 2.1441548 2.8625346 2.4267622 2.1798759 2.4395830 3.0413429 3.2381161 2.8401449 3.2381161 
taxon_4    3.9253341 3.4054737 2.2879054 0.0000000 2.0088685 2.7182557 2.5360461 2.5660501 3.4054737 2.1707848 3.0707584 3.2381161 9.0000000 9.0000000 9.0000000 4.4451945 3.8369969 9.0000000 9.0000000 9.0000000 4.4451945 3.3600053 9.0000000 9.0000000 9.0000000 9.0000000 9.0000000 2.9594434 4.1410957 3.2765861 
taxon_5    3.2381161 3.1013749 2.0461897 2.0088685 0.0000000 2.5214825 3.1666335 2.7767269 3.5056223 2.2368653 3.3171365 9.0000000 9.0000000 9.0000000 9.0000000 9.0000000 3.7579765 9.0000000 9.0000000 9.0000000 2.8625346 3.4054737 9.0000000 9.0000000 3.3171365 2.6816631 3.1013749 9.0000000 9.0000000 2.7372441 
taxon_6    2.7567257 2.3426742 2.1100580 2.7182557 2.5214825 0.0000000 2.0538821 1.8880724 1.7219554 1.4228400 2.6997362 4.0254827 9.0000000 9.0000000 9.0000000 9.0000000 3.6864938 3.4054737 3.3600053 3.5056223 2.9857619 4.0254827 3.3171365 4.6609561 3.6864938 3.9253341 3.6212353 4.9650549 3.1332946 3.8369969 
taxon_7    4.9650549 2.7372441 2.6997362 2.5360461 3.1666335 2.0538821 0.0000000 0.4695838 1.1728706 0.9013148 2.7567257 3.8369969 2.9340173 4.4451945 3.2381161 4.4451945 3.1332946 9.0000000 3.3171365 4.1410957 2.9340173 9.0000000 4.4451945 4.2778369 3.9253341 3.6864938 4.1410957 9.0000000 9.0000000 9.0000000 
taxon_8    9.0000000 2.8401449 2.4141569 2.5660501 2.7767269 1.8880724 0.4695838 0.0000000 1.1022570 0.8299833 2.9857619 9.0000000 3.2015235 4.1410957 4.4451945 9.0000000 9.0000000 9.0000000 3.2381161 2.9594434 3.3600053 9.0000000 4.4451945 3.6864938 9.0000000 2.7372441 9.0000000 9.0000000 9.0000000 9.0000000 
taxon_9    4.2778369 2.2467992 2.3657530 3.4054737 3.5056223 1.7219554 1.1728706 1.1022570 0.0000000 0.5059894 3.3600053 9.0000000 9.0000000 9.0000000 9.0000000 9.0000000 4.1410957 4.0254827 9.0000000 5.4849153 2.8184042 2.9857619 2.5071964 9.0000000 3.2015235 3.3171365 3.0707584 9.0000000 2.9857619 5.4849153 
taxon_10   3.0130376 1.9393744 1.9460411 2.1707848 2.2368653 1.4228400 0.9013148 0.8299833 0.5059894 0.0000000 3.7579765 3.4538776 4.6609561 3.3171365 9.0000000 4.9650549 9.0000000 3.3600053 3.8369969 9.0000000 2.4141569 2.9594434 2.6997362 3.7579765 2.8625346 3.2381161 2.6816631 2.6997362 2.8625346 3.9253341 
taxon_11   9.0000000 9.0000000 2.7567257 3.0707584 3.3171365 2.6997362 2.7567257 2.9857619 3.3600053 3.7579765 0.0000000 1.6286676 1.9262162 1.7319556 1.7733454 2.1269127 1.9132848 2.2078294 2.5508980 2.2368653 2.6997362 2.9857619 4.9650549 9.0000000 2.6640152 9.0000000 3.0707584 3.2015235 4.4451945 2.7972761 
taxon_12   9.0000000 4.0254827 2.7767269 3.2381161 9.0000000 4.0254827 3.8369969 9.0000000 9.0000000 3.4538776 1.6286676 0.0000000 1.4031020 1.2916751 1.5417938 1.7420909 1.3144041 2.0385754 2.6997362 1.9664044 2.8401449 2.6467731 3.2381161 2.6467731 2.6816631 9.0000000 3.2765861 2.7182557 9.0000000 2.7767269 
taxon_13   2.7972761 9.0000000 9.0000000 9.0000000 9.0000000 9.0000000 2.9340173 3.2015235 9.0000000 4.6609561 1.9262162 1.4031020 0.0000000 0.2921938 1.3289676 1.6554562 1.2350953 1.5985776 2.5360461 1.9873360 2.3895645 2.2368653 9.0000000 2.8625346 3.0130376 4.9650549 2.7972761 4.2778369 3.7579765 3.0413429 
taxon_14   3.0707584 3.7579765 9.0000000 9.0000000 9.0000000 9.0000000 4.4451945 4.1410957 9.0000000 3.3171365 1.7319556 1.2916751 0.2921938 0.0000000 1.1873405 1.6156238 1.1066175 1.5037145 2.4931773 1.7575553 2.1798759 2.1354842 9.0000000 4.2778369 2.5508980 9.0000000 3.4538776 4.9650549 3.0130376 3.2015235 
taxon_15   9.0000000 3.6212353 3.6864938 9.0000000 9.0000000 9.0000000 3.2381161 4.4451945 9.0000000 9.0000000 1.7733454 1.5417938 1.3289676 1.1873405 0.0000000 1.1088072 0.7524766 2.0854657 2.6299184 2.0385754 2.0461897 2.3541248 3.1332946 2.7182557 2.5973046 3.7579765 2.8184042 3.4538776 3.6864938 2.9340173 
taxon_16   4.4451945 9.0000000 9.0000000 4.4451945 9.0000000 9.0000000 4.4451945 9.0000000 9.0000000 4.9650549 2.1269127 1.7420909 1.6554562 1.6156238 1.1088072 0.0000000 0.9764649 2.2985439 2.2467992 2.2368653 2.4395830 2.7372441 5.4849153 9.0000000 2.7182557 9.0000000 3.0130376 3.1013749 3.0130376 2.5973046 
taxon_17   9.0000000 4.6609561 4.9650549 3.8369969 3.7579765 3.6864938 3.1332946 9.0000000 4.1410957 9.0000000 1.9132848 1.3144041 1.2350953 1.1066175 0.7524766 0.9764649 0.0000000 1.7627818 2.5214825 1.8228138 1.8757770 2.3093354 2.5815145 2.8856134 2.4267622 3.3171365 2.6997362 4.2778369 3.9253341 2.8401449 
taxon_18   3.5612033 3.1332946 3.5612033 9.0000000 9.0000000 3.4054737 9.0000000 9.0000000 4.0254827 3.3600053 2.2078294 2.0385754 1.5985776 1.5037145 2.0854657 2.2985439 1.7627818 0.0000000 1.7472103 1.2778114 2.4267622 2.0161857 3.3171365 2.7182557 2.1983953 3.0707584 3.0413429 2.7182557 2.9857619 3.1013749 
taxon_19   9.0000000 3.3600053 9.0000000 9.0000000 9.0000000 3.3600053 3.3171365 3.2381161 9.0000000 3.8369969 2.5508980 2.6997362 2.5360461 2.4931773 2.6299184 2.2467992 2.5214825 1.7472103 0.0000000 1.0599923 3.5612033 2.9857619 9.0000000 9.0000000 3.1013749 3.4538776 5.4849153 9.0000000 9.0000000 4.6609561 
taxon_20   9.0000000 3.2015235 2.4017599 9.0000000 9.0000000 3.5056223 4.1410957 2.9594434 5.4849153 9.0000000 2.2368653 1.9664044 1.9873360 1.7575553 2.0385754 2.2368653 1.8228138 1.2778114 1.0599923 0.0000000 2.1184380 1.9873360 3.3171365 2.9594434 2.1184380 9.0000000 2.8856134 2.7567257 2.9340173 3.7579765 
taxon_21   3.2015235 2.9594434 2.6134342 4.4451945 2.8625346 2.9857619 2.9340173 3.3600053 2.8184042 2.4141569 2.6997362 2.8401449 2.3895645 2.1798759 2.0461897 2.4395830 1.8757770 2.4267622 3.5612033 2.1184380 0.0000000 0.9440858 2.1100580 1.4710217 1.0829426 2.2985439 1.8697041 2.1890784 2.1441548 1.4431115 
taxon_22   3.4538776 2.8401449 2.1441548 3.3600053 3.4054737 4.0254827 9.0000000 9.0000000 2.9857619 2.9594434 2.9857619 2.6467731 2.2368653 2.1354842 2.3541248 2.7372441 2.3093354 2.0161857 2.9857619 1.9873360 0.9440858 0.0000000 1.4096238 0.9013148 0.3362795 1.3115250 1.2455484 1.5378976 1.4261808 0.8091072 
taxon_23   4.1410957 9.0000000 2.8625346 9.0000000 9.0000000 3.3171365 4.4451945 4.4451945 2.5071964 2.6997362 4.9650549 3.2381161 9.0000000 9.0000000 3.1332946 5.4849153 2.5815145 3.3171365 9.0000000 3.3171365 2.1100580 1.4096238 0.0000000 1.0122308 1.1922265 2.6997362 1.9069018 2.4526268 2.2985439 1.6028030 
taxon_24   4.1410957 3.4054737 2.4267622 9.0000000 9.0000000 4.6609561 4.2778369 3.6864938 9.0000000 3.7579765 9.0000000 2.6467731 2.8625346 4.2778369 2.7182557 9.0000000 2.8856134 2.7182557 9.0000000 2.9594434 1.4710217 0.9013148 1.0122308 0.0000000 0.7859394 1.9393744 1.5985776 2.0016221 1.8458926 1.0871919 
taxon_25   3.2015235 2.5360461 2.1798759 9.0000000 3.3171365 3.6864938 3.9253341 9.0000000 3.2015235 2.8625346 2.6640152 2.6816631 3.0130376 2.5508980 2.5973046 2.7182557 2.4267622 2.1983953 3.1013749 2.1184380 1.0829426 0.3362795 1.1922265 0.7859394 0.0000000 1.1022570 0.9476152 1.2669022 1.1378720 0.5494359 
taxon_26   3.2765861 9.0000000 2.4395830 9.0000000 2.6816631 3.9253341 3.6864938 2.7372441 3.3171365 3.2381161 9.0000000 9.0000000 4.9650549 9.0000000 3.7579765 9.0000000 3.3171365 3.0707584 3.4538776 9.0000000 2.2985439 1.3115250 2.6997362 1.9393744 1.1022570 0.0000000 1.4890082 2.0935739 2.1441548 1.4853762 
taxon_27   2.7182557 2.7972761 3.0413429 9.0000000 3.1013749 3.6212353 4.1410957 9.0000000 3.0707584 2.6816631 3.0707584 3.2765861 2.7972761 3.4538776 2.8184042 3.0130376 2.6997362 3.0413429 5.4849153 2.8856134 1.8697041 1.2455484 1.9069018 1.5985776 0.9476152 1.4890082 0.0000000 2.6299184 2.1354842 1.3870414 
taxon_28   3.4054737 9.0000000 3.2381161 2.9594434 9.0000000 4.9650549 9.0000000 9.0000000 9.0000000 2.6997362 3.2015235 2.7182557 4.2778369 4.9650549 3.4538776 3.1013749 4.2778369 2.7182557 9.0000000 2.7567257 2.1890784 1.5378976 2.4526268 2.0016221 1.2669022 2.0935739 2.6299184 0.0000000 2.4526268 1.8004241 
taxon_29   3.5612033 3.8369969 2.8401449 4.1410957 9.0000000 3.1332946 9.0000000 9.0000000 2.9857619 2.8625346 4.4451945 9.0000000 3.7579765 3.0130376 3.6864938 3.0130376 3.9253341 2.9857619 9.0000000 2.9340173 2.1441548 1.4261808 2.2985439 1.8458926 1.1378720 2.1441548 2.1354842 2.4526268 0.0000000 1.0103052 
taxon_30   3.1666335 3.1332946 3.2381161 3.2765861 2.7372441 3.8369969 9.0000000 9.0000000 5.4849153 3.9253341 2.7972761 2.7767269 3.0413429 3.2015235 2.9340173 2.5973046 2.8401449 3.1013749 4.6609561 3.7579765 1.4431115 0.8091072 1.6028030 1.0871919 0.5494359 1.4853762 1.3870414 1.8004241 1.0103052 0.0000000 
