30
taxon_1    0.0000000 1.9595550 0.6855532 0.8042212 9.0000000 0.7389627 0.7812015 9.0000000 9.0000000 9.0000000 0.8051959 9.0000000 0.8259619 0.8130391 9.0000000 0.8081275 0.7774327 0.8289760 0.8219619 9.0000000 9.0000000 9.0000000 9.0000000 9.0000000 9.0000000 0.8130391 0.8380915 9.0000000 0.7945437 9.0000000 
taxon_2    1.9595550 0.0000000 4.2294299 9.0000000 0.7083462 9.0000000 9.0000000 0.7109221 0.7407505 0.7040727 9.0000000 0.8022757 9.0000000 9.0000000 0.8042212 9.0000000 9.0000000 9.0000000 9.0000000 0.7802575 0.7389627 0.8071490 0.8051959 0.8110706 0.8071490 9.0000000 9.0000000 0.8032478 9.0000000 0.7653131 
taxon_3    0.6855532 4.2294299 0.0000000 0.6781069 9.0000000 0.5637888 0.6748211 9.0000000 9.0000000 9.0000000 0.7821467 9.0000000 0.8110706 0.7926231 9.0000000 0.8556181 0.8022757 0.7783731 0.7935828 9.0000000 9.0000000 9.0000000 9.0000000 9.0000000 9.0000000 0.7708824 0.8279699 9.0000000 0.7945437 9.0000000 
taxon_4    0.8042212 9.0000000 0.6781069 0.0000000 4.9650549 0.6789307 0.7597848 9.0000000 9.0000000 9.0000000 0.8189758 9.0000000 0.8081275 0.7793147 9.0000000 0.8629557 0.8556181 0.7974339 0.8269652 9.0000000 9.0000000 9.0000000 9.0000000 9.0000000 9.0000000 0.8022757 0.8514572 9.0000000 0.8269652 9.0000000 
taxon_5    9.0000000 0.7083462 9.0000000 4.9650549 0.0000000 3.0413429 9.0000000 0.6602102 0.7221874 0.6506254 9.0000000 0.8320022 9.0000000 9.0000000 0.7802575 9.0000000 9.0000000 9.0000000 9.0000000 0.7897513 0.7470418 0.7897513 0.7878429 0.8003352 0.7916646 9.0000000 9.0000000 0.7993668 9.0000000 0.7840406 
taxon_6    0.7389627 9.0000000 0.5637888 0.6789307 3.0413429 0.0000000 0.6066992 2.0827823 9.0000000 1.9371653 0.8289760 9.0000000 0.8120542 0.7955058 9.0000000 0.8140253 0.7993668 0.8081275 0.8249599 9.0000000 9.0000000 9.0000000 9.0000000 9.0000000 9.0000000 0.7916646 0.8140253 9.0000000 0.8160016 9.0000000 
taxon_7    0.7812015 9.0000000 0.6748211 0.7597848 9.0000000 0.6066992 0.0000000 1.2768962 9.0000000 2.7835137 0.8091072 9.0000000 0.8150128 0.8340265 9.0000000 0.8140253 0.8370732 0.8209652 0.8169917 9.0000000 9.0000000 9.0000000 9.0000000 9.0000000 9.0000000 0.8140253 0.8229599 9.0000000 0.8199698 9.0000000 
taxon_8    9.0000000 0.7109221 9.0000000 9.0000000 0.6602102 2.0827823 1.2768962 0.0000000 0.5999927 0.4535470 9.0000000 0.8269652 9.0000000 9.0000000 0.8022757 9.0000000 9.0000000 9.0000000 9.0000000 0.8239592 0.7935828 0.8619031 0.8619031 0.8629557 0.8309921 9.0000000 9.0000000 0.8219619 9.0000000 0.7993668 
taxon_9    9.0000000 0.7407505 9.0000000 9.0000000 0.7221874 9.0000000 9.0000000 0.5999927 0.0000000 0.5780613 9.0000000 0.8401323 9.0000000 9.0000000 0.8330137 9.0000000 9.0000000 9.0000000 9.0000000 0.8022757 0.8120542 0.8150128 0.8160016 0.8130391 0.7935828 9.0000000 9.0000000 0.7830931 9.0000000 0.8179831 
taxon_10   9.0000000 0.7040727 9.0000000 9.0000000 0.6506254 1.9371653 2.7835137 0.4535470 0.5780613 0.0000000 9.0000000 0.8411548 9.0000000 9.0000000 0.8061718 9.0000000 9.0000000 9.0000000 9.0000000 0.8360563 0.8071490 0.8100883 0.8169917 0.8209652 0.8091072 9.0000000 9.0000000 0.8022757 9.0000000 0.8071490 
taxon_11   0.8051959 9.0000000 0.7821467 0.8189758 9.0000000 0.8289760 0.8091072 9.0000000 9.0000000 9.0000000 0.0000000 9.0000000 0.7515680 0.7625438 9.0000000 0.7416461 0.7680926 0.8071490 0.8110706 9.0000000 9.0000000 9.0000000 9.0000000 9.0000000 9.0000000 0.7524766 0.8421787 9.0000000 0.8169917 9.0000000 
taxon_12   9.0000000 0.8022757 9.0000000 9.0000000 0.8320022 9.0000000 9.0000000 0.8269652 0.8401323 0.8411548 9.0000000 0.0000000 9.0000000 9.0000000 0.7248113 9.0000000 9.0000000 9.0000000 9.0000000 0.7964692 0.6814073 0.7718147 0.7974339 0.7764934 0.7625438 9.0000000 9.0000000 0.8130391 9.0000000 0.7983997 
taxon_13   0.8259619 9.0000000 0.8110706 0.8081275 9.0000000 0.8120542 0.8150128 9.0000000 9.0000000 9.0000000 0.7515680 9.0000000 0.0000000 0.6195329 3.8653015 0.6356956 0.6074480 0.7993668 0.7830931 9.0000000 9.0000000 9.0000000 9.0000000 9.0000000 9.0000000 0.7616230 0.8340265 9.0000000 0.8340265 9.0000000 
taxon_14   0.8130391 9.0000000 0.7926231 0.7793147 9.0000000 0.7955058 0.8340265 9.0000000 9.0000000 9.0000000 0.7625438 9.0000000 0.6195329 0.0000000 1.4261806 0.5518671 0.5033762 0.7690214 0.8042212 9.0000000 9.0000000 9.0000000 9.0000000 9.0000000 9.0000000 0.7727481 0.8473193 9.0000000 0.8299833 9.0000000 
taxon_15   9.0000000 0.8042212 9.0000000 9.0000000 0.7802575 9.0000000 9.0000000 0.8022757 0.8330137 0.8061718 9.0000000 0.7248113 3.8653015 1.4261806 0.0000000 2.1212523 1.8304281 9.0000000 9.0000000 0.8013048 0.7126442 0.7708824 0.7671649 0.7533862 0.7736827 9.0000000 9.0000000 0.8140253 9.0000000 0.8130391 
taxon_16   0.8081275 9.0000000 0.8556181 0.8629557 9.0000000 0.8140253 0.8140253 9.0000000 9.0000000 9.0000000 0.7416461 9.0000000 0.6356956 0.5518671 2.1212523 0.0000000 0.4720818 0.7783731 0.8110706 9.0000000 9.0000000 9.0000000 9.0000000 9.0000000 9.0000000 0.7764934 0.8421787 9.0000000 0.8320022 9.0000000 
taxon_17   0.7774327 9.0000000 0.8022757 0.8556181 9.0000000 0.7993668 0.8370732 9.0000000 9.0000000 9.0000000 0.7680926 9.0000000 0.6074480 0.5033762 1.8304281 0.4720818 0.0000000 0.7774327 0.8071490 9.0000000 9.0000000 9.0000000 9.0000000 9.0000000 9.0000000 0.7718147 0.8545757 9.0000000 0.8160016 9.0000000 
taxon_18   0.8289760 9.0000000 0.7783731 0.7974339 9.0000000 0.8081275 0.8209652 9.0000000 9.0000000 9.0000000 0.8071490 9.0000000 0.7993668 0.7690214 9.0000000 0.7783731 0.7774327 0.0000000 0.7497543 9.0000000 9.0000000 9.0000000 9.0000000 9.0000000 9.0000000 0.7230610 0.8013048 9.0000000 0.8071490 9.0000000 
taxon_19   0.8219619 9.0000000 0.7935828 0.8269652 9.0000000 0.8249599 0.8169917 9.0000000 9.0000000 9.0000000 0.8110706 9.0000000 0.7830931 0.8042212 9.0000000 0.8110706 0.8071490 0.7497543 0.0000000 9.0000000 9.0000000 9.0000000 9.0000000 9.0000000 9.0000000 0.7362889 0.8199698 9.0000000 0.8514572 9.0000000 
taxon_20   9.0000000 0.7802575 9.0000000 9.0000000 0.7897513 9.0000000 9.0000000 0.8239592 0.8022757 0.8360563 9.0000000 0.7964692 9.0000000 9.0000000 0.8013048 9.0000000 9.0000000 9.0000000 9.0000000 0.0000000 0.6498322 0.7416461 0.7607034 0.7470418 0.7859394 9.0000000 9.0000000 0.8320022 9.0000000 0.8452588 
taxon_21   9.0000000 0.7389627 9.0000000 9.0000000 0.7470418 9.0000000 9.0000000 0.7935828 0.8120542 0.8071490 9.0000000 0.6814073 9.0000000 9.0000000 0.7126442 9.0000000 9.0000000 9.0000000 9.0000000 0.6498322 0.0000000 0.5644960 0.5860286 0.5560531 0.5867571 1.3458222 9.0000000 0.7793147 9.0000000 0.7616230 
taxon_22   9.0000000 0.8071490 9.0000000 9.0000000 0.7897513 9.0000000 9.0000000 0.8619031 0.8150128 0.8100883 9.0000000 0.7718147 9.0000000 9.0000000 0.7708824 9.0000000 9.0000000 9.0000000 9.0000000 0.7416461 0.5644960 0.0000000 0.2408430 0.1395464 0.6913963 9.0000000 9.0000000 0.7840406 9.0000000 0.7955058 
taxon_23   9.0000000 0.8051959 9.0000000 9.0000000 0.7878429 9.0000000 9.0000000 0.8619031 0.8160016 0.8169917 9.0000000 0.7974339 9.0000000 9.0000000 0.7671649 9.0000000 9.0000000 9.0000000 9.0000000 0.7607034 0.5860286 0.2408430 0.0000000 0.1966732 0.7143703 9.0000000 9.0000000 0.8239592 9.0000000 0.8239592 
taxon_24   9.0000000 0.8110706 9.0000000 9.0000000 0.8003352 9.0000000 9.0000000 0.8629557 0.8130391 0.8209652 9.0000000 0.7764934 9.0000000 9.0000000 0.7533862 9.0000000 9.0000000 9.0000000 9.0000000 0.7470418 0.5560531 0.1395464 0.1966732 0.0000000 0.6964412 4.0620753 9.0000000 0.8169917 9.0000000 0.8100883 
taxon_25   9.0000000 0.8071490 9.0000000 9.0000000 0.7916646 9.0000000 9.0000000 0.8309921 0.7935828 0.8091072 9.0000000 0.7625438 9.0000000 9.0000000 0.7736827 9.0000000 9.0000000 9.0000000 9.0000000 0.7859394 0.5867571 0.6913963 0.7143703 0.6964412 0.0000000 9.0000000 9.0000000 0.8411548 9.0000000 0.8140253 
taxon_26   0.8130391 9.0000000 0.7708824 0.8022757 9.0000000 0.7916646 0.8140253 9.0000000 9.0000000 9.0000000 0.7524766 9.0000000 0.7616230 0.7727481 9.0000000 0.7764934 0.7718147 0.7230610 0.7362889 9.0000000 1.3458222 9.0000000 9.0000000 4.0620753 9.0000000 0.0000000 0.8545757 9.0000000 0.7897513 9.0000000 
taxon_27   0.8380915 9.0000000 0.8279699 0.8514572 9.0000000 0.8140253 0.8229599 9.0000000 9.0000000 9.0000000 0.8421787 9.0000000 0.8340265 0.8473193 9.0000000 0.8421787 0.8545757 0.8013048 0.8199698 9.0000000 9.0000000 9.0000000 9.0000000 9.0000000 9.0000000 0.8545757 0.0000000 9.0000000 0.6650489 9.0000000 
taxon_28   9.0000000 0.8032478 9.0000000 9.0000000 0.7993668 9.0000000 9.0000000 0.8219619 0.7830931 0.8022757 9.0000000 0.8130391 9.0000000 9.0000000 0.8140253 9.0000000 9.0000000 9.0000000 9.0000000 0.8320022 0.7793147 0.7840406 0.8239592 0.8169917 0.8411548 9.0000000 9.0000000 0.0000000 1.4914391 0.4702075 
taxon_29   0.7945437 9.0000000 0.7945437 0.8269652 9.0000000 0.8160016 0.8199698 9.0000000 9.0000000 9.0000000 0.8169917 9.0000000 0.8340265 0.8299833 9.0000000 0.8320022 0.8160016 0.8071490 0.8514572 9.0000000 9.0000000 9.0000000 9.0000000 9.0000000 9.0000000 0.7897513 0.6650489 1.4914391 0.0000000 1.0538531 
taxon_30   9.0000000 0.7653131 9.0000000 9.0000000 0.7840406 9.0000000 9.0000000 0.7993668 0.8179831 0.8071490 9.0000000 0.7983997 9.0000000 9.0000000 0.8130391 9.0000000 9.0000000 9.0000000 9.0000000 0.8452588 0.7616230 0.7955058 0.8239592 0.8100883 0.8140253 9.0000000 9.0000000 0.4702075 1.0538531 0.0000000 
