30
taxon_1    0.0000000 0.5992874 0.6590935 2.5047842 2.4389525 2.7462092 2.0383907 1.7945291 9.0000000 9.0000000 3.3151067 2.7274583 9.0000000 9.0000000 2.8477153 9.0000000 2.6568179 9.0000000 9.0000000 9.0000000 9.0000000 9.0000000 2.6738640 2.5769552 9.0000000 2.8054506 2.8477153 3.9922575 9.0000000 2.1758711 
taxon_2    0.5992874 0.0000000 0.6291586 2.2603353 2.2311108 2.8477153 2.0458165 1.6234441 9.0000000 9.0000000 4.2248737 2.3333094 9.0000000 9.0000000 2.8697757 3.0744259 3.0744259 9.0000000 9.0000000 3.9922575 9.0000000 9.0000000 2.8477153 3.1044299 9.0000000 2.8262852 3.0744259 9.0000000 9.0000000 2.2804707 
taxon_3    0.6590935 0.6291586 0.0000000 2.5472484 2.3555333 2.7462092 2.2216170 1.6900559 3.5514175 9.0000000 3.3567841 2.7654411 9.0000000 9.0000000 2.3224397 2.7274583 2.6078875 9.0000000 9.0000000 9.0000000 9.0000000 9.0000000 2.7654411 2.5769552 9.0000000 3.3567841 4.5638625 4.5638625 9.0000000 2.0840901 
taxon_4    2.5047842 2.2603353 2.5472484 0.0000000 1.9612198 2.3117252 1.8673475 1.5983721 3.1044299 9.0000000 2.5472484 3.0177952 3.2381161 3.2756239 2.8925047 2.8697757 2.6568179 9.0000000 9.0000000 3.6716745 9.0000000 9.0000000 2.2603353 2.9159441 3.9922575 2.7091647 3.1356844 4.8162167 9.0000000 2.1758711 
taxon_5    2.4389525 2.2311108 2.3555333 1.9612198 0.0000000 2.2311108 1.8673475 1.7631657 9.0000000 9.0000000 2.3901548 3.1682983 9.0000000 9.0000000 2.3901548 2.6401505 3.0177952 9.0000000 9.0000000 3.4478047 3.6091383 9.0000000 2.1583264 2.4264522 2.9910067 3.2023950 2.7274583 9.0000000 9.0000000 2.2407263 
taxon_6    2.7462092 2.8477153 2.7462092 2.3117252 2.2311108 0.0000000 0.6080148 1.3460179 2.4645960 2.3333094 2.8925047 4.5638625 2.5186735 9.0000000 9.0000000 9.0000000 9.0000000 2.8925047 2.5047842 2.9910067 2.5619547 2.6238455 9.0000000 3.2756239 2.5328249 9.0000000 9.0000000 2.9401397 9.0000000 2.6401505 
taxon_7    2.0383907 2.0458165 2.2216170 1.8673475 1.8673475 0.6080148 0.0000000 0.9058305 2.3443391 2.1411828 2.7274583 4.2248737 2.4389525 3.2381161 9.0000000 5.1993359 9.0000000 2.9651421 2.3011617 2.5047842 2.4911475 2.2029825 2.7274583 9.0000000 2.7274583 5.1993359 9.0000000 2.7654411 2.6568179 2.4264522 
taxon_8    1.7945291 1.6234441 1.6900559 1.5983721 1.7631657 1.3460179 0.9058305 0.0000000 2.1847998 2.2407263 2.4020598 9.0000000 2.5619547 2.4777543 3.1356844 9.0000000 3.1356844 3.4009145 2.6568179 2.5047842 2.8262852 2.7091647 2.1938360 9.0000000 2.4020598 9.0000000 9.0000000 2.4141569 2.6078875 1.6717064 
taxon_9    9.0000000 9.0000000 3.5514175 3.1044299 9.0000000 2.4645960 2.3443391 2.1847998 0.0000000 0.8977136 1.0816003 4.0995831 2.8262852 2.8925047 3.9922575 4.2248737 9.0000000 2.7274583 2.3555333 2.4516647 2.5472484 2.6568179 2.1327558 9.0000000 9.0000000 9.0000000 9.0000000 3.3567841 2.8925047 2.7462092 
taxon_10   9.0000000 9.0000000 9.0000000 9.0000000 9.0000000 2.3333094 2.1411828 2.2407263 0.8977136 0.0000000 0.9140363 9.0000000 2.2216170 2.7462092 3.1356844 3.4478047 3.8983851 3.3151067 2.6078875 2.0383907 2.4020598 2.3443391 2.3443391 9.0000000 2.6738640 9.0000000 3.1044299 2.4264522 3.1044299 2.5619547 
taxon_11   3.3151067 4.2248737 3.3567841 2.5472484 2.3901548 2.8925047 2.7274583 2.4020598 1.0816003 0.9140363 0.0000000 2.2216170 2.5922619 9.0000000 2.4264522 2.2603353 2.2216170 3.3151067 3.4009145 2.2907448 2.8925047 3.2756239 1.4633452 2.9401397 9.0000000 2.8697757 2.4645960 9.0000000 3.7399033 1.6363016 
taxon_12   2.7274583 2.3333094 2.7654411 3.0177952 3.1682983 4.5638625 4.2248737 9.0000000 4.0995831 9.0000000 2.2216170 0.0000000 0.9173439 4.0995831 2.3443391 2.1583264 3.1682983 2.5472484 2.9401397 2.6078875 3.3151067 3.2381161 1.7580636 2.4911475 3.8149659 3.4009145 2.9651421 9.0000000 9.0000000 2.1670475 
taxon_13   9.0000000 9.0000000 9.0000000 3.2381161 9.0000000 2.5186735 2.4389525 2.5619547 2.8262852 2.2216170 2.5922619 0.9173439 0.0000000 2.2603353 3.0177952 3.1356844 3.9922575 2.1938360 2.1938360 1.8272616 2.4141569 2.1411828 1.6854262 6.0232951 2.3011617 2.7654411 3.4978233 2.5472484 2.4516647 2.1327558 
taxon_14   9.0000000 9.0000000 9.0000000 3.2756239 9.0000000 9.0000000 3.2381161 2.4777543 2.8925047 2.7462092 9.0000000 4.0995831 2.2603353 0.0000000 1.3460179 1.5391308 1.1667206 1.9222500 1.7088657 1.3882826 2.4141569 1.7892100 1.3489591 9.0000000 3.1044299 9.0000000 9.0000000 2.5047842 2.8054506 4.2248737 
taxon_15   2.8477153 2.8697757 2.3224397 2.8925047 2.3901548 9.0000000 9.0000000 3.1356844 3.9922575 3.1356844 2.4264522 2.3443391 3.0177952 1.3460179 0.0000000 0.9173439 0.5810722 2.0383907 2.2216170 1.2549134 2.2311108 1.6762518 0.9375019 2.8054506 9.0000000 2.2603353 3.1044299 3.1682983 2.6401505 2.1938360 
taxon_16   9.0000000 3.0744259 2.7274583 2.8697757 2.6401505 9.0000000 5.1993359 9.0000000 4.2248737 3.4478047 2.2603353 2.1583264 3.1356844 1.5391308 0.9173439 0.0000000 0.7253672 2.7851791 2.6078875 1.5861436 2.4645960 2.1080283 1.2119724 2.8054506 9.0000000 3.2381161 3.0744259 9.0000000 9.0000000 2.0458165 
taxon_17   2.6568179 3.0744259 2.6078875 2.6568179 3.0177952 9.0000000 9.0000000 3.1356844 9.0000000 3.8983851 2.2216170 3.1682983 3.9922575 1.1667206 0.5810722 0.7253672 0.0000000 1.9159475 1.9096974 1.1736866 1.9679163 1.5429379 0.8738768 2.4911475 9.0000000 2.3555333 3.1682983 3.8149659 4.2248737 2.0762775 
taxon_18   9.0000000 9.0000000 9.0000000 9.0000000 9.0000000 2.8925047 2.9651421 3.4009145 2.7274583 3.3151067 3.3151067 2.5472484 2.1938360 1.9222500 2.0383907 2.7851791 1.9159475 0.0000000 0.7305174 1.3882826 1.7839282 1.8556741 1.4297826 9.0000000 2.5922619 9.0000000 9.0000000 3.7399033 2.9651421 2.9159441 
taxon_19   9.0000000 9.0000000 9.0000000 9.0000000 9.0000000 2.5047842 2.3011617 2.6568179 2.3555333 2.6078875 3.4009145 2.9401397 2.1938360 1.7088657 2.2216170 2.6078875 1.9096974 0.7305174 0.0000000 1.3200538 1.9096974 1.7429624 1.3460179 9.0000000 2.5186735 9.0000000 9.0000000 3.7399033 2.4777543 2.4264522 
taxon_20   9.0000000 3.9922575 9.0000000 3.6716745 3.4478047 2.9910067 2.5047842 2.5047842 2.4516647 2.0383907 2.2907448 2.6078875 1.8272616 1.3882826 1.2549134 1.5861436 1.1736866 1.3882826 1.3200538 0.0000000 1.2022162 0.8754426 0.6416778 3.6716745 2.6568179 9.0000000 9.0000000 2.4020598 2.5472484 2.3668971 
taxon_21   9.0000000 9.0000000 9.0000000 9.0000000 3.6091383 2.5619547 2.4911475 2.8262852 2.5472484 2.4020598 2.8925047 3.3151067 2.4141569 2.4141569 2.2311108 2.4645960 1.9679163 1.7839282 1.9096974 1.2022162 0.0000000 1.2813712 1.3851835 3.4009145 2.3443391 9.0000000 9.0000000 2.7274583 2.3784358 3.8983851 
taxon_22   9.0000000 9.0000000 9.0000000 9.0000000 9.0000000 2.6238455 2.2029825 2.7091647 2.6568179 2.3443391 3.2756239 3.2381161 2.1411828 1.7892100 1.6762518 2.1080283 1.5429379 1.8556741 1.7429624 0.8754426 1.2813712 0.0000000 1.1218642 3.7399033 2.6568179 9.0000000 9.0000000 2.7091647 2.7654411 2.4020598 
taxon_23   2.6738640 2.8477153 2.7654411 2.2603353 2.1583264 9.0000000 2.7274583 2.1938360 2.1327558 2.3443391 1.4633452 1.7580636 1.6854262 1.3489591 0.9375019 1.2119724 0.8738768 1.4297826 1.3460179 0.6416778 1.3851835 1.1218642 0.0000000 2.4777543 4.3753767 2.6913067 3.5514175 9.0000000 9.0000000 1.4772024 
taxon_24   2.5769552 3.1044299 2.5769552 2.9159441 2.4264522 3.2756239 9.0000000 9.0000000 9.0000000 9.0000000 2.9401397 2.4911475 6.0232951 9.0000000 2.8054506 2.8054506 2.4911475 9.0000000 9.0000000 3.6716745 3.4009145 3.7399033 2.4777543 0.0000000 0.3945886 3.7399033 3.8983851 9.0000000 9.0000000 2.6078875 
taxon_25   9.0000000 9.0000000 9.0000000 3.9922575 2.9910067 2.5328249 2.7274583 2.4020598 9.0000000 2.6738640 9.0000000 3.8149659 2.3011617 3.1044299 9.0000000 9.0000000 9.0000000 2.5922619 2.5186735 2.6568179 2.3443391 2.6568179 4.3753767 0.3945886 0.0000000 9.0000000 9.0000000 3.4009145 2.5472484 3.1356844 
taxon_26   2.8054506 2.8262852 3.3567841 2.7091647 3.2023950 9.0000000 5.1993359 9.0000000 9.0000000 9.0000000 2.8697757 3.4009145 2.7654411 9.0000000 2.2603353 3.2381161 2.3555333 9.0000000 9.0000000 9.0000000 9.0000000 9.0000000 2.6913067 3.7399033 9.0000000 0.0000000 0.9240032 0.9173439 0.4214822 1.5467645 
taxon_27   2.8477153 3.0744259 4.5638625 3.1356844 2.7274583 9.0000000 9.0000000 9.0000000 9.0000000 3.1044299 2.4645960 2.9651421 3.4978233 9.0000000 3.1044299 3.0744259 3.1682983 9.0000000 9.0000000 9.0000000 9.0000000 9.0000000 3.5514175 3.8983851 9.0000000 0.9240032 0.0000000 1.0857382 0.9582167 1.9612198 
taxon_28   3.9922575 9.0000000 4.5638625 4.8162167 9.0000000 2.9401397 2.7654411 2.4141569 3.3567841 2.4264522 9.0000000 9.0000000 2.5472484 2.5047842 3.1682983 9.0000000 3.8149659 3.7399033 3.7399033 2.4020598 2.7274583 2.7091647 9.0000000 9.0000000 3.4009145 0.9173439 1.0857382 0.0000000 0.7554759 2.1938360 
taxon_29   9.0000000 9.0000000 9.0000000 9.0000000 9.0000000 9.0000000 2.6568179 2.6078875 2.8925047 3.1044299 3.7399033 9.0000000 2.4516647 2.8054506 2.6401505 9.0000000 4.2248737 2.9651421 2.4777543 2.5472484 2.3784358 2.7654411 9.0000000 9.0000000 2.5472484 0.4214822 0.9582167 0.7554759 0.0000000 1.7529960 
taxon_30   2.1758711 2.2804707 2.0840901 2.1758711 2.2407263 2.6401505 2.4264522 1.6717064 2.7462092 2.5619547 1.6363016 2.1670475 2.1327558 4.2248737 2.1938360 2.0458165 2.0762775 2.9159441 2.4264522 2.3668971 3.8983851 2.4020598 1.4772024 2.6078875 3.1356844 1.5467645 1.9612198 2.1938360 1.7529960 0.0000000 
