30
taxon_1    0.0000000 0.9116967 1.1873404 9.0000000 1.2212107 9.0000000 1.2191755 9.0000000 1.1932075 1.2481846 9.0000000 9.0000000 1.1044340 1.2212107 9.0000000 9.0000000 1.1310641 9.0000000 9.0000000 1.1991208 9.0000000 1.2030891 1.1912467 9.0000000 1.2070784 9.0000000 9.0000000 1.2011023 9.0000000 9.0000000 
taxon_2    0.9116967 0.0000000 1.1795884 9.0000000 1.1292590 9.0000000 1.2171457 9.0000000 1.2110891 1.1932075 9.0000000 9.0000000 1.0393209 1.2011023 9.0000000 9.0000000 1.1202983 9.0000000 9.0000000 1.2011023 9.0000000 1.1438226 1.2011023 9.0000000 1.1892910 9.0000000 9.0000000 1.1475081 9.0000000 9.0000000 
taxon_3    1.1873404 1.1795884 0.0000000 0.8621135 1.1719157 9.0000000 1.1167438 9.0000000 1.1853949 1.2503003 9.0000000 2.7334077 0.8458764 1.1662123 9.0000000 9.0000000 1.1643207 9.0000000 9.0000000 1.1991208 9.0000000 1.1738266 1.2050811 9.0000000 1.2418732 9.0000000 9.0000000 1.2011023 9.0000000 3.2687326 
taxon_4    9.0000000 9.0000000 0.8621135 0.0000000 9.0000000 1.1061803 9.0000000 1.0871919 9.0000000 9.0000000 1.1662123 0.9335961 1.5575829 9.0000000 1.2070784 1.1757423 9.0000000 1.2252979 1.1719157 9.0000000 1.1132061 9.0000000 9.0000000 1.1605519 9.0000000 1.1438226 1.1624339 9.0000000 1.1149729 0.9547243 
taxon_5    1.2212107 1.1292590 1.1719157 9.0000000 0.0000000 0.7830931 0.9143994 1.9514173 0.9706055 0.9647915 3.7285608 9.0000000 0.9779369 1.1605519 9.0000000 9.0000000 1.1873404 9.0000000 9.0000000 1.2030891 9.0000000 1.2011023 1.2761649 9.0000000 1.1873404 9.0000000 9.0000000 1.1643207 9.0000000 9.0000000 
taxon_6    9.0000000 9.0000000 9.0000000 1.1061803 0.7830931 0.0000000 1.5868717 0.6733471 2.0616541 1.9043637 0.9294410 1.0313675 2.0250615 9.0000000 1.1346873 1.1530705 9.0000000 1.1951734 1.1757423 9.0000000 1.1738266 9.0000000 9.0000000 1.1951734 9.0000000 1.2011023 1.1438226 9.0000000 1.1681086 1.1256619 
taxon_7    1.2191755 1.2171457 1.1167438 9.0000000 0.9143994 1.5868717 0.0000000 0.6723661 0.8787099 0.8996537 2.4987535 3.6729799 0.9590223 1.1292590 9.0000000 9.0000000 1.1365054 9.0000000 9.0000000 1.1202983 9.0000000 1.1383280 1.1475081 9.0000000 1.2252979 9.0000000 9.0000000 1.1776629 9.0000000 9.0000000 
taxon_8    9.0000000 9.0000000 9.0000000 1.0871919 1.9514173 0.6733471 0.6723661 0.0000000 1.6747943 1.8319603 0.8812961 1.0172605 1.9145679 9.0000000 1.1738266 1.0923231 9.0000000 1.1991208 1.1681086 9.0000000 1.1757423 9.0000000 9.0000000 1.1079306 9.0000000 1.1605519 1.1605519 9.0000000 1.1700098 1.0250649 
taxon_9    1.1932075 1.2110891 1.1853949 9.0000000 0.9706055 2.0616541 0.8787099 1.6747943 0.0000000 0.8930457 1.8458926 9.0000000 0.9913169 1.1149729 9.0000000 9.0000000 1.1605519 9.0000000 9.0000000 1.1719157 9.0000000 1.1892910 1.3330966 9.0000000 1.1512118 9.0000000 9.0000000 1.1530705 9.0000000 9.0000000 
taxon_10   1.2481846 1.1932075 1.2503003 9.0000000 0.9647915 1.9043637 0.8996537 1.8319603 0.8930457 0.0000000 2.1001241 9.0000000 1.0361294 1.1624339 9.0000000 9.0000000 1.1009538 9.0000000 9.0000000 1.1605519 9.0000000 1.1971445 1.2171457 9.0000000 1.2588231 9.0000000 9.0000000 1.1475081 9.0000000 9.0000000 
taxon_11   9.0000000 9.0000000 9.0000000 1.1662123 3.7285608 0.9294410 2.4987535 0.8812961 1.8458926 2.1001241 0.0000000 1.1220819 3.6212353 9.0000000 1.1274583 1.1493577 9.0000000 1.2030891 1.1328735 9.0000000 1.1624339 9.0000000 9.0000000 1.1912467 9.0000000 1.1795884 1.1738266 9.0000000 1.2171457 1.0871919 
taxon_12   9.0000000 9.0000000 2.7334077 0.9335961 9.0000000 1.0313675 3.6729799 1.0172605 9.0000000 9.0000000 1.1220819 0.0000000 0.7796917 3.5728314 1.0670113 1.0361294 2.5569222 1.1438226 1.1114434 9.0000000 1.1365054 9.0000000 9.0000000 1.1185190 9.0000000 1.0854893 1.0787172 9.0000000 1.1185190 0.8275679 
taxon_13   1.1044340 1.0393209 0.8458764 1.5575829 0.9779369 2.0250615 0.9590223 1.9145679 0.9913169 1.0361294 3.6212353 0.7796917 0.0000000 0.9633450 3.1531196 2.4344284 0.7629125 9.0000000 9.0000000 1.1149729 5.1324010 0.9419761 1.1346873 9.0000000 1.0957634 2.9240832 2.8490207 1.0489777 9.0000000 1.1401551 
taxon_14   1.2212107 1.2011023 1.1662123 9.0000000 1.1605519 9.0000000 1.1292590 9.0000000 1.1149729 1.1624339 9.0000000 3.5728314 0.9633450 0.0000000 1.6975233 0.8458764 0.7629125 9.0000000 9.0000000 1.0637001 3.4844941 0.9794119 1.1274583 9.0000000 1.0906088 4.0926915 9.0000000 1.0297869 9.0000000 1.7829815 
taxon_15   9.0000000 9.0000000 9.0000000 1.2070784 9.0000000 1.1346873 9.0000000 1.1738266 9.0000000 9.0000000 1.1274583 1.0670113 3.1531196 1.6975233 0.0000000 0.7054376 2.6467731 1.1932075 1.1328735 9.0000000 1.1530705 4.3084517 9.0000000 1.1419866 9.0000000 1.1061803 1.1624339 9.0000000 1.2011023 0.9898184 
taxon_16   9.0000000 9.0000000 9.0000000 1.1757423 9.0000000 1.1530705 9.0000000 1.0923231 9.0000000 9.0000000 1.1493577 1.0361294 2.4344284 0.8458764 0.7054376 0.0000000 1.5417930 1.1681086 1.0361294 3.3339911 1.0571211 2.3847413 9.0000000 1.0974896 9.0000000 1.0720058 1.0804045 3.1013744 1.0770337 0.8167936 
taxon_17   1.1310641 1.1202983 1.1643207 9.0000000 1.1873404 9.0000000 1.1365054 9.0000000 1.1605519 1.1009538 9.0000000 2.5569222 0.7629125 0.7629125 2.6467731 1.5417930 0.0000000 9.0000000 9.0000000 1.0473595 2.7182557 0.8299833 0.9943229 3.7285608 1.0080011 2.0310377 2.7488722 0.9633450 9.0000000 1.1912467 
taxon_18   9.0000000 9.0000000 9.0000000 1.2252979 9.0000000 1.1951734 9.0000000 1.1991208 9.0000000 9.0000000 1.2030891 1.1438226 9.0000000 9.0000000 1.1932075 1.1681086 9.0000000 0.0000000 1.0571211 9.0000000 1.1738266 9.0000000 9.0000000 1.1605519 9.0000000 1.0906088 1.1149729 9.0000000 1.1815189 0.9973410 
taxon_19   9.0000000 9.0000000 9.0000000 1.1719157 9.0000000 1.1757423 9.0000000 1.1681086 9.0000000 9.0000000 1.1328735 1.1114434 9.0000000 9.0000000 1.1328735 1.0361294 9.0000000 1.0571211 0.0000000 0.3620835 1.1643207 9.0000000 9.0000000 1.1328735 9.0000000 1.1096849 1.1493577 9.0000000 1.2376949 1.0219334 
taxon_20   1.1991208 1.2011023 1.1991208 9.0000000 1.2030891 9.0000000 1.1202983 9.0000000 1.1719157 1.1605519 9.0000000 9.0000000 1.1149729 1.0637001 9.0000000 3.3339911 1.0473595 9.0000000 0.3620835 0.0000000 9.0000000 1.0686724 1.1853949 9.0000000 1.1365054 9.0000000 9.0000000 1.1346873 9.0000000 3.2687326 
taxon_21   9.0000000 9.0000000 9.0000000 1.1132061 9.0000000 1.1738266 9.0000000 1.1757423 9.0000000 9.0000000 1.1624339 1.1365054 5.1324010 3.4844941 1.1530705 1.0571211 2.7182557 1.1738266 1.1643207 9.0000000 0.0000000 1.0003713 1.8893130 0.7933907 1.6636830 0.9157545 0.9619013 2.2691283 1.2151214 0.9036466 
taxon_22   1.2030891 1.1438226 1.1738266 9.0000000 1.2011023 9.0000000 1.1383280 9.0000000 1.1892910 1.1971445 9.0000000 9.0000000 0.9419761 0.9794119 4.3084517 2.3847413 0.8299833 9.0000000 9.0000000 1.0686724 1.0003713 0.0000000 0.6040085 1.1185190 0.5656283 1.5835604 2.0431347 0.7933907 9.0000000 1.5607812 
taxon_23   1.1912467 1.2011023 1.2050811 9.0000000 1.2761649 9.0000000 1.1475081 9.0000000 1.3330966 1.2171457 9.0000000 9.0000000 1.1346873 1.1274583 9.0000000 9.0000000 0.9943229 9.0000000 9.0000000 1.1853949 1.8893130 0.6040085 0.0000000 1.8458926 0.8003352 3.0075022 9.0000000 0.9853408 9.0000000 2.7488722 
taxon_24   9.0000000 9.0000000 9.0000000 1.1605519 9.0000000 1.1951734 9.0000000 1.1079306 9.0000000 9.0000000 1.1912467 1.1185190 9.0000000 9.0000000 1.1419866 1.0974896 3.7285608 1.1605519 1.1328735 9.0000000 0.7933907 1.1185190 1.8458926 0.0000000 1.6419423 0.9988546 1.0670113 2.9646337 1.1834544 0.9691478 
taxon_25   1.2070784 1.1892910 1.2418732 9.0000000 1.1873404 9.0000000 1.2252979 9.0000000 1.1512118 1.2588231 9.0000000 9.0000000 1.0957634 1.0906088 9.0000000 9.0000000 1.0080011 9.0000000 9.0000000 1.1365054 1.6636830 0.5656283 0.8003352 1.6419423 0.0000000 2.5449219 9.0000000 0.9720661 9.0000000 2.3944189 
taxon_26   9.0000000 9.0000000 9.0000000 1.1438226 9.0000000 1.2011023 9.0000000 1.1605519 9.0000000 9.0000000 1.1795884 1.0854893 2.9240832 4.0926915 1.1061803 1.0720058 2.0310377 1.0906088 1.1096849 9.0000000 0.9157545 1.5835604 3.0075022 0.9988546 2.5449219 0.0000000 0.9116967 2.1001241 1.1220819 0.8735641 
taxon_27   9.0000000 9.0000000 9.0000000 1.1624339 9.0000000 1.1438226 9.0000000 1.1605519 9.0000000 9.0000000 1.1738266 1.0787172 2.8490207 9.0000000 1.1624339 1.0804045 2.7488722 1.1149729 1.1493577 9.0000000 0.9619013 2.0431347 9.0000000 1.0670113 9.0000000 0.9116967 0.0000000 1.0297869 1.2050811 0.9433819 
taxon_28   1.2011023 1.1475081 1.2011023 9.0000000 1.1643207 9.0000000 1.1776629 9.0000000 1.1530705 1.1475081 9.0000000 9.0000000 1.0489777 1.0297869 9.0000000 3.1013744 0.9633450 9.0000000 9.0000000 1.1346873 2.2691283 0.7933907 0.9853408 2.9646337 0.9720661 2.1001241 1.0297869 0.0000000 9.0000000 2.3381425 
taxon_29   9.0000000 9.0000000 9.0000000 1.1149729 9.0000000 1.1681086 9.0000000 1.1700098 9.0000000 9.0000000 1.2171457 1.1185190 9.0000000 9.0000000 1.2011023 1.0770337 9.0000000 1.1815189 1.2376949 9.0000000 1.2151214 9.0000000 9.0000000 1.1834544 9.0000000 1.1220819 1.2050811 9.0000000 0.0000000 0.9447903 
taxon_30   9.0000000 9.0000000 3.2687326 0.9547243 9.0000000 1.1256619 9.0000000 1.0250649 9.0000000 9.0000000 1.0871919 0.8275679 1.1401551 1.7829815 0.9898184 0.8167936 1.1912467 0.9973410 1.0219334 3.2687326 0.9036466 1.5607812 2.7488722 0.9691478 2.3944189 0.8735641 0.9433819 2.3381425 0.9447903 0.0000000 
