30
taxon_1    0.0000000 2.8856134 3.4538776 3.2015235 4.1410957 3.3600053 2.6640152 2.6134342 2.6467731 2.5815145 2.6299184 2.8625346 4.2778369 2.6134342 2.4267622 4.1410957 1.9005727 3.0130376 1.7733454 2.4141569 9.0000000 2.5360461 4.2778369 2.5360461 3.2765861 2.0774442 2.7182557 2.5973046 1.8228138 0.8239592 
taxon_2    2.8856134 0.0000000 1.4534565 1.3319146 9.0000000 9.0000000 4.1410957 9.0000000 4.4451945 9.0000000 9.0000000 9.0000000 9.0000000 5.4849153 9.0000000 9.0000000 9.0000000 4.2778369 3.5612033 9.0000000 9.0000000 9.0000000 9.0000000 4.2778369 3.9253341 4.2778369 9.0000000 9.0000000 3.8369969 9.0000000 
taxon_3    3.4538776 1.4534565 0.0000000 1.2045826 2.6816631 4.2778369 4.4451945 4.9650549 3.3171365 2.7567257 4.9650549 9.0000000 3.4054737 4.9650549 3.9253341 9.0000000 9.0000000 5.4849153 3.8369969 4.9650549 2.8625346 9.0000000 9.0000000 9.0000000 4.4451945 3.2765861 9.0000000 9.0000000 3.6864938 3.0130376 
taxon_4    3.2015235 1.3319146 1.2045826 0.0000000 9.0000000 3.0130376 4.1410957 9.0000000 3.4538776 9.0000000 4.9650549 9.0000000 3.5056223 9.0000000 3.6212353 9.0000000 2.8401449 9.0000000 3.4538776 9.0000000 3.3171365 2.9857619 9.0000000 3.0130376 3.5612033 2.8856134 4.2778369 2.9340173 4.0254827 2.5071964 
taxon_5    4.1410957 9.0000000 2.6816631 9.0000000 0.0000000 1.6330665 1.4129061 1.9802937 1.5378976 2.3895645 1.6330665 4.9650549 2.6299184 2.2368653 2.3313958 2.8184042 2.1184380 3.5056223 1.8400560 9.0000000 2.7567257 9.0000000 2.5214825 2.9094249 2.6997362 2.4017599 4.1410957 3.1666335 2.7567257 2.1707848 
taxon_6    3.3600053 9.0000000 4.2778369 3.0130376 1.6330665 0.0000000 0.4259880 1.5263293 1.1132061 1.8115354 1.1378720 2.2774157 2.0088685 1.8342645 1.8577039 2.4267622 1.7894750 2.5973046 1.5985776 4.9650549 2.7972761 3.6212353 2.5214825 2.5660501 2.6816631 2.2670707 2.6816631 2.8401449 1.7949296 1.8228138 
taxon_7    2.6640152 4.1410957 4.4451945 4.1410957 1.4129061 0.4259880 0.0000000 1.2070784 0.7902292 1.3144041 0.7988831 2.0695076 1.8285173 1.7786835 1.5778007 2.4141569 1.5225125 2.3313958 1.3775676 3.1332946 2.4931773 2.9094249 2.6299184 2.3093354 2.2985439 1.8577039 2.6134342 2.3775642 1.4926578 1.4781646 
taxon_8    2.6134342 9.0000000 4.9650549 9.0000000 1.9802937 1.5263293 1.2070784 0.0000000 0.4207125 2.0538821 1.3029535 2.4659015 2.3426742 2.1890784 1.9733169 2.9857619 1.7072008 2.2467992 1.7120868 4.1410957 2.5360461 3.1332946 3.5056223 2.4659015 2.9594434 2.2270612 3.1332946 2.6467731 2.0235749 2.0385754 
taxon_9    2.6467731 4.4451945 3.3171365 3.4538776 1.5378976 1.1132061 0.7902292 0.4207125 0.0000000 1.4926578 0.9013148 2.2078294 2.0538821 1.9262162 1.6975233 2.5360461 1.5340217 2.1707848 1.3998623 3.1013749 2.4526268 3.2765861 9.0000000 2.3895645 2.6640152 2.1529268 2.6299184 2.3775642 1.5985776 1.6927309 
taxon_10   2.5815145 9.0000000 2.7567257 9.0000000 2.3895645 1.8115354 1.3144041 2.0538821 1.4926578 0.0000000 0.6134661 2.4017599 2.6134342 2.4659015 2.4526268 3.3171365 2.1983953 3.2015235 2.1100580 3.6864938 2.7767269 3.0130376 9.0000000 3.1666335 3.1666335 2.4141569 3.5056223 4.6609561 2.1100580 2.2568665 
taxon_11   2.6299184 9.0000000 4.9650549 4.9650549 1.6330665 1.1378720 0.7988831 1.3029535 0.9013148 0.6134661 0.0000000 2.3895645 2.1890784 2.0935739 1.8115354 2.7972761 1.6646026 3.0707584 1.5575838 3.2765861 2.3313958 2.6467731 9.0000000 2.9594434 2.2670707 2.0695076 2.4931773 2.5508980 1.6330665 1.6113258 
taxon_12   2.8625346 9.0000000 9.0000000 9.0000000 4.9650549 2.2774157 2.0695076 2.4659015 2.2078294 2.4017599 2.3895645 0.0000000 0.6180116 2.5071964 2.3657530 2.9094249 2.0695076 3.5056223 2.0854657 4.9650549 9.0000000 3.0413429 3.8369969 3.9253341 2.8625346 2.2467992 3.9253341 2.5815145 2.2173837 2.2985439 
taxon_13   4.2778369 9.0000000 3.4054737 3.5056223 2.6299184 2.0088685 1.8285173 2.3426742 2.0538821 2.6134342 2.1890784 0.6180116 0.0000000 2.4017599 2.4931773 3.6864938 2.2173837 3.7579765 2.1100580 9.0000000 4.0254827 3.0413429 4.0254827 3.4538776 9.0000000 2.4526268 3.3171365 3.3600053 2.2568665 2.3093354 
taxon_14   2.6134342 5.4849153 4.9650549 9.0000000 2.2368653 1.8342645 1.7786835 2.1890784 1.9262162 2.4659015 2.0935739 2.5071964 2.4017599 0.0000000 1.3438196 2.9594434 2.2985439 3.5612033 2.0854657 9.0000000 3.6864938 4.6609561 4.1410957 3.2015235 4.6609561 2.9857619 3.6212353 3.4054737 2.2078294 2.0161857 
taxon_15   2.4267622 9.0000000 3.9253341 3.6212353 2.3313958 1.8577039 1.5778007 1.9733169 1.6975233 2.4526268 1.8115354 2.3657530 2.4931773 1.3438196 0.0000000 3.8369969 1.9197226 2.7972761 1.7420909 3.5612033 2.9857619 2.6816631 3.1332946 2.7567257 2.7372441 2.1890784 4.6609561 3.2381161 1.9733169 1.9393744 
taxon_16   4.1410957 9.0000000 9.0000000 9.0000000 2.8184042 2.4267622 2.4141569 2.9857619 2.5360461 3.3171365 2.7972761 2.9094249 3.6864938 2.9594434 3.8369969 0.0000000 1.9527676 9.0000000 1.8228138 4.4451945 2.8625346 2.6640152 4.0254827 2.6134342 3.0130376 2.3775642 3.0707584 2.6816631 2.1017707 2.1618027 
taxon_17   1.9005727 9.0000000 9.0000000 2.8401449 2.1184380 1.7894750 1.5225125 1.7072008 1.5340217 2.1983953 1.6646026 2.0695076 2.2173837 2.2985439 1.9197226 1.9527676 0.0000000 1.2778114 0.2877777 2.6299184 1.9197226 2.0088685 2.6816631 2.1441548 2.2173837 1.5457102 2.7767269 1.9393744 1.3029535 1.2860988 
taxon_18   3.0130376 4.2778369 5.4849153 9.0000000 3.5056223 2.5973046 2.3313958 2.2467992 2.1707848 3.2015235 3.0707584 3.5056223 3.7579765 3.5612033 2.7972761 9.0000000 1.2778114 0.0000000 1.0979217 3.0130376 3.7579765 2.5214825 3.1332946 3.5056223 9.0000000 2.5815145 2.6816631 2.6134342 2.1798759 2.1441548 
taxon_19   1.7733454 3.5612033 3.8369969 3.4538776 1.8400560 1.5985776 1.3775676 1.7120868 1.3998623 2.1100580 1.5575838 2.0854657 2.1100580 2.0854657 1.7420909 1.8228138 0.2877777 1.0979217 0.0000000 2.2078294 1.9327665 1.9262162 2.3426742 2.0774442 2.0310377 1.3620391 2.5360461 1.9132848 1.0850642 1.0641132 
taxon_20   2.4141569 9.0000000 4.9650549 9.0000000 9.0000000 4.9650549 3.1332946 4.1410957 3.1013749 3.6864938 3.2765861 4.9650549 9.0000000 9.0000000 3.5612033 4.4451945 2.6299184 3.0130376 2.2078294 0.0000000 1.2972931 1.0893256 1.5656053 1.5737135 2.1798759 1.5149367 2.6134342 2.9594434 1.9393744 2.0695076 
taxon_21   9.0000000 9.0000000 2.8625346 3.3171365 2.7567257 2.7972761 2.4931773 2.5360461 2.4526268 2.7767269 2.3313958 9.0000000 4.0254827 3.6864938 2.9857619 2.8625346 1.9197226 3.7579765 1.9327665 1.2972931 0.0000000 1.0558939 1.6692180 1.7840598 2.2568665 1.5696484 2.5508980 2.6640152 1.9802937 2.3541248 
taxon_22   2.5360461 9.0000000 9.0000000 2.9857619 9.0000000 3.6212353 2.9094249 3.1332946 3.2765861 3.0130376 2.6467731 3.0413429 3.0413429 4.6609561 2.6816631 2.6640152 2.0088685 2.5214825 1.9262162 1.0893256 1.0558939 0.0000000 1.7269388 1.4674756 2.0310377 1.4431115 2.6997362 2.8625346 1.8636800 1.9733169 
taxon_23   4.2778369 9.0000000 9.0000000 9.0000000 2.5214825 2.5214825 2.6299184 3.5056223 9.0000000 9.0000000 9.0000000 3.8369969 4.0254827 4.1410957 3.1332946 4.0254827 2.6816631 3.1332946 2.3426742 1.5656053 1.6692180 1.7269388 0.0000000 1.5615838 2.1890784 1.6419423 2.7182557 2.9340173 1.9595550 2.3202845 
taxon_24   2.5360461 4.2778369 9.0000000 3.0130376 2.9094249 2.5660501 2.3093354 2.4659015 2.3895645 3.1666335 2.9594434 3.9253341 3.4538776 3.2015235 2.7567257 2.6134342 2.1441548 3.5056223 2.0774442 1.5737135 1.7840598 1.4674756 1.5615838 0.0000000 2.0161857 1.4745846 3.3171365 3.1013749 1.7269388 2.1100580 
taxon_25   3.2765861 3.9253341 4.4451945 3.5612033 2.6997362 2.6816631 2.2985439 2.9594434 2.6640152 3.1666335 2.2670707 2.8625346 9.0000000 4.6609561 2.7372441 3.0130376 2.2173837 9.0000000 2.0310377 2.1798759 2.2568665 2.0310377 2.1890784 2.0161857 0.0000000 1.0103052 2.6467731 2.6816631 1.8577039 2.0088685 
taxon_26   2.0774442 4.2778369 3.2765861 2.8856134 2.4017599 2.2670707 1.8577039 2.2270612 2.1529268 2.4141569 2.0695076 2.2467992 2.4526268 2.9857619 2.1890784 2.3775642 1.5457102 2.5815145 1.3620391 1.5149367 1.5696484 1.4431115 1.6419423 1.4745846 1.0103052 0.0000000 2.3313958 1.9664044 1.3029535 1.4329073 
taxon_27   2.7182557 9.0000000 9.0000000 4.2778369 4.1410957 2.6816631 2.6134342 3.1332946 2.6299184 3.5056223 2.4931773 3.9253341 3.3171365 3.6212353 4.6609561 3.0707584 2.7767269 2.6816631 2.5360461 2.6134342 2.5508980 2.6997362 2.7182557 3.3171365 2.6467731 2.3313958 0.0000000 0.8530148 1.9327665 2.2173837 
taxon_28   2.5973046 9.0000000 9.0000000 2.9340173 3.1666335 2.8401449 2.3775642 2.6467731 2.3775642 4.6609561 2.5508980 2.5815145 3.3600053 3.4054737 3.2381161 2.6816631 1.9393744 2.6134342 1.9132848 2.9594434 2.6640152 2.8625346 2.9340173 3.1013749 2.6816631 1.9664044 0.8530148 0.0000000 1.7523650 2.0310377 
taxon_29   1.8228138 3.8369969 3.6864938 4.0254827 2.7567257 1.7949296 1.4926578 2.0235749 1.5985776 2.1100580 1.6330665 2.2173837 2.2568665 2.2078294 1.9733169 2.1017707 1.3029535 2.1798759 1.0850642 1.9393744 1.9802937 1.8636800 1.9595550 1.7269388 1.8577039 1.3029535 1.9327665 1.7523650 0.0000000 1.0641132 
taxon_30   0.8239592 9.0000000 3.0130376 2.5071964 2.1707848 1.8228138 1.4781646 2.0385754 1.6927309 2.2568665 1.6113258 2.2985439 2.3093354 2.0161857 1.9393744 2.1618027 1.2860988 2.1441548 1.0641132 2.0695076 2.3541248 1.9733169 2.3202845 2.1100580 2.0088685 1.4329073 2.2173837 2.0310377 1.0641132 0.0000000 
