30
taxon_1    0.0000000 1.7453446 1.7134249 2.6849169 2.3917671 2.2888663 2.1815407 1.6211295 1.5568588 2.7014010 2.7014010 2.1732533 2.4028785 1.6616803 2.3182818 1.7089736 1.5789192 1.5641404 2.6849169 1.7500176 2.5110655 1.6016482 2.6223807 2.4028785 1.5496472 1.8999999 1.3945909 1.6171926 2.5373836 1.6093802 
taxon_2    1.7453446 0.0000000 0.4587801 0.5364052 1.7134249 1.8034382 1.7269387 1.4033972 1.4153022 2.1569483 2.4490469 2.0517763 1.9411868 1.4843887 2.1489268 1.5864193 1.4976633 1.8186930 2.3083479 1.7001503 2.6375327 1.6616803 2.6849169 2.4256075 1.6616803 2.0378870 1.5496472 1.6575251 2.6075287 1.7179026 
taxon_3    1.7134249 0.4587801 0.0000000 0.4195982 1.7179026 1.6533929 1.8034382 1.4335218 1.3801395 2.3182818 2.5508971 2.0175238 2.1650565 1.4943225 2.2793120 1.5460673 1.5389582 1.9720553 2.5646599 1.7089736 2.6849169 1.5939951 2.7014010 2.4732425 1.6914292 2.2069668 1.5939951 1.7642136 2.6375327 1.7314981 
taxon_4    2.6849169 0.5364052 0.4195982 0.0000000 1.4366018 1.4713449 1.4183083 1.9291865 1.7407007 1.6957771 1.7089736 1.6871065 1.5714934 2.0042491 1.6871065 2.0042491 1.9657791 3.6326859 1.7001503 2.4732425 1.7884875 2.4982447 1.7224071 1.7045491 2.3385532 1.5939951 2.0950571 2.3488979 1.8395276 2.6075287 
taxon_5    2.3917671 1.7134249 1.7179026 1.4366018 0.0000000 1.0992984 1.0497880 2.0310377 1.6330665 1.6742855 1.7314981 1.5354288 1.4843887 1.8290380 1.5641404 1.8084887 1.6785345 2.3488979 1.6411311 2.5929651 1.8395276 2.3385532 1.7690059 1.8135735 2.5110655 1.7089736 2.2332846 2.2156375 1.7642136 2.0876678 
taxon_6    2.2888663 1.8034382 1.6533929 1.4713449 1.0992984 0.0000000 0.9386637 1.8886361 1.6785345 1.6250870 1.6914292 1.6171926 1.5568588 2.1409902 1.6211295 2.0731040 1.8664122 2.2793120 1.7984215 2.1815407 1.7738291 2.2244095 1.6871065 1.7045491 2.5110655 1.6411311 1.9351626 2.5373836 1.7884875 1.9351626 
taxon_7    2.1815407 1.7269387 1.8034382 1.4183083 1.0497880 0.9386637 0.0000000 1.7934380 1.5389582 1.7547198 1.5826599 1.6250870 1.4617088 1.9411868 1.6616803 1.8719068 1.7314981 2.3083479 1.6828084 2.5508971 1.7934380 2.7897379 1.6016482 1.8774418 2.3700265 1.5751972 1.8238476 2.7182557 1.8886361 2.1489268 
taxon_8    1.6211295 1.4033972 1.4335218 1.9291865 2.0310377 1.8886361 1.7934380 0.0000000 1.2419684 2.1650565 2.0242503 2.2332846 2.0950571 1.4004503 2.7712186 1.6658585 1.4843887 1.9291865 2.2332846 2.0659268 2.4372356 1.7360852 2.3593872 2.4141569 1.6871065 1.9411868 1.5789192 1.6658585 2.8087259 1.7500176 
taxon_9    1.5568588 1.4153022 1.3801395 1.7407007 1.6330665 1.6785345 1.5389582 1.2419684 0.0000000 2.0803506 1.9847675 2.0447995 1.9351626 1.4153022 2.0310377 1.4843887 1.3014052 1.8238476 2.0803506 1.7001503 2.4982447 1.5010190 2.1025200 2.0447995 1.5751972 2.0378870 1.3223122 1.6055043 2.4141569 1.4976633 
taxon_10   2.7014010 2.1569483 2.3182818 1.6957771 1.6742855 1.6250870 1.7547198 2.1650565 2.0803506 0.0000000 1.0388122 1.6132763 1.5532444 2.0447995 1.5978119 2.2332846 1.9657791 2.7712186 1.9115386 2.6075287 1.7642136 3.0572444 1.5180262 1.8342645 2.8898869 1.6914292 2.1331367 2.1253646 1.8186930 2.2156375 
taxon_11   2.7014010 2.4490469 2.5508971 1.7089736 1.7314981 1.6914292 1.5826599 2.0242503 1.9847675 1.0388122 0.0000000 1.4335218 1.4123082 1.7407007 1.6575251 1.7547198 1.5939951 2.4982447 1.7690059 2.4982447 1.7547198 3.0054999 1.7314981 1.7500176 2.0447995 1.7934380 2.1409902 2.1569483 1.7884875 2.1176721 
taxon_12   2.1732533 2.0517763 2.0175238 1.6871065 1.5354288 1.6171926 1.6250870 2.2332846 2.0447995 1.6132763 1.4335218 0.0000000 0.8732723 0.8104452 1.4366018 1.4553528 1.1152141 2.6687872 1.8290380 2.2605611 1.7884875 2.2156375 1.5826599 1.6055043 1.9115386 1.4876854 1.9291865 2.2069668 1.7594517 1.8886361 
taxon_13   2.4028785 1.9411868 2.1650565 1.5714934 1.4843887 1.5568588 1.4617088 2.0950571 1.9351626 1.5532444 1.4123082 0.8732723 0.0000000 0.5923437 1.3117859 1.2760651 1.0050787 2.2513585 1.6575251 2.4256075 1.7884875 2.3083479 1.5319159 1.8290380 2.2513585 1.5939951 1.8186930 2.0108571 1.8395276 2.2069668 
taxon_14   1.6616803 1.4843887 1.4943225 2.0042491 1.8290380 2.1409902 1.9411868 1.4004503 1.4153022 2.0447995 1.7407007 0.8104452 0.5923437 0.0000000 1.4778384 0.9151990 0.6998234 1.7407007 2.3385532 1.6055043 2.4610471 1.7407007 1.9912053 2.2422673 1.5568588 1.9472597 1.3170306 1.5864193 2.2069668 1.5568588 
taxon_15   2.3182818 2.1489268 2.2793120 1.6871065 1.5641404 1.6211295 1.6616803 2.7712186 2.0310377 1.5978119 1.6575251 1.4366018 1.3117859 1.4778384 0.0000000 1.4183083 1.2208403 2.5373836 1.7001503 2.4141569 1.7001503 3.1422411 1.5043897 1.6957771 2.1489268 1.5678079 1.8395276 2.5508971 1.7500176 2.6687872 
taxon_16   1.7089736 1.5864193 1.5460673 2.0042491 1.8084887 2.0731040 1.8719068 1.6658585 1.4843887 2.2332846 1.7547198 1.4553528 1.2760651 0.9151990 1.4183083 0.0000000 0.4038579 1.5319159 2.1489268 1.4976633 2.1899206 1.4843887 2.2332846 2.0659268 1.6016482 2.0659268 1.2937129 1.7134249 2.2513585 1.5496472 
taxon_17   1.5789192 1.4976633 1.5389582 1.9657791 1.6785345 1.8664122 1.7314981 1.4843887 1.3014052 1.9657791 1.5939951 1.1152141 1.0050787 0.6998234 1.2208403 0.4038579 0.0000000 1.5532444 2.0876678 1.5354288 2.2513585 1.5389582 2.0588186 2.0950571 1.5901976 2.0876678 1.2467455 1.6370879 2.3385532 1.5043897 
taxon_18   1.5641404 1.8186930 1.9720553 3.6326859 2.3488979 2.2793120 2.3083479 1.9291865 1.8238476 2.7712186 2.4982447 2.6687872 2.2513585 1.7407007 2.5373836 1.5319159 1.5532444 0.0000000 1.0369984 1.4843887 2.1100578 1.4649071 2.1409902 2.4141569 1.7269387 2.2888663 1.4004503 1.6828084 2.3808180 1.6492833 
taxon_19   2.6849169 2.3083479 2.5646599 1.7001503 1.6411311 1.7984215 1.6828084 2.2332846 2.0803506 1.9115386 1.7690059 1.8290380 1.6575251 2.3385532 1.7001503 2.1489268 2.0876678 1.0369984 0.0000000 1.9976988 1.6055043 1.9657791 1.4876854 1.6250870 2.4610471 1.5826599 1.7690059 3.6326859 1.8555425 2.3385532 
taxon_20   1.7500176 1.7001503 1.7089736 2.4732425 2.5929651 2.1815407 2.5508971 2.0659268 1.7001503 2.6075287 2.4982447 2.2605611 2.4256075 1.6055043 2.4141569 1.4976633 1.5354288 1.4843887 1.9976988 0.0000000 1.5249385 0.9828422 2.2698770 2.6075287 1.5751972 2.1899206 1.3492941 1.7786835 2.4610471 1.5789192 
taxon_21   2.5110655 2.6375327 2.6849169 1.7884875 1.8395276 1.7738291 1.7934380 2.4372356 2.4982447 1.7642136 1.7547198 1.7884875 1.7884875 2.4610471 1.7001503 2.1899206 2.2513585 2.1100578 1.6055043 1.5249385 0.0000000 0.6963645 1.6290665 1.7884875 2.1176721 1.5111770 1.7089736 2.3083479 1.6785345 2.2332846 
taxon_22   1.6016482 1.6616803 1.5939951 2.4982447 2.3385532 2.2244095 2.7897379 1.7360852 1.5010190 3.0572444 3.0054999 2.2156375 2.3083479 1.7407007 3.1422411 1.4843887 1.5389582 1.4649071 1.9657791 0.9828422 0.6963645 0.0000000 2.2156375 2.7182557 1.6616803 1.7934380 1.2710982 1.7089736 2.1732533 1.4811064 
taxon_23   2.6223807 2.6849169 2.7014010 1.7224071 1.7690059 1.6871065 1.6016482 2.3593872 2.1025200 1.5180262 1.7314981 1.5826599 1.5319159 1.9912053 1.5043897 2.2332846 2.0588186 2.1409902 1.4876854 2.2698770 1.6290665 2.2156375 0.0000000 1.5568588 2.0803506 1.3887769 1.3276313 2.2793120 1.7314981 1.9657791 
taxon_24   2.4028785 2.4256075 2.4732425 1.7045491 1.8135735 1.7045491 1.8774418 2.4141569 2.0447995 1.8342645 1.7500176 1.6055043 1.8290380 2.2422673 1.6957771 2.0659268 2.0950571 2.4141569 1.6250870 2.6075287 1.7884875 2.7182557 1.5568588 0.0000000 0.4983535 0.9276215 1.2070784 2.9340173 1.7360852 2.3283490 
taxon_25   1.5496472 1.6616803 1.6914292 2.3385532 2.5110655 2.5110655 2.3700265 1.6871065 1.5751972 2.8898869 2.0447995 1.9115386 2.2513585 1.5568588 2.1489268 1.6016482 1.5901976 1.7269387 2.4610471 1.5751972 2.1176721 1.6616803 2.0803506 0.4983535 0.0000000 0.7662383 0.7197308 1.6451961 2.3385532 1.4943225 
taxon_26   1.8999999 2.0378870 2.2069668 1.5939951 1.7089736 1.6411311 1.5751972 1.9411868 2.0378870 1.6914292 1.7934380 1.4876854 1.5939951 1.9472597 1.5678079 2.0659268 2.0876678 2.2888663 1.5826599 2.1899206 1.5111770 1.7934380 1.3887769 0.9276215 0.7662383 0.0000000 0.6748210 2.0447995 1.6742855 1.8664122 
taxon_27   1.3945909 1.5496472 1.5939951 2.0950571 2.2332846 1.9351626 1.8238476 1.5789192 1.3223122 2.1331367 2.1409902 1.9291865 1.8186930 1.3170306 1.8395276 1.2937129 1.2467455 1.4004503 1.7690059 1.3492941 1.7089736 1.2710982 1.3276313 1.2070784 0.7197308 0.6748210 0.0000000 1.5214744 2.3917671 1.3014052 
taxon_28   1.6171926 1.6575251 1.7642136 2.3488979 2.2156375 2.5373836 2.7182557 1.6658585 1.6055043 2.1253646 2.1569483 2.2069668 2.0108571 1.5864193 2.5508971 1.7134249 1.6370879 1.6828084 3.6326859 1.7786835 2.3083479 1.7089736 2.2793120 2.9340173 1.6451961 2.0447995 1.5214744 0.0000000 2.3593872 1.0934160 
taxon_29   2.5373836 2.6075287 2.6375327 1.8395276 1.7642136 1.7884875 1.8886361 2.8087259 2.4141569 1.8186930 1.7884875 1.7594517 1.8395276 2.2069668 1.7500176 2.2513585 2.3385532 2.3808180 1.8555425 2.4610471 1.6785345 2.1732533 1.7314981 1.7360852 2.3385532 1.6742855 2.3917671 2.3593872 0.0000000 1.5901976 
taxon_30   1.6093802 1.7179026 1.7314981 2.6075287 2.0876678 1.9351626 2.1489268 1.7500176 1.4976633 2.2156375 2.1176721 1.8886361 2.2069668 1.5568588 2.6687872 1.5496472 1.5043897 1.6492833 2.3385532 1.5789192 2.2332846 1.4811064 1.9657791 2.3283490 1.4943225 1.8664122 1.3014052 1.0934160 1.5901976 0.0000000 
