50
taxon_1    0.0000000 0.3202719 0.3146730 0.3026003 0.3574523 0.3753815 0.3820089 0.3305602 0.2907189 0.3831192 0.3886954 0.3622997 0.4148940 0.3091155 0.3960070 0.3960070 0.3909376 0.3331544 0.2326162 0.3457333 0.4307087 0.4033907 0.3628403 0.4318935 0.3931864 0.3948775 0.3847877 0.3315968 0.3521028 0.4056773 0.3699030 0.4154738 0.3420426 0.4096956 0.3622997 0.3977045 0.4108477 0.4056773 0.4212968 0.3943134 0.4348638 0.4360552 0.4277548 0.3612198 0.4277548 0.4456554 0.4289349 0.4259880 0.4230525 0.4166348 
taxon_2    0.3202719 0.0000000 0.1291794 0.1201266 0.2780562 0.2981227 0.3040988 0.2589834 0.2191023 0.3161958 0.3167041 0.2931787 0.3521028 0.2445285 0.3259130 0.3126473 0.3218062 0.2809595 0.1736338 0.2863114 0.3644642 0.3457333 0.3091155 0.3764820 0.3310783 0.3452050 0.3310783 0.2675062 0.3056003 0.3547728 0.3202719 0.3510375 0.2829012 0.3409915 0.2981227 0.3457333 0.3505053 0.3531697 0.3731853 0.3415169 0.3726372 0.3825638 0.3786878 0.3006069 0.3633812 0.3759315 0.3622997 0.3660917 0.3720896 0.3558434 
taxon_3    0.3146730 0.1291794 0.0000000 0.0460520 0.2713254 0.2946585 0.2986189 0.2547580 0.2119932 0.3146730 0.3187408 0.2917018 0.3425688 0.2353484 0.3131532 0.3111317 0.3161958 0.2718042 0.1648618 0.2751642 0.3650063 0.3436221 0.2996123 0.3617596 0.3228308 0.3362794 0.3243703 0.2538223 0.2867999 0.3420426 0.3081095 0.3425688 0.2737224 0.3243703 0.2863114 0.3394175 0.3399418 0.3430953 0.3622997 0.3383700 0.3633812 0.3693573 0.3650063 0.2848480 0.3494423 0.3622997 0.3510375 0.3510375 0.3666350 0.3489113 
taxon_4    0.3026003 0.1201266 0.0460520 0.0000000 0.2637063 0.2877777 0.2941649 0.2496258 0.2071446 0.3096191 0.3126473 0.2872886 0.3357577 0.2303469 0.3071048 0.3016030 0.3096191 0.2622863 0.1582466 0.2698909 0.3563794 0.3362794 0.2931787 0.3558434 0.3167041 0.3305602 0.3161958 0.2519543 0.2770910 0.3383700 0.3016030 0.3352363 0.2679825 0.3177218 0.2785393 0.3300424 0.3357577 0.3357577 0.3526360 0.3274588 0.3526360 0.3574523 0.3558434 0.2761270 0.3415169 0.3505053 0.3388936 0.3457333 0.3547728 0.3404665 
taxon_5    0.3574523 0.2780562 0.2713254 0.2637063 0.0000000 0.2732424 0.2848480 0.2298939 0.1906317 0.3553079 0.3585268 0.3352363 0.3864599 0.2780562 0.3579894 0.3617596 0.3569156 0.3136595 0.2106678 0.3223183 0.4195451 0.3943134 0.3467912 0.4062500 0.3759315 0.3797932 0.3742826 0.3096191 0.3321156 0.4016803 0.3606804 0.4068232 0.3290079 0.3781358 0.3331544 0.3820089 0.3853447 0.3853447 0.3999738 0.3726372 0.4016803 0.4108477 0.4079708 0.3259130 0.3898156 0.4011110 0.3875768 0.3931864 0.4051050 0.3886954 
taxon_6    0.3753815 0.2981227 0.2946585 0.2877777 0.2732424 0.0000000 0.0734853 0.1488382 0.1115684 0.3825638 0.3797932 0.3579894 0.4016803 0.2931787 0.3792403 0.3775841 0.3797932 0.3259130 0.2235799 0.3415169 0.4336743 0.3971383 0.3531697 0.4160541 0.3775841 0.3886954 0.3781358 0.3218062 0.3436221 0.4056773 0.3671787 0.4022500 0.3409915 0.3898156 0.3473206 0.4033907 0.3898156 0.4045331 0.4224668 0.3875768 0.4212968 0.4236387 0.4224668 0.3457333 0.4160541 0.4248124 0.4085453 0.4033907 0.4189622 0.4016803 
taxon_7    0.3820089 0.3040988 0.2986189 0.2941649 0.2848480 0.0734853 0.0000000 0.1598949 0.1205179 0.3937497 0.3943134 0.3720896 0.4172159 0.3045990 0.3937497 0.3870182 0.3920612 0.3394175 0.2326162 0.3483807 0.4402402 0.4085453 0.3644642 0.4230525 0.3909376 0.3977045 0.3853447 0.3310783 0.3505053 0.4160541 0.3731853 0.4120016 0.3473206 0.4022500 0.3612198 0.4131572 0.4016803 0.4154738 0.4318935 0.3988383 0.4330802 0.4324866 0.4336743 0.3585268 0.4265764 0.4307087 0.4166348 0.4131572 0.4212968 0.4148940 
taxon_8    0.3305602 0.2589834 0.2547580 0.2496258 0.2298939 0.1488382 0.1598949 0.0000000 0.0571210 0.3336744 0.3326349 0.3101229 0.3688121 0.2571025 0.3425688 0.3436221 0.3415169 0.2902279 0.1867735 0.2976268 0.3954421 0.3660917 0.3161958 0.3786878 0.3462621 0.3457333 0.3399418 0.2790227 0.3096191 0.3753815 0.3300424 0.3709955 0.3071048 0.3515699 0.3096191 0.3563794 0.3526360 0.3644642 0.3797932 0.3430953 0.3753815 0.3820089 0.3742826 0.3040988 0.3671787 0.3814544 0.3628403 0.3666350 0.3809002 0.3590646 
taxon_9    0.2907189 0.2191023 0.2119932 0.2071446 0.1906317 0.1115684 0.1205179 0.0571210 0.0000000 0.2936716 0.2951524 0.2703688 0.3290079 0.2182100 0.3026003 0.2996123 0.3006069 0.2500909 0.1447841 0.2552263 0.3505053 0.3223183 0.2732424 0.3341946 0.3026003 0.3040988 0.2981227 0.2371755 0.2689361 0.3315968 0.2897372 0.3259130 0.2632327 0.3091155 0.2646545 0.3212944 0.3156879 0.3223183 0.3368015 0.3021015 0.3352363 0.3404665 0.3352363 0.2641802 0.3331544 0.3425688 0.3269432 0.3269432 0.3336744 0.3197612 
taxon_10   0.3831192 0.3161958 0.3146730 0.3096191 0.3553079 0.3825638 0.3937497 0.3336744 0.2936716 0.0000000 0.0771708 0.0521019 0.3650063 0.2656038 0.3563794 0.3467912 0.3436221 0.3035990 0.2084638 0.3146730 0.4148940 0.3881359 0.3430953 0.4102715 0.3660917 0.3704490 0.3617596 0.3030995 0.3331544 0.3892553 0.3537036 0.3875768 0.3248842 0.3825638 0.3284912 0.3748318 0.3786878 0.3937497 0.3937497 0.3628403 0.4005422 0.4062500 0.4028201 0.3228308 0.3881359 0.4016803 0.3914991 0.3825638 0.3988383 0.3792403 
taxon_11   0.3886954 0.3167041 0.3187408 0.3126473 0.3585268 0.3797932 0.3943134 0.3326349 0.2951524 0.0771708 0.0000000 0.0585613 0.3737337 0.2641802 0.3537036 0.3510375 0.3462621 0.3091155 0.2124356 0.3177218 0.4108477 0.3886954 0.3473206 0.4108477 0.3715423 0.3753815 0.3688121 0.3081095 0.3336744 0.3926236 0.3537036 0.3875768 0.3279748 0.3853447 0.3326349 0.3792403 0.3809002 0.3931864 0.4016803 0.3677227 0.4102715 0.4143146 0.4091203 0.3295250 0.3903764 0.4051050 0.3982712 0.3859021 0.3994058 0.3847877 
taxon_12   0.3622997 0.2931787 0.2917018 0.2872886 0.3352363 0.3579894 0.3720896 0.3101229 0.2703688 0.0521019 0.0585613 0.0000000 0.3489113 0.2431443 0.3305602 0.3253984 0.3202719 0.2858233 0.1863460 0.2931787 0.3943134 0.3693573 0.3248842 0.3881359 0.3467912 0.3526360 0.3415169 0.2829012 0.3156879 0.3731853 0.3368015 0.3633812 0.3035990 0.3596029 0.3091155 0.3547728 0.3579894 0.3693573 0.3715423 0.3404665 0.3786878 0.3853447 0.3792403 0.3021015 0.3622997 0.3797932 0.3704490 0.3601415 0.3775841 0.3596029 
taxon_13   0.4148940 0.3521028 0.3425688 0.3357577 0.3864599 0.4016803 0.4172159 0.3688121 0.3290079 0.3650063 0.3737337 0.3489113 0.0000000 0.1387438 0.2858233 0.2921938 0.2902279 0.3415169 0.2353484 0.3505053 0.4547685 0.4166348 0.3720896 0.4366517 0.3954421 0.4085453 0.3920612 0.3295250 0.3666350 0.4289349 0.3914991 0.4160541 0.3467912 0.4011110 0.3553079 0.4056773 0.4148940 0.4166348 0.4195451 0.4045331 0.4360552 0.4486808 0.4420409 0.3542380 0.4218816 0.4330802 0.4183796 0.4189622 0.4242253 0.4177976 
taxon_14   0.3091155 0.2445285 0.2353484 0.2303469 0.2780562 0.2931787 0.3045990 0.2571025 0.2182100 0.2656038 0.2641802 0.2431443 0.1387438 0.0000000 0.1825097 0.1872012 0.1842123 0.2330709 0.1307650 0.2496258 0.3388936 0.3091155 0.2694134 0.3248842 0.2907189 0.3001094 0.2867999 0.2308002 0.2533548 0.3192508 0.2819297 0.3136595 0.2440668 0.2956466 0.2524208 0.3016030 0.3106271 0.3091155 0.3187408 0.2951524 0.3341946 0.3404665 0.3315968 0.2542900 0.3091155 0.3259130 0.3136595 0.3116366 0.3187408 0.3066030 
taxon_15   0.3960070 0.3259130 0.3131532 0.3071048 0.3579894 0.3792403 0.3937497 0.3425688 0.3026003 0.3563794 0.3537036 0.3305602 0.2858233 0.1825097 0.0000000 0.2226823 0.2204428 0.3151803 0.2102265 0.3310783 0.4236387 0.3977045 0.3505053 0.4039617 0.3775841 0.3842311 0.3737337 0.3151803 0.3326349 0.3960070 0.3633812 0.3886954 0.3243703 0.3693573 0.3341946 0.3898156 0.3903764 0.3814544 0.3982712 0.3731853 0.4085453 0.4143146 0.4079708 0.3310783 0.3870182 0.3960070 0.3836749 0.3926236 0.3965724 0.3831192 
taxon_16   0.3960070 0.3126473 0.3111317 0.3016030 0.3617596 0.3775841 0.3870182 0.3436221 0.2996123 0.3467912 0.3510375 0.3253984 0.2921938 0.1872012 0.2226823 0.0000000 0.1096369 0.3161958 0.2128782 0.3279748 0.4183796 0.3960070 0.3585268 0.4125791 0.3847877 0.3864599 0.3759315 0.3096191 0.3352363 0.4005422 0.3633812 0.3948775 0.3228308 0.3671787 0.3357577 0.3814544 0.3892553 0.3914991 0.4062500 0.3836749 0.4114244 0.4148940 0.4120016 0.3368015 0.3909376 0.4045331 0.3903764 0.3954421 0.4062500 0.3886954 
taxon_17   0.3909376 0.3218062 0.3161958 0.3096191 0.3569156 0.3797932 0.3920612 0.3415169 0.3006069 0.3436221 0.3462621 0.3202719 0.2902279 0.1842123 0.2204428 0.1096369 0.0000000 0.3076070 0.2080238 0.3253984 0.4154738 0.3937497 0.3499736 0.4056773 0.3864599 0.3809002 0.3715423 0.3071048 0.3326349 0.3914991 0.3574523 0.3965724 0.3202719 0.3688121 0.3290079 0.3759315 0.3809002 0.3892553 0.3965724 0.3699030 0.4016803 0.4073968 0.3982712 0.3290079 0.3909376 0.3954421 0.3864599 0.3875768 0.3960070 0.3786878 
taxon_18   0.3331544 0.2809595 0.2718042 0.2622863 0.3136595 0.3259130 0.3394175 0.2902279 0.2500909 0.3035990 0.3091155 0.2858233 0.3415169 0.2330709 0.3151803 0.3161958 0.3076070 0.0000000 0.1050215 0.2390070 0.3284912 0.2946585 0.2519543 0.3187408 0.2867999 0.2966361 0.2872886 0.2191023 0.2477682 0.3026003 0.2708470 0.2956466 0.2371755 0.2996123 0.2358048 0.2951524 0.2951524 0.3016030 0.3146730 0.2843608 0.3233436 0.3264279 0.3121418 0.2413027 0.3035990 0.3284912 0.3172128 0.2996123 0.3101229 0.3001094 
taxon_19   0.2326162 0.1736338 0.1648618 0.1582466 0.2106678 0.2235799 0.2326162 0.1867735 0.1447841 0.2084638 0.2124356 0.1863460 0.2353484 0.1307650 0.2102265 0.2128782 0.2080238 0.1050215 0.0000000 0.1347438 0.2294411 0.2032007 0.1582466 0.2159838 0.1829350 0.1932150 0.1837863 0.1185632 0.1468084 0.2040753 0.1686087 0.1971066 0.1335480 0.1953745 0.1455932 0.1910617 0.1923529 0.1949421 0.2106678 0.1820846 0.2199957 0.2191023 0.2128782 0.1403498 0.2032007 0.2150952 0.2032007 0.1979741 0.2093446 0.1966732 
taxon_20   0.3457333 0.2863114 0.2751642 0.2698909 0.3223183 0.3415169 0.3483807 0.2976268 0.2552263 0.3146730 0.3177218 0.2931787 0.3505053 0.2496258 0.3310783 0.3279748 0.3253984 0.2390070 0.1347438 0.0000000 0.2632327 0.2362614 0.1949421 0.2556949 0.2222338 0.2312538 0.2186560 0.1574237 0.2477682 0.3026003 0.2679825 0.3050995 0.2294411 0.2882671 0.2491610 0.2882671 0.2877777 0.2941649 0.2991154 0.2713254 0.3111317 0.3081095 0.3081095 0.2271814 0.2941649 0.3111317 0.2976268 0.2946585 0.3021015 0.2907189 
taxon_21   0.4307087 0.3644642 0.3650063 0.3563794 0.4195451 0.4336743 0.4402402 0.3954421 0.3505053 0.4148940 0.4108477 0.3943134 0.4547685 0.3388936 0.4236387 0.4183796 0.4154738 0.3284912 0.2294411 0.2632327 0.0000000 0.0928508 0.1272021 0.2514880 0.2146513 0.2646545 0.2519543 0.1953745 0.3373240 0.3831192 0.3569156 0.4022500 0.3243703 0.3914991 0.3436221 0.3820089 0.3781358 0.3960070 0.4011110 0.3726372 0.4091203 0.4154738 0.4068232 0.3331544 0.3954421 0.4062500 0.3960070 0.3954421 0.4137357 0.3886954 
taxon_22   0.4033907 0.3457333 0.3436221 0.3362794 0.3943134 0.3971383 0.4085453 0.3660917 0.3223183 0.3881359 0.3886954 0.3693573 0.4166348 0.3091155 0.3977045 0.3960070 0.3937497 0.2946585 0.2032007 0.2362614 0.0928508 0.0000000 0.0996725 0.2226823 0.1902021 0.2408430 0.2267302 0.1706984 0.3192508 0.3579894 0.3326349 0.3748318 0.2971313 0.3666350 0.3136595 0.3579894 0.3510375 0.3709955 0.3792403 0.3542380 0.3842311 0.3920612 0.3853447 0.3096191 0.3803465 0.3881359 0.3775841 0.3731853 0.3853447 0.3601415 
taxon_23   0.3628403 0.3091155 0.2996123 0.2931787 0.3467912 0.3531697 0.3644642 0.3161958 0.2732424 0.3430953 0.3473206 0.3248842 0.3720896 0.2694134 0.3505053 0.3585268 0.3499736 0.2519543 0.1582466 0.1949421 0.1272021 0.0996725 0.0000000 0.1854918 0.1545510 0.2005828 0.1872012 0.1279924 0.2770910 0.3238568 0.2931787 0.3243703 0.2594543 0.3228308 0.2722833 0.3131532 0.3121418 0.3274588 0.3326349 0.3030995 0.3394175 0.3446770 0.3368015 0.2637063 0.3321156 0.3404665 0.3284912 0.3279748 0.3404665 0.3187408 
taxon_24   0.4318935 0.3764820 0.3617596 0.3558434 0.4062500 0.4160541 0.4230525 0.3786878 0.3341946 0.4102715 0.4108477 0.3881359 0.4366517 0.3248842 0.4039617 0.4125791 0.4056773 0.3187408 0.2159838 0.2556949 0.2514880 0.2226823 0.1854918 0.0000000 0.1795394 0.2670302 0.2505563 0.1872012 0.3357577 0.3797932 0.3415169 0.3836749 0.3156879 0.3775841 0.3274588 0.3693573 0.3596029 0.3809002 0.3965724 0.3585268 0.3948775 0.3926236 0.3853447 0.3182311 0.3726372 0.3870182 0.3748318 0.3764820 0.3870182 0.3677227 
taxon_25   0.3931864 0.3310783 0.3228308 0.3167041 0.3759315 0.3775841 0.3909376 0.3462621 0.3026003 0.3660917 0.3715423 0.3467912 0.3954421 0.2907189 0.3775841 0.3847877 0.3864599 0.2867999 0.1829350 0.2222338 0.2146513 0.1902021 0.1545510 0.1795394 0.0000000 0.2317076 0.2142076 0.1566018 0.2966361 0.3478505 0.3156879 0.3420426 0.2708470 0.3399418 0.2961412 0.3341946 0.3295250 0.3478505 0.3585268 0.3326349 0.3547728 0.3660917 0.3547728 0.2799905 0.3457333 0.3569156 0.3436221 0.3505053 0.3606804 0.3436221 
taxon_26   0.3948775 0.3452050 0.3362794 0.3305602 0.3797932 0.3886954 0.3977045 0.3457333 0.3040988 0.3704490 0.3753815 0.3526360 0.4085453 0.3001094 0.3842311 0.3864599 0.3809002 0.2966361 0.1932150 0.2312538 0.2646545 0.2408430 0.2005828 0.2670302 0.2317076 0.0000000 0.1205179 0.1537322 0.3035990 0.3531697 0.3167041 0.3547728 0.2872886 0.3483807 0.3121418 0.3436221 0.3452050 0.3521028 0.3682672 0.3326349 0.3704490 0.3693573 0.3677227 0.2941649 0.3563794 0.3720896 0.3574523 0.3569156 0.3585268 0.3430953 
taxon_27   0.3847877 0.3310783 0.3243703 0.3161958 0.3742826 0.3781358 0.3853447 0.3399418 0.2981227 0.3617596 0.3688121 0.3415169 0.3920612 0.2867999 0.3737337 0.3759315 0.3715423 0.2872886 0.1837863 0.2186560 0.2519543 0.2267302 0.1872012 0.2505563 0.2142076 0.1205179 0.0000000 0.1375416 0.2961412 0.3473206 0.3066030 0.3425688 0.2780562 0.3462621 0.2946585 0.3341946 0.3441494 0.3404665 0.3526360 0.3202719 0.3585268 0.3606804 0.3537036 0.2799905 0.3467912 0.3612198 0.3483807 0.3425688 0.3521028 0.3362794 
taxon_28   0.3315968 0.2675062 0.2538223 0.2519543 0.3096191 0.3218062 0.3310783 0.2790227 0.2371755 0.3030995 0.3081095 0.2829012 0.3295250 0.2308002 0.3151803 0.3096191 0.3071048 0.2191023 0.1185632 0.1574237 0.1953745 0.1706984 0.1279924 0.1872012 0.1566018 0.1537322 0.1375416 0.0000000 0.2367183 0.2833874 0.2500909 0.2902279 0.2177642 0.2785393 0.2348924 0.2727627 0.2713254 0.2833874 0.2986189 0.2646545 0.3016030 0.3071048 0.2996123 0.2244787 0.2877777 0.3016030 0.2921938 0.2848480 0.2986189 0.2804748 
taxon_29   0.3521028 0.3056003 0.2867999 0.2770910 0.3321156 0.3436221 0.3505053 0.3096191 0.2689361 0.3331544 0.3336744 0.3156879 0.3666350 0.2533548 0.3326349 0.3352363 0.3326349 0.2477682 0.1468084 0.2477682 0.3373240 0.3192508 0.2770910 0.3357577 0.2966361 0.3035990 0.2961412 0.2367183 0.0000000 0.1770027 0.1399480 0.2608690 0.1884858 0.2956466 0.2468411 0.2956466 0.2897372 0.2976268 0.3061015 0.2799905 0.3136595 0.3202719 0.3106271 0.2353484 0.2996123 0.3141661 0.3021015 0.2926861 0.3086124 0.2956466 
taxon_30   0.4056773 0.3547728 0.3420426 0.3383700 0.4016803 0.4056773 0.4160541 0.3753815 0.3315968 0.3892553 0.3926236 0.3731853 0.4289349 0.3192508 0.3960070 0.4005422 0.3914991 0.3026003 0.2040753 0.3026003 0.3831192 0.3579894 0.3238568 0.3797932 0.3478505 0.3531697 0.3473206 0.2833874 0.1770027 0.0000000 0.0875876 0.3066030 0.2417626 0.3515699 0.2986189 0.3505053 0.3457333 0.3526360 0.3617596 0.3368015 0.3753815 0.3809002 0.3715423 0.2867999 0.3483807 0.3775841 0.3628403 0.3606804 0.3720896 0.3473206 
taxon_31   0.3699030 0.3202719 0.3081095 0.3016030 0.3606804 0.3671787 0.3731853 0.3300424 0.2897372 0.3537036 0.3537036 0.3368015 0.3914991 0.2819297 0.3633812 0.3633812 0.3574523 0.2708470 0.1686087 0.2679825 0.3569156 0.3326349 0.2931787 0.3415169 0.3156879 0.3167041 0.3066030 0.2500909 0.1399480 0.0875876 0.0000000 0.2684592 0.2053892 0.3187408 0.2684592 0.3161958 0.3106271 0.3202719 0.3305602 0.3066030 0.3452050 0.3446770 0.3341946 0.2589834 0.3182311 0.3415169 0.3290079 0.3264279 0.3388936 0.3207830 
taxon_32   0.4154738 0.3510375 0.3425688 0.3352363 0.4068232 0.4022500 0.4120016 0.3709955 0.3259130 0.3875768 0.3875768 0.3633812 0.4160541 0.3136595 0.3886954 0.3948775 0.3965724 0.2956466 0.1971066 0.3050995 0.4022500 0.3748318 0.3243703 0.3836749 0.3420426 0.3547728 0.3425688 0.2902279 0.2608690 0.3066030 0.2684592 0.0000000 0.2285364 0.3489113 0.3026003 0.3494423 0.3415169 0.3420426 0.3601415 0.3310783 0.3748318 0.3682672 0.3606804 0.2921938 0.3526360 0.3682672 0.3574523 0.3499736 0.3547728 0.3446770 
taxon_33   0.3420426 0.2829012 0.2737224 0.2679825 0.3290079 0.3409915 0.3473206 0.3071048 0.2632327 0.3248842 0.3279748 0.3035990 0.3467912 0.2440668 0.3243703 0.3228308 0.3202719 0.2371755 0.1335480 0.2294411 0.3243703 0.2971313 0.2594543 0.3156879 0.2708470 0.2872886 0.2780562 0.2177642 0.1884858 0.2417626 0.2053892 0.2285364 0.0000000 0.2853355 0.2326162 0.2819297 0.2829012 0.2829012 0.2971313 0.2637063 0.3030995 0.3030995 0.2981227 0.2240292 0.2780562 0.2981227 0.2848480 0.2819297 0.2936716 0.2780562 
taxon_34   0.4096956 0.3409915 0.3243703 0.3177218 0.3781358 0.3898156 0.4022500 0.3515699 0.3091155 0.3825638 0.3853447 0.3596029 0.4011110 0.2956466 0.3693573 0.3671787 0.3688121 0.2996123 0.1953745 0.2882671 0.3914991 0.3666350 0.3228308 0.3775841 0.3399418 0.3483807 0.3462621 0.2785393 0.2956466 0.3515699 0.3187408 0.3489113 0.2853355 0.0000000 0.2770910 0.3336744 0.3259130 0.3352363 0.3436221 0.3177218 0.3505053 0.3547728 0.3478505 0.2689361 0.3305602 0.3362794 0.3274588 0.3404665 0.3404665 0.3295250 
taxon_35   0.3622997 0.2981227 0.2863114 0.2785393 0.3331544 0.3473206 0.3612198 0.3096191 0.2646545 0.3284912 0.3326349 0.3091155 0.3553079 0.2524208 0.3341946 0.3357577 0.3290079 0.2358048 0.1455932 0.2491610 0.3436221 0.3136595 0.2722833 0.3274588 0.2961412 0.3121418 0.2946585 0.2348924 0.2468411 0.2986189 0.2684592 0.3026003 0.2326162 0.2770910 0.0000000 0.2426834 0.2390070 0.2422229 0.2538223 0.2280844 0.2589834 0.2632327 0.2552263 0.1812353 0.2445285 0.2627593 0.2482322 0.2380907 0.2496258 0.2353484 
taxon_36   0.3977045 0.3457333 0.3394175 0.3300424 0.3820089 0.4033907 0.4131572 0.3563794 0.3212944 0.3748318 0.3792403 0.3547728 0.4056773 0.3016030 0.3898156 0.3814544 0.3759315 0.2951524 0.1910617 0.2882671 0.3820089 0.3579894 0.3131532 0.3693573 0.3341946 0.3436221 0.3341946 0.2727627 0.2956466 0.3505053 0.3161958 0.3494423 0.2819297 0.3336744 0.2426834 0.0000000 0.1829350 0.2575723 0.2727627 0.2449904 0.2819297 0.2795064 0.2713254 0.2014544 0.2641802 0.2746833 0.2618136 0.2556949 0.2670302 0.2552263 
taxon_37   0.4108477 0.3505053 0.3399418 0.3357577 0.3853447 0.3898156 0.4016803 0.3526360 0.3156879 0.3786878 0.3809002 0.3579894 0.4148940 0.3106271 0.3903764 0.3892553 0.3809002 0.2951524 0.1923529 0.2877777 0.3781358 0.3510375 0.3121418 0.3596029 0.3295250 0.3452050 0.3441494 0.2713254 0.2897372 0.3457333 0.3106271 0.3415169 0.2829012 0.3259130 0.2390070 0.1829350 0.0000000 0.2594543 0.2756454 0.2440668 0.2795064 0.2804748 0.2746833 0.2001474 0.2575723 0.2761270 0.2608690 0.2505563 0.2641802 0.2552263 
taxon_38   0.4056773 0.3531697 0.3430953 0.3357577 0.3853447 0.4045331 0.4154738 0.3644642 0.3223183 0.3937497 0.3931864 0.3693573 0.4166348 0.3091155 0.3814544 0.3914991 0.3892553 0.3016030 0.1949421 0.2941649 0.3960070 0.3709955 0.3274588 0.3809002 0.3478505 0.3521028 0.3404665 0.2833874 0.2976268 0.3526360 0.3202719 0.3420426 0.2829012 0.3352363 0.2422229 0.2575723 0.2594543 0.0000000 0.1727940 0.1512812 0.1837863 0.1859188 0.1782700 0.1311620 0.1932150 0.2093446 0.1971066 0.2182100 0.2326162 0.2231310 
taxon_39   0.4212968 0.3731853 0.3622997 0.3526360 0.3999738 0.4224668 0.4318935 0.3797932 0.3368015 0.3937497 0.4016803 0.3715423 0.4195451 0.3187408 0.3982712 0.4062500 0.3965724 0.3146730 0.2106678 0.2991154 0.4011110 0.3792403 0.3326349 0.3965724 0.3585268 0.3682672 0.3526360 0.2986189 0.3061015 0.3617596 0.3305602 0.3601415 0.2971313 0.3436221 0.2538223 0.2727627 0.2756454 0.1727940 0.0000000 0.1375416 0.1761591 0.1765808 0.1656928 0.1407519 0.2067053 0.2199957 0.2058276 0.2262794 0.2486964 0.2330709 
taxon_40   0.3943134 0.3415169 0.3383700 0.3274588 0.3726372 0.3875768 0.3988383 0.3430953 0.3021015 0.3628403 0.3677227 0.3404665 0.4045331 0.2951524 0.3731853 0.3836749 0.3699030 0.2843608 0.1820846 0.2713254 0.3726372 0.3542380 0.3030995 0.3585268 0.3326349 0.3326349 0.3202719 0.2646545 0.2799905 0.3368015 0.3066030 0.3310783 0.2637063 0.3177218 0.2280844 0.2449904 0.2440668 0.1512812 0.1375416 0.0000000 0.1343450 0.1355421 0.1248362 0.1142809 0.1744747 0.1940780 0.1812353 0.2027637 0.2231310 0.2062663 
taxon_41   0.4348638 0.3726372 0.3633812 0.3526360 0.4016803 0.4212968 0.4330802 0.3753815 0.3352363 0.4005422 0.4102715 0.3786878 0.4360552 0.3341946 0.4085453 0.4114244 0.4016803 0.3233436 0.2199957 0.3111317 0.4091203 0.3842311 0.3394175 0.3948775 0.3547728 0.3704490 0.3585268 0.3016030 0.3136595 0.3753815 0.3452050 0.3748318 0.3030995 0.3505053 0.2589834 0.2819297 0.2795064 0.1837863 0.1761591 0.1343450 0.0000000 0.1508735 0.1476197 0.1529143 0.2186560 0.2339811 0.2195489 0.2477682 0.2603971 0.2510220 
taxon_42   0.4360552 0.3825638 0.3693573 0.3574523 0.4108477 0.4236387 0.4324866 0.3820089 0.3404665 0.4062500 0.4143146 0.3853447 0.4486808 0.3404665 0.4143146 0.4148940 0.4073968 0.3264279 0.2191023 0.3081095 0.4154738 0.3920612 0.3446770 0.3926236 0.3660917 0.3693573 0.3606804 0.3071048 0.3202719 0.3809002 0.3446770 0.3682672 0.3030995 0.3547728 0.2632327 0.2795064 0.2804748 0.1859188 0.1765808 0.1355421 0.1508735 0.0000000 0.0694521 0.1520973 0.2142076 0.2244787 0.2146513 0.2431443 0.2641802 0.2482322 
taxon_43   0.4277548 0.3786878 0.3650063 0.3558434 0.4079708 0.4224668 0.4336743 0.3742826 0.3352363 0.4028201 0.4091203 0.3792403 0.4420409 0.3315968 0.4079708 0.4120016 0.3982712 0.3121418 0.2128782 0.3081095 0.4068232 0.3853447 0.3368015 0.3853447 0.3547728 0.3677227 0.3537036 0.2996123 0.3106271 0.3715423 0.3341946 0.3606804 0.2981227 0.3478505 0.2552263 0.2713254 0.2746833 0.1782700 0.1656928 0.1248362 0.1476197 0.0694521 0.0000000 0.1435722 0.2005828 0.2142076 0.2023270 0.2367183 0.2533548 0.2376329 
taxon_44   0.3612198 0.3006069 0.2848480 0.2761270 0.3259130 0.3457333 0.3585268 0.3040988 0.2641802 0.3228308 0.3295250 0.3021015 0.3542380 0.2542900 0.3310783 0.3368015 0.3290079 0.2413027 0.1403498 0.2271814 0.3331544 0.3096191 0.2637063 0.3182311 0.2799905 0.2941649 0.2799905 0.2244787 0.2353484 0.2867999 0.2589834 0.2921938 0.2240292 0.2689361 0.1812353 0.2014544 0.2001474 0.1311620 0.1407519 0.1142809 0.1529143 0.1520973 0.1435722 0.0000000 0.1291794 0.1468084 0.1339464 0.1652772 0.1829350 0.1686087 
taxon_45   0.4277548 0.3633812 0.3494423 0.3415169 0.3898156 0.4160541 0.4265764 0.3671787 0.3331544 0.3881359 0.3903764 0.3622997 0.4218816 0.3091155 0.3870182 0.3909376 0.3909376 0.3035990 0.2032007 0.2941649 0.3954421 0.3803465 0.3321156 0.3726372 0.3457333 0.3563794 0.3467912 0.2877777 0.2996123 0.3483807 0.3182311 0.3526360 0.2780562 0.3305602 0.2445285 0.2641802 0.2575723 0.1932150 0.2067053 0.1744747 0.2186560 0.2142076 0.2005828 0.1291794 0.0000000 0.1275971 0.1170032 0.2217857 0.2426834 0.2226823 
taxon_46   0.4456554 0.3759315 0.3622997 0.3505053 0.4011110 0.4248124 0.4307087 0.3814544 0.3425688 0.4016803 0.4051050 0.3797932 0.4330802 0.3259130 0.3960070 0.4045331 0.3954421 0.3284912 0.2150952 0.3111317 0.4062500 0.3881359 0.3404665 0.3870182 0.3569156 0.3720896 0.3612198 0.3016030 0.3141661 0.3775841 0.3415169 0.3682672 0.2981227 0.3362794 0.2627593 0.2746833 0.2761270 0.2093446 0.2199957 0.1940780 0.2339811 0.2244787 0.2142076 0.1468084 0.1275971 0.0000000 0.0421633 0.2358048 0.2594543 0.2436054 
taxon_47   0.4289349 0.3622997 0.3510375 0.3388936 0.3875768 0.4085453 0.4166348 0.3628403 0.3269432 0.3914991 0.3982712 0.3704490 0.4183796 0.3136595 0.3836749 0.3903764 0.3864599 0.3172128 0.2032007 0.2976268 0.3960070 0.3775841 0.3284912 0.3748318 0.3436221 0.3574523 0.3483807 0.2921938 0.3021015 0.3628403 0.3290079 0.3574523 0.2848480 0.3274588 0.2482322 0.2618136 0.2608690 0.1971066 0.2058276 0.1812353 0.2195489 0.2146513 0.2023270 0.1339464 0.1170032 0.0421633 0.0000000 0.2222338 0.2496258 0.2271814 
taxon_48   0.4259880 0.3660917 0.3510375 0.3457333 0.3931864 0.4033907 0.4131572 0.3666350 0.3269432 0.3825638 0.3859021 0.3601415 0.4189622 0.3116366 0.3926236 0.3954421 0.3875768 0.2996123 0.1979741 0.2946585 0.3954421 0.3731853 0.3279748 0.3764820 0.3505053 0.3569156 0.3425688 0.2848480 0.2926861 0.3606804 0.3264279 0.3499736 0.2819297 0.3404665 0.2380907 0.2556949 0.2505563 0.2182100 0.2262794 0.2027637 0.2477682 0.2431443 0.2367183 0.1652772 0.2217857 0.2358048 0.2222338 0.0000000 0.2001474 0.1889145 
taxon_49   0.4230525 0.3720896 0.3666350 0.3547728 0.4051050 0.4189622 0.4212968 0.3809002 0.3336744 0.3988383 0.3994058 0.3775841 0.4242253 0.3187408 0.3965724 0.4062500 0.3960070 0.3101229 0.2093446 0.3021015 0.4137357 0.3853447 0.3404665 0.3870182 0.3606804 0.3585268 0.3521028 0.2986189 0.3086124 0.3720896 0.3388936 0.3547728 0.2936716 0.3404665 0.2496258 0.2670302 0.2641802 0.2326162 0.2486964 0.2231310 0.2603971 0.2641802 0.2533548 0.1829350 0.2426834 0.2594543 0.2496258 0.2001474 0.0000000 0.1185632 
taxon_50   0.4166348 0.3558434 0.3489113 0.3404665 0.3886954 0.4016803 0.4148940 0.3590646 0.3197612 0.3792403 0.3847877 0.3596029 0.4177976 0.3066030 0.3831192 0.3886954 0.3786878 0.3001094 0.1966732 0.2907189 0.3886954 0.3601415 0.3187408 0.3677227 0.3436221 0.3430953 0.3362794 0.2804748 0.2956466 0.3473206 0.3207830 0.3446770 0.2780562 0.3295250 0.2353484 0.2552263 0.2552263 0.2231310 0.2330709 0.2062663 0.2510220 0.2482322 0.2376329 0.1686087 0.2226823 0.2436054 0.2271814 0.1889145 0.1185632 0.0000000 
