50
taxon_1    0.0000000 0.2853352 0.3274584 0.3300419 0.3182307 0.3290074 0.3001091 0.3146726 0.3295245 0.3341941 0.3172124 0.3141657 0.3259125 0.3326343 0.3243699 0.3207826 0.3056000 0.3116362 0.3030991 0.3177214 0.2986186 0.3207826 0.2660788 0.2804746 0.3086120 0.3045986 0.3086120 0.3076066 0.2863112 0.3172124 0.2991151 0.3016026 0.3238563 0.3040985 0.2971310 0.3096187 0.3182307 0.3177214 0.3192504 0.3116362 0.3045986 0.3146726 0.3116362 0.3086120 0.3016026 0.3091152 0.3101226 0.3056000 0.3161954 0.2936713 
taxon_2    0.2853352 0.0000000 0.1627882 0.1736338 0.1636170 0.1702800 0.1415566 0.1578350 0.1673576 0.1706984 0.1570126 0.1537322 0.1669411 0.1681914 0.2335257 0.2298938 0.2231309 0.2222337 0.2173186 0.2280843 0.2168734 0.2308001 0.1803868 0.1975402 0.2249284 0.2235798 0.2204427 0.2226822 0.2023270 0.2330708 0.2142075 0.2106677 0.2280843 0.2142075 0.2146512 0.2280843 0.2267302 0.2298938 0.2312537 0.2276327 0.2159837 0.2231309 0.2199956 0.2191022 0.2150951 0.2289885 0.2271813 0.2208901 0.2326161 0.2080237 
taxon_3    0.3274584 0.1627882 0.0000000 0.0966330 0.0913433 0.0981512 0.0723832 0.1042550 0.1146691 0.1224776 0.1077103 0.1023422 0.1173929 0.1189538 0.2713252 0.2722831 0.2679823 0.2637061 0.2571023 0.2698907 0.2622861 0.2708468 0.2204427 0.2422228 0.2608688 0.2641801 0.2622861 0.2571023 0.2417625 0.2727625 0.2571023 0.2547579 0.2756452 0.2589832 0.2566329 0.2694132 0.2756452 0.2722831 0.2761268 0.2675060 0.2580422 0.2646543 0.2599254 0.2594542 0.2580422 0.2703686 0.2656037 0.2603970 0.2703686 0.2514878 
taxon_4    0.3300419 0.1736338 0.0966330 0.0000000 0.0943614 0.1031067 0.0760633 0.1096369 0.1170032 0.1260182 0.1123424 0.1065568 0.1213012 0.1220853 0.2766086 0.2766086 0.2718040 0.2679823 0.2618134 0.2737221 0.2632325 0.2722831 0.2244786 0.2468410 0.2679823 0.2718040 0.2637061 0.2618134 0.2440667 0.2785391 0.2603970 0.2561637 0.2737221 0.2618134 0.2585125 0.2727625 0.2732421 0.2722831 0.2761268 0.2713252 0.2622861 0.2694132 0.2637061 0.2656037 0.2594542 0.2718040 0.2670300 0.2622861 0.2804746 0.2556948 
taxon_5    0.3182307 0.1636170 0.0913433 0.0943614 0.0000000 0.0731177 0.0464065 0.0992919 0.1119553 0.1197354 0.1011969 0.0973917 0.1123424 0.1131172 0.2689359 0.2694132 0.2632325 0.2622861 0.2552262 0.2651288 0.2556948 0.2646543 0.2168734 0.2367182 0.2575721 0.2575721 0.2566329 0.2524207 0.2353483 0.2651288 0.2500908 0.2500908 0.2684590 0.2524207 0.2514878 0.2632325 0.2708468 0.2698907 0.2718040 0.2613410 0.2542898 0.2599254 0.2561637 0.2575721 0.2533547 0.2627592 0.2580422 0.2542898 0.2689359 0.2463779 
taxon_6    0.3290074 0.1702800 0.0981512 0.1031067 0.0731177 0.0000000 0.0474711 0.1084804 0.1170032 0.1264126 0.1088657 0.1061727 0.1193445 0.1185632 0.2727625 0.2722831 0.2689359 0.2679823 0.2594542 0.2694132 0.2627592 0.2708468 0.2204427 0.2431441 0.2618134 0.2679823 0.2656037 0.2613410 0.2422228 0.2703686 0.2566329 0.2571023 0.2766086 0.2599254 0.2566329 0.2684590 0.2756452 0.2751640 0.2780560 0.2679823 0.2575721 0.2670300 0.2603970 0.2618134 0.2585125 0.2718040 0.2665542 0.2627592 0.2761268 0.2514878 
taxon_7    0.3001091 0.1415566 0.0723832 0.0760633 0.0464065 0.0474711 0.0000000 0.0819892 0.0939835 0.1015785 0.0857168 0.0816175 0.0958750 0.0966330 0.2477681 0.2463779 0.2431441 0.2422228 0.2330708 0.2445283 0.2362613 0.2445283 0.1958071 0.2186559 0.2385486 0.2413025 0.2385486 0.2348922 0.2164284 0.2449903 0.2317075 0.2298938 0.2510219 0.2344365 0.2312537 0.2426833 0.2505562 0.2500908 0.2505562 0.2417625 0.2348922 0.2426833 0.2371754 0.2403834 0.2344365 0.2454525 0.2413025 0.2380905 0.2510219 0.2280843 
taxon_8    0.3146726 0.1578350 0.1042550 0.1096369 0.0992919 0.1084804 0.0819892 0.0000000 0.0868388 0.0936057 0.0775404 0.0709162 0.0838507 0.0860906 0.2637061 0.2641801 0.2594542 0.2571023 0.2505562 0.2613410 0.2538221 0.2599254 0.2111093 0.2258287 0.2477681 0.2514878 0.2482320 0.2468410 0.2289885 0.2594542 0.2454525 0.2426833 0.2632325 0.2463779 0.2436053 0.2575721 0.2603970 0.2589832 0.2613410 0.2556948 0.2486963 0.2538221 0.2505562 0.2528875 0.2482320 0.2589832 0.2528875 0.2505562 0.2651288 0.2403834 
taxon_9    0.3295245 0.1673576 0.1146691 0.1170032 0.1119553 0.1170032 0.0939835 0.0868388 0.0000000 0.0883373 0.0723832 0.0709162 0.0831056 0.0849698 0.2756452 0.2732421 0.2675060 0.2637061 0.2618134 0.2689359 0.2622861 0.2694132 0.2199956 0.2385486 0.2641801 0.2632325 0.2594542 0.2589832 0.2394654 0.2742025 0.2561637 0.2552262 0.2732421 0.2580422 0.2528875 0.2670300 0.2742025 0.2689359 0.2703686 0.2632325 0.2575721 0.2656037 0.2603970 0.2589832 0.2552262 0.2660788 0.2637061 0.2603970 0.2742025 0.2491608 
taxon_10   0.3341941 0.1706984 0.1224776 0.1260182 0.1197354 0.1264126 0.1015785 0.0936057 0.0883373 0.0000000 0.0756944 0.0716493 0.0823611 0.0860906 0.2770908 0.2780560 0.2708468 0.2718040 0.2651288 0.2746831 0.2675060 0.2737221 0.2262793 0.2445283 0.2656037 0.2675060 0.2656037 0.2632325 0.2463779 0.2819295 0.2637061 0.2608688 0.2799902 0.2627592 0.2603970 0.2718040 0.2770908 0.2770908 0.2785391 0.2689359 0.2632325 0.2713252 0.2660788 0.2627592 0.2613410 0.2722831 0.2684590 0.2660788 0.2766086 0.2561637 
taxon_11   0.3172124 0.1570126 0.1077103 0.1123424 0.1011969 0.1088657 0.0857168 0.0775404 0.0723832 0.0756944 0.0000000 0.0418107 0.0549658 0.0560427 0.2703686 0.2675060 0.2613410 0.2599254 0.2571023 0.2665542 0.2571023 0.2651288 0.2164284 0.2335257 0.2594542 0.2575721 0.2552262 0.2538221 0.2358047 0.2660788 0.2500908 0.2496257 0.2675060 0.2524207 0.2482320 0.2622861 0.2679823 0.2670300 0.2660788 0.2618134 0.2514878 0.2613410 0.2556948 0.2547579 0.2514878 0.2608688 0.2561637 0.2547579 0.2703686 0.2445283 
taxon_12   0.3141657 0.1537322 0.1023422 0.1065568 0.0973917 0.1061727 0.0816175 0.0709162 0.0709162 0.0716493 0.0418107 0.0000000 0.0396990 0.0414584 0.2613410 0.2613410 0.2542898 0.2542898 0.2477681 0.2580422 0.2500908 0.2585125 0.2093446 0.2276327 0.2514878 0.2514878 0.2514878 0.2477681 0.2312537 0.2632325 0.2482320 0.2454525 0.2632325 0.2486963 0.2422228 0.2566329 0.2637061 0.2603970 0.2613410 0.2561637 0.2459151 0.2533547 0.2468410 0.2491608 0.2426833 0.2552262 0.2524207 0.2500908 0.2665542 0.2394654 
taxon_13   0.3259125 0.1669411 0.1173929 0.1213012 0.1123424 0.1193445 0.0958750 0.0838507 0.0831056 0.0823611 0.0549658 0.0396990 0.0000000 0.0288824 0.2732421 0.2722831 0.2689359 0.2646543 0.2594542 0.2698907 0.2632325 0.2713252 0.2208901 0.2394654 0.2660788 0.2641801 0.2622861 0.2580422 0.2449903 0.2766086 0.2603970 0.2589832 0.2756452 0.2618134 0.2580422 0.2684590 0.2775732 0.2732421 0.2770908 0.2703686 0.2646543 0.2703686 0.2641801 0.2618134 0.2589832 0.2703686 0.2670300 0.2651288 0.2785391 0.2538221 
taxon_14   0.3326343 0.1681914 0.1189538 0.1220853 0.1131172 0.1185632 0.0966330 0.0860906 0.0849698 0.0860906 0.0560427 0.0414584 0.0288824 0.0000000 0.2775732 0.2751640 0.2713252 0.2679823 0.2622861 0.2727625 0.2665542 0.2746831 0.2231309 0.2422228 0.2694132 0.2670300 0.2641801 0.2599254 0.2449903 0.2790225 0.2622861 0.2618134 0.2785391 0.2637061 0.2594542 0.2746831 0.2814442 0.2766086 0.2775732 0.2722831 0.2670300 0.2727625 0.2660788 0.2679823 0.2618134 0.2722831 0.2689359 0.2675060 0.2824151 0.2561637 
taxon_15   0.3243699 0.2335257 0.2713252 0.2766086 0.2689359 0.2727625 0.2477681 0.2637061 0.2756452 0.2770908 0.2703686 0.2613410 0.2732421 0.2775732 0.0000000 0.0731177 0.0845966 0.0898388 0.0779101 0.0875876 0.0797615 0.1232630 0.0727504 0.1919222 0.2164284 0.2124355 0.2111093 0.2093446 0.1906317 0.2258287 0.2084638 0.2045129 0.2186559 0.2049509 0.2045129 0.2168734 0.2177641 0.2191022 0.2204427 0.2155393 0.2071445 0.2115511 0.2067053 0.2093446 0.2053891 0.2231309 0.2177641 0.2146512 0.2222337 0.1988426 
taxon_16   0.3207826 0.2298938 0.2722831 0.2766086 0.2694132 0.2722831 0.2463779 0.2641801 0.2732421 0.2780560 0.2675060 0.2613410 0.2722831 0.2751640 0.0731177 0.0000000 0.0838507 0.0872131 0.0771708 0.0864646 0.0764323 0.1205179 0.0705499 0.1867734 0.2164284 0.2111093 0.2102264 0.2089040 0.1910616 0.2244786 0.2067053 0.2023270 0.2177641 0.2036378 0.2049509 0.2186559 0.2191022 0.2191022 0.2240291 0.2124355 0.2062663 0.2115511 0.2053891 0.2106677 0.2053891 0.2195488 0.2164284 0.2124355 0.2199956 0.1971065 
taxon_17   0.3056000 0.2231309 0.2679823 0.2718040 0.2632325 0.2689359 0.2431441 0.2594542 0.2675060 0.2708468 0.2613410 0.2542898 0.2689359 0.2713252 0.0845966 0.0838507 0.0000000 0.0764323 0.0643500 0.0756944 0.0658042 0.1142808 0.0647133 0.1859187 0.2111093 0.2067053 0.2075840 0.2058276 0.1863460 0.2204427 0.2040752 0.2014544 0.2168734 0.2018905 0.2001474 0.2111093 0.2137641 0.2119932 0.2208901 0.2119932 0.2027636 0.2102264 0.2053891 0.2058276 0.2014544 0.2177641 0.2119932 0.2080237 0.2133210 0.1945099 
taxon_18   0.3116362 0.2222337 0.2637061 0.2679823 0.2622861 0.2679823 0.2422228 0.2571023 0.2637061 0.2718040 0.2599254 0.2542898 0.2646543 0.2679823 0.0898388 0.0872131 0.0764323 0.0000000 0.0632612 0.0716493 0.0632612 0.1173929 0.0683558 0.1837862 0.2133210 0.2058276 0.2053891 0.2032006 0.1854917 0.2177641 0.2023270 0.1992773 0.2142075 0.1988426 0.1997122 0.2137641 0.2128781 0.2137641 0.2191022 0.2102264 0.2032006 0.2089040 0.2023270 0.2036378 0.2010184 0.2182099 0.2124355 0.2089040 0.2164284 0.1936463 
taxon_19   0.3030991 0.2173186 0.2571023 0.2618134 0.2552262 0.2594542 0.2330708 0.2505562 0.2618134 0.2651288 0.2571023 0.2477681 0.2594542 0.2622861 0.0779101 0.0771708 0.0643500 0.0632612 0.0000000 0.0564019 0.0488929 0.1073256 0.0564019 0.1748954 0.2005828 0.1953744 0.1984082 0.1958071 0.1782699 0.2119932 0.1949420 0.1923529 0.2080237 0.1919222 0.1940780 0.2084638 0.2071445 0.2053891 0.2097853 0.2040752 0.1953744 0.1997122 0.1953744 0.1988426 0.1936463 0.2102264 0.2049509 0.1988426 0.2071445 0.1867734 
taxon_20   0.3177214 0.2280843 0.2698907 0.2737221 0.2651288 0.2694132 0.2445283 0.2613410 0.2689359 0.2746831 0.2665542 0.2580422 0.2698907 0.2727625 0.0875876 0.0864646 0.0756944 0.0716493 0.0564019 0.0000000 0.0542488 0.1181729 0.0687211 0.1863460 0.2124355 0.2111093 0.2106677 0.2093446 0.1902020 0.2235798 0.2058276 0.2032006 0.2182099 0.2032006 0.2053891 0.2199956 0.2177641 0.2177641 0.2240291 0.2155393 0.2053891 0.2084638 0.2045129 0.2093446 0.2049509 0.2235798 0.2146512 0.2133210 0.2195488 0.1992773 
taxon_21   0.2986186 0.2168734 0.2622861 0.2632325 0.2556948 0.2627592 0.2362613 0.2538221 0.2622861 0.2675060 0.2571023 0.2500908 0.2632325 0.2665542 0.0797615 0.0764323 0.0658042 0.0632612 0.0488929 0.0542488 0.0000000 0.1073256 0.0578408 0.1761591 0.2023270 0.1966731 0.1984082 0.1966731 0.1791160 0.2111093 0.1932149 0.1927838 0.2067053 0.1897726 0.1936463 0.2080237 0.2075840 0.2036378 0.2106677 0.2023270 0.1958071 0.2014544 0.1966731 0.1971065 0.1932149 0.2093446 0.2067053 0.2040752 0.2093446 0.1876291 
taxon_22   0.3207826 0.2308001 0.2708468 0.2722831 0.2646543 0.2708468 0.2445283 0.2599254 0.2694132 0.2737221 0.2651288 0.2585125 0.2713252 0.2746831 0.1232630 0.1205179 0.1142808 0.1173929 0.1073256 0.1181729 0.1073256 0.0000000 0.0596432 0.1936463 0.2217856 0.2182099 0.2150951 0.2168734 0.1971065 0.2303468 0.2119932 0.2089040 0.2271813 0.2097853 0.2133210 0.2262793 0.2231309 0.2276327 0.2285363 0.2199956 0.2173186 0.2244786 0.2191022 0.2146512 0.2124355 0.2235798 0.2271813 0.2217856 0.2289885 0.2075840 
taxon_23   0.2660788 0.1803868 0.2204427 0.2244786 0.2168734 0.2204427 0.1958071 0.2111093 0.2199956 0.2262793 0.2164284 0.2093446 0.2208901 0.2231309 0.0727504 0.0705499 0.0647133 0.0683558 0.0564019 0.0687211 0.0578408 0.0596432 0.0000000 0.1427653 0.1690261 0.1669411 0.1644466 0.1627882 0.1455932 0.1765808 0.1590702 0.1570126 0.1740541 0.1566018 0.1615469 0.1744746 0.1719550 0.1723744 0.1774249 0.1694439 0.1627882 0.1677744 0.1632025 0.1652772 0.1603075 0.1748954 0.1744746 0.1677744 0.1757376 0.1537322 
taxon_24   0.2804746 0.1975402 0.2422228 0.2468410 0.2367182 0.2431441 0.2186559 0.2258287 0.2385486 0.2445283 0.2335257 0.2276327 0.2394654 0.2422228 0.1919222 0.1867734 0.1859187 0.1837862 0.1748954 0.1863460 0.1761591 0.1936463 0.1427653 0.0000000 0.0665323 0.0643500 0.1379421 0.1303683 0.1138927 0.1451885 0.1287835 0.1248361 0.1439759 0.1307650 0.1275971 0.1391450 0.1407518 0.1387438 0.1395464 0.1383428 0.1311619 0.1355421 0.1347438 0.1339464 0.1295755 0.1395464 0.1411541 0.1331498 0.1407518 0.1185632 
taxon_25   0.3086120 0.2249284 0.2608688 0.2679823 0.2575721 0.2618134 0.2385486 0.2477681 0.2641801 0.2656037 0.2594542 0.2514878 0.2660788 0.2694132 0.2164284 0.2164284 0.2111093 0.2133210 0.2005828 0.2124355 0.2023270 0.2217856 0.1690261 0.0665323 0.0000000 0.0705499 0.1652772 0.1574237 0.1391450 0.1686087 0.1533231 0.1508735 0.1681914 0.1541414 0.1553706 0.1681914 0.1690261 0.1677744 0.1702800 0.1669411 0.1578350 0.1619604 0.1603075 0.1615469 0.1570126 0.1694439 0.1677744 0.1603075 0.1665247 0.1451885 
taxon_26   0.3045986 0.2235798 0.2641801 0.2718040 0.2575721 0.2679823 0.2413025 0.2514878 0.2632325 0.2675060 0.2575721 0.2514878 0.2641801 0.2670300 0.2124355 0.2111093 0.2067053 0.2058276 0.1953744 0.2111093 0.1966731 0.2182099 0.1669411 0.0643500 0.0705499 0.0000000 0.1623742 0.1561912 0.1383428 0.1677744 0.1553706 0.1488382 0.1694439 0.1549607 0.1496516 0.1627882 0.1656928 0.1615469 0.1681914 0.1640317 0.1553706 0.1586583 0.1590702 0.1570126 0.1520973 0.1648618 0.1636170 0.1594824 0.1648618 0.1443799 
taxon_27   0.3086120 0.2204427 0.2622861 0.2637061 0.2566329 0.2656037 0.2385486 0.2482320 0.2594542 0.2656037 0.2552262 0.2514878 0.2622861 0.2641801 0.2111093 0.2102264 0.2075840 0.2053891 0.1984082 0.2106677 0.1984082 0.2150951 0.1644466 0.1379421 0.1652772 0.1623742 0.0000000 0.0786501 0.0621740 0.0947395 0.0816175 0.0779101 0.0962539 0.0838507 0.0962539 0.1080952 0.1119553 0.1111817 0.1162244 0.1065568 0.1015785 0.1027244 0.1038720 0.1057887 0.1000533 0.1131172 0.1104089 0.1038720 0.1115684 0.0894631 
taxon_28   0.3076066 0.2226822 0.2571023 0.2618134 0.2524207 0.2613410 0.2348922 0.2468410 0.2589832 0.2632325 0.2538221 0.2477681 0.2580422 0.2599254 0.2093446 0.2089040 0.2058276 0.2032006 0.1958071 0.2093446 0.1966731 0.2168734 0.1627882 0.1303683 0.1574237 0.1561912 0.0786501 0.0000000 0.0564019 0.0902146 0.0753258 0.0705499 0.0890876 0.0782800 0.0913433 0.1019602 0.1080952 0.1061727 0.1123424 0.1015785 0.0985312 0.0996725 0.1023422 0.1004343 0.0939835 0.1073256 0.1080952 0.0992919 0.1096369 0.0860906 
taxon_29   0.2863112 0.2023270 0.2417625 0.2440667 0.2353483 0.2422228 0.2164284 0.2289885 0.2394654 0.2463779 0.2358047 0.2312537 0.2449903 0.2449903 0.1906317 0.1910616 0.1863460 0.1854917 0.1782699 0.1902020 0.1791160 0.1971065 0.1455932 0.1138927 0.1391450 0.1383428 0.0621740 0.0564019 0.0000000 0.0745891 0.0607268 0.0564019 0.0727504 0.0621740 0.0745891 0.0864646 0.0928508 0.0917199 0.0962539 0.0883373 0.0827333 0.0849698 0.0845966 0.0845966 0.0805033 0.0932282 0.0909669 0.0827333 0.0928508 0.0716493 
taxon_30   0.3172124 0.2330708 0.2727625 0.2785391 0.2651288 0.2703686 0.2449903 0.2594542 0.2742025 0.2819295 0.2660788 0.2632325 0.2766086 0.2790225 0.2258287 0.2244786 0.2204427 0.2177641 0.2119932 0.2235798 0.2111093 0.2303468 0.1765808 0.1451885 0.1686087 0.1677744 0.0947395 0.0902146 0.0745891 0.0000000 0.0449894 0.0797615 0.0977714 0.0827333 0.1027244 0.1138927 0.1189538 0.1162244 0.1209094 0.1177828 0.1073256 0.1092512 0.1107952 0.1115684 0.1057887 0.1185632 0.1181729 0.1100228 0.1189538 0.0981512 
taxon_31   0.2991151 0.2142075 0.2571023 0.2603970 0.2500908 0.2566329 0.2317075 0.2454525 0.2561637 0.2637061 0.2500908 0.2482320 0.2603970 0.2622861 0.2084638 0.2067053 0.2040752 0.2023270 0.1949420 0.2058276 0.1932149 0.2119932 0.1590702 0.1287835 0.1533231 0.1553706 0.0816175 0.0753258 0.0607268 0.0449894 0.0000000 0.0647133 0.0827333 0.0709162 0.0890876 0.0992919 0.1027244 0.1015785 0.1057887 0.1027244 0.0936057 0.0970122 0.0973917 0.0966330 0.0932282 0.1038720 0.1034893 0.0951178 0.1050215 0.0834780 
taxon_32   0.3016026 0.2106677 0.2547579 0.2561637 0.2500908 0.2571023 0.2298938 0.2426833 0.2552262 0.2608688 0.2496257 0.2454525 0.2589832 0.2618134 0.2045129 0.2023270 0.2014544 0.1992773 0.1923529 0.2032006 0.1927838 0.2089040 0.1570126 0.1248361 0.1508735 0.1488382 0.0779101 0.0705499 0.0564019 0.0797615 0.0647133 0.0000000 0.0636239 0.0535325 0.0868388 0.0973917 0.1000533 0.1004343 0.1034893 0.0966330 0.0920967 0.0939835 0.0932282 0.0936057 0.0887124 0.0996725 0.1000533 0.0924737 0.1034893 0.0793908 
taxon_33   0.3238563 0.2280843 0.2756452 0.2737221 0.2684590 0.2766086 0.2510219 0.2632325 0.2732421 0.2799902 0.2675060 0.2632325 0.2756452 0.2785391 0.2186559 0.2177641 0.2168734 0.2142075 0.2080237 0.2182099 0.2067053 0.2271813 0.1740541 0.1439759 0.1681914 0.1694439 0.0962539 0.0890876 0.0727504 0.0977714 0.0827333 0.0636239 0.0000000 0.0628986 0.1042550 0.1158352 0.1177828 0.1177828 0.1189538 0.1158352 0.1107952 0.1115684 0.1107952 0.1127297 0.1065568 0.1162244 0.1158352 0.1061727 0.1185632 0.0954963 
taxon_34   0.3040985 0.2142075 0.2589832 0.2618134 0.2524207 0.2599254 0.2344365 0.2463779 0.2580422 0.2627592 0.2524207 0.2486963 0.2618134 0.2637061 0.2049509 0.2036378 0.2018905 0.1988426 0.1919222 0.2032006 0.1897726 0.2097853 0.1566018 0.1307650 0.1541414 0.1549607 0.0838507 0.0782800 0.0621740 0.0827333 0.0709162 0.0535325 0.0628986 0.0000000 0.0928508 0.1019602 0.1080952 0.1054050 0.1077103 0.1027244 0.0954963 0.1000533 0.0989115 0.0989115 0.0932282 0.1073256 0.1050215 0.0966330 0.1084804 0.0849698 
taxon_35   0.2971310 0.2146512 0.2566329 0.2585125 0.2514878 0.2566329 0.2312537 0.2436053 0.2528875 0.2603970 0.2482320 0.2422228 0.2580422 0.2594542 0.2045129 0.2049509 0.2001474 0.1997122 0.1940780 0.2053891 0.1936463 0.2133210 0.1615469 0.1275971 0.1553706 0.1496516 0.0962539 0.0913433 0.0745891 0.1027244 0.0890876 0.0868388 0.1042550 0.0928508 0.0000000 0.0517446 0.0973917 0.0928508 0.0996725 0.0954963 0.0894631 0.0932282 0.0917199 0.0920967 0.0872131 0.0996725 0.1023422 0.0928508 0.1034893 0.0797615 
taxon_36   0.3096187 0.2280843 0.2694132 0.2727625 0.2632325 0.2684590 0.2426833 0.2575721 0.2670300 0.2718040 0.2622861 0.2566329 0.2684590 0.2746831 0.2168734 0.2186559 0.2111093 0.2137641 0.2084638 0.2199956 0.2080237 0.2262793 0.1744746 0.1391450 0.1681914 0.1627882 0.1080952 0.1019602 0.0864646 0.1138927 0.0992919 0.0973917 0.1158352 0.1019602 0.0517446 0.0000000 0.1073256 0.1034893 0.1088657 0.1065568 0.1031067 0.1069411 0.1069411 0.1042550 0.0981512 0.1115684 0.1123424 0.1027244 0.1123424 0.0879624 
taxon_37   0.3182307 0.2267302 0.2756452 0.2732421 0.2708468 0.2756452 0.2505562 0.2603970 0.2742025 0.2770908 0.2679823 0.2637061 0.2775732 0.2814442 0.2177641 0.2191022 0.2137641 0.2128781 0.2071445 0.2177641 0.2075840 0.2231309 0.1719550 0.1407518 0.1690261 0.1656928 0.1119553 0.1080952 0.0928508 0.1189538 0.1027244 0.1000533 0.1177828 0.1080952 0.0973917 0.1073256 0.0000000 0.0701838 0.1142808 0.1088657 0.1069411 0.1107952 0.1080952 0.1096369 0.1054050 0.1170032 0.1150576 0.1061727 0.1193445 0.0962539 
taxon_38   0.3177214 0.2298938 0.2722831 0.2722831 0.2698907 0.2751640 0.2500908 0.2589832 0.2689359 0.2770908 0.2670300 0.2603970 0.2732421 0.2766086 0.2191022 0.2191022 0.2119932 0.2137641 0.2053891 0.2177641 0.2036378 0.2276327 0.1723744 0.1387438 0.1677744 0.1615469 0.1111817 0.1061727 0.0917199 0.1162244 0.1015785 0.1004343 0.1177828 0.1054050 0.0928508 0.1034893 0.0701838 0.0000000 0.1138927 0.1092512 0.1069411 0.1084804 0.1054050 0.1061727 0.1038720 0.1127297 0.1142808 0.1061727 0.1177828 0.0932282 
taxon_39   0.3192504 0.2312537 0.2761268 0.2761268 0.2718040 0.2780560 0.2505562 0.2613410 0.2703686 0.2785391 0.2660788 0.2613410 0.2770908 0.2775732 0.2204427 0.2240291 0.2208901 0.2191022 0.2097853 0.2240291 0.2106677 0.2285363 0.1774249 0.1395464 0.1702800 0.1681914 0.1162244 0.1123424 0.0962539 0.1209094 0.1057887 0.1034893 0.1189538 0.1077103 0.0996725 0.1088657 0.1142808 0.1138927 0.0000000 0.0924737 0.1107952 0.1138927 0.1142808 0.1135048 0.1096369 0.1189538 0.1181729 0.1084804 0.1185632 0.0962539 
taxon_40   0.3116362 0.2276327 0.2675060 0.2713252 0.2613410 0.2679823 0.2417625 0.2556948 0.2632325 0.2689359 0.2618134 0.2561637 0.2703686 0.2722831 0.2155393 0.2124355 0.2119932 0.2102264 0.2040752 0.2155393 0.2023270 0.2199956 0.1694439 0.1383428 0.1669411 0.1640317 0.1065568 0.1015785 0.0883373 0.1177828 0.1027244 0.0966330 0.1158352 0.1027244 0.0954963 0.1065568 0.1088657 0.1092512 0.0924737 0.0000000 0.1061727 0.1088657 0.1080952 0.1069411 0.1038720 0.1154463 0.1158352 0.1069411 0.1162244 0.0943614 
taxon_41   0.3045986 0.2159837 0.2580422 0.2622861 0.2542898 0.2575721 0.2348922 0.2486963 0.2575721 0.2632325 0.2514878 0.2459151 0.2646543 0.2670300 0.2071445 0.2062663 0.2027636 0.2032006 0.1953744 0.2053891 0.1958071 0.2173186 0.1627882 0.1311619 0.1578350 0.1553706 0.1015785 0.0985312 0.0827333 0.1073256 0.0936057 0.0920967 0.1107952 0.0954963 0.0894631 0.1031067 0.1069411 0.1069411 0.1107952 0.1061727 0.0000000 0.0488929 0.0488929 0.0676259 0.0592824 0.1038720 0.1034893 0.0951178 0.1050215 0.0831056 
taxon_42   0.3146726 0.2231309 0.2646543 0.2694132 0.2599254 0.2670300 0.2426833 0.2538221 0.2656037 0.2713252 0.2613410 0.2533547 0.2703686 0.2727625 0.2115511 0.2115511 0.2102264 0.2089040 0.1997122 0.2084638 0.2014544 0.2244786 0.1677744 0.1355421 0.1619604 0.1586583 0.1027244 0.0996725 0.0849698 0.1092512 0.0970122 0.0939835 0.1115684 0.1000533 0.0932282 0.1069411 0.1107952 0.1084804 0.1138927 0.1088657 0.0488929 0.0000000 0.0219858 0.0712827 0.0632612 0.1073256 0.1061727 0.0989115 0.1096369 0.0864646 
taxon_43   0.3116362 0.2199956 0.2599254 0.2637061 0.2561637 0.2603970 0.2371754 0.2505562 0.2603970 0.2660788 0.2556948 0.2468410 0.2641801 0.2660788 0.2067053 0.2053891 0.2053891 0.2023270 0.1953744 0.2045129 0.1966731 0.2191022 0.1632025 0.1347438 0.1603075 0.1590702 0.1038720 0.1023422 0.0845966 0.1107952 0.0973917 0.0932282 0.1107952 0.0989115 0.0917199 0.1069411 0.1080952 0.1054050 0.1142808 0.1080952 0.0488929 0.0219858 0.0000000 0.0701838 0.0632612 0.1077103 0.1073256 0.0989115 0.1111817 0.0872131 
taxon_44   0.3086120 0.2191022 0.2594542 0.2656037 0.2575721 0.2618134 0.2403834 0.2528875 0.2589832 0.2627592 0.2547579 0.2491608 0.2618134 0.2679823 0.2093446 0.2106677 0.2058276 0.2036378 0.1988426 0.2093446 0.1971065 0.2146512 0.1652772 0.1339464 0.1615469 0.1570126 0.1057887 0.1004343 0.0845966 0.1115684 0.0966330 0.0936057 0.1127297 0.0989115 0.0920967 0.1042550 0.1096369 0.1061727 0.1135048 0.1069411 0.0676259 0.0712827 0.0701838 0.0000000 0.0471161 0.1069411 0.1027244 0.0958750 0.1069411 0.0849698 
taxon_45   0.3016026 0.2150951 0.2580422 0.2594542 0.2533547 0.2585125 0.2344365 0.2482320 0.2552262 0.2613410 0.2514878 0.2426833 0.2589832 0.2618134 0.2053891 0.2053891 0.2014544 0.2010184 0.1936463 0.2049509 0.1932149 0.2124355 0.1603075 0.1295755 0.1570126 0.1520973 0.1000533 0.0939835 0.0805033 0.1057887 0.0932282 0.0887124 0.1065568 0.0932282 0.0872131 0.0981512 0.1054050 0.1038720 0.1096369 0.1038720 0.0592824 0.0632612 0.0632612 0.0471161 0.0000000 0.1011969 0.1000533 0.0932282 0.1038720 0.0808745 
taxon_46   0.3091152 0.2289885 0.2703686 0.2718040 0.2627592 0.2718040 0.2454525 0.2589832 0.2660788 0.2722831 0.2608688 0.2552262 0.2703686 0.2722831 0.2231309 0.2195488 0.2177641 0.2182099 0.2102264 0.2235798 0.2093446 0.2235798 0.1748954 0.1395464 0.1694439 0.1648618 0.1131172 0.1073256 0.0932282 0.1185632 0.1038720 0.0996725 0.1162244 0.1073256 0.0996725 0.1115684 0.1170032 0.1127297 0.1189538 0.1154463 0.1038720 0.1073256 0.1077103 0.1069411 0.1011969 0.0000000 0.0996725 0.0928508 0.1027244 0.0793908 
taxon_47   0.3101226 0.2271813 0.2656037 0.2670300 0.2580422 0.2665542 0.2413025 0.2528875 0.2637061 0.2684590 0.2561637 0.2524207 0.2670300 0.2689359 0.2177641 0.2164284 0.2119932 0.2124355 0.2049509 0.2146512 0.2067053 0.2271813 0.1744746 0.1411541 0.1677744 0.1636170 0.1104089 0.1080952 0.0909669 0.1181729 0.1034893 0.1000533 0.1158352 0.1050215 0.1023422 0.1123424 0.1150576 0.1142808 0.1181729 0.1158352 0.1034893 0.1061727 0.1073256 0.1027244 0.1000533 0.0996725 0.0000000 0.0578408 0.0857168 0.0639869 
taxon_48   0.3056000 0.2208901 0.2603970 0.2622861 0.2542898 0.2627592 0.2380905 0.2505562 0.2603970 0.2660788 0.2547579 0.2500908 0.2651288 0.2675060 0.2146512 0.2124355 0.2080237 0.2089040 0.1988426 0.2133210 0.2040752 0.2217856 0.1677744 0.1331498 0.1603075 0.1594824 0.1038720 0.0992919 0.0827333 0.1100228 0.0951178 0.0924737 0.1061727 0.0966330 0.0928508 0.1027244 0.1061727 0.1061727 0.1084804 0.1069411 0.0951178 0.0989115 0.0989115 0.0958750 0.0932282 0.0928508 0.0578408 0.0000000 0.0797615 0.0571210 
taxon_49   0.3161954 0.2326161 0.2703686 0.2804746 0.2689359 0.2761268 0.2510219 0.2651288 0.2742025 0.2766086 0.2703686 0.2665542 0.2785391 0.2824151 0.2222337 0.2199956 0.2133210 0.2164284 0.2071445 0.2195488 0.2093446 0.2289885 0.1757376 0.1407518 0.1665247 0.1648618 0.1115684 0.1096369 0.0928508 0.1189538 0.1050215 0.1034893 0.1185632 0.1084804 0.1034893 0.1123424 0.1193445 0.1177828 0.1185632 0.1162244 0.1050215 0.1096369 0.1111817 0.1069411 0.1038720 0.1027244 0.0857168 0.0797615 0.0000000 0.0549658 
taxon_50   0.2936713 0.2080237 0.2514878 0.2556948 0.2463779 0.2514878 0.2280843 0.2403834 0.2491608 0.2561637 0.2445283 0.2394654 0.2538221 0.2561637 0.1988426 0.1971065 0.1945099 0.1936463 0.1867734 0.1992773 0.1876291 0.2075840 0.1537322 0.1185632 0.1451885 0.1443799 0.0894631 0.0860906 0.0716493 0.0981512 0.0834780 0.0793908 0.0954963 0.0849698 0.0797615 0.0879624 0.0962539 0.0932282 0.0962539 0.0943614 0.0831056 0.0864646 0.0872131 0.0849698 0.0808745 0.0793908 0.0639869 0.0571210 0.0549658 0.0000000 
