RF=0.000000
WRF=0.201593
