30
taxon_1    0.0000000 1.5714931 2.0950575 1.8034382 1.6575252 2.2069668 1.5978114 1.4153022 1.5939946 3.1128255 2.6529972 1.6742856 1.6533929 3.6927179 4.2125783 9.0000000 3.3886190 4.7324386 1.5460670 3.1728576 1.8238476 9.0000000 2.3700265 1.3801395 3.2047773 2.5373842 1.6016477 2.9340173 1.5604905 1.6093796 
taxon_2    1.5714931 0.0000000 1.9351626 1.6742856 1.5111771 1.7269388 1.4123082 1.1544252 1.5714931 3.0054994 2.7712189 1.4745845 1.5789188 2.6849169 3.8294576 3.1422410 3.8294576 9.0000000 1.4649070 2.5241094 1.6132757 3.1728576 2.3283491 1.2325046 3.9084795 4.2125783 1.5714931 2.9570960 1.6575252 1.5751967 
taxon_3    2.0950575 1.9351626 0.0000000 1.9232576 1.6914292 0.7919259 1.5826595 1.0262069 2.3385533 1.5043897 1.3144041 2.1331368 2.9809075 1.5354286 1.5043897 1.4490502 1.5319157 1.5249389 1.9533821 1.4273992 2.9809075 1.5460670 1.3170310 1.4649070 1.5714931 1.3465518 2.6075287 1.3772824 2.1176723 2.0950575 
taxon_4    1.8034382 1.6742856 1.9232576 0.0000000 1.1212707 1.0895199 1.4183082 1.1439061 1.5354286 3.0845203 2.7182557 1.7547198 1.7179026 3.4314875 3.5253603 3.2381161 9.0000000 2.8482095 1.5901972 3.1728576 1.6132757 2.8898869 2.9570960 1.4273992 3.4314875 9.0000000 1.8238476 2.8898869 1.6914292 1.6411311 
taxon_5    1.6575252 1.5111771 1.6914292 1.1212707 0.0000000 0.8645854 1.2962685 1.0837134 1.6250868 2.5929651 2.4256075 1.5460670 1.7134249 3.4769564 3.8294576 3.3886190 9.0000000 3.4314875 1.6171921 2.3385533 1.5714931 2.9809075 2.7354978 1.3356821 3.3095987 3.0845203 1.5864188 2.4141569 1.6171921 1.4811063 
taxon_6    2.2069668 1.7269388 0.7919259 1.0895199 0.8645854 0.0000000 1.3196672 0.7500013 2.3488983 1.3356821 1.2686271 2.1815407 3.1128255 1.5901972 1.5460670 1.5010190 1.6616803 1.4876853 2.0310375 1.3410973 2.6529972 1.4713448 1.2515532 1.2835778 1.5111771 1.3548088 2.3488983 1.3065779 2.2332853 1.9291865 
taxon_7    1.5978114 1.4123082 1.5826595 1.4183082 1.2962685 1.3196672 0.0000000 0.9744622 1.6016477 2.8282083 2.3593880 1.7500176 1.7269388 5.5562928 3.1728576 3.8294576 3.9968168 3.1422410 1.5043897 2.6849169 1.5496470 3.1128255 2.4982447 1.3410973 3.3886190 2.4256075 1.6330655 2.4856395 1.5604905 1.4876853 
taxon_8    1.4153022 1.1544252 1.0262069 1.1439061 1.0837134 0.7500013 0.9744622 0.0000000 1.4033972 2.1025203 1.8084887 1.3975148 1.4459187 2.3917669 2.1650565 2.1569483 2.4610467 2.1176723 1.2208403 2.1732533 1.6093796 2.7182557 1.8886361 0.9339118 2.2513584 2.0108570 1.4909966 2.0447992 1.4243566 1.2886283 
taxon_9    1.5939946 1.5714931 2.3385533 1.5354286 1.6250868 2.3488983 1.6016477 1.4033972 0.0000000 1.2785611 1.0155684 1.3223127 1.6700603 2.1983953 2.5929651 2.5373842 4.0969653 2.9340173 1.4123082 2.7897383 1.5077757 2.6687872 2.1409903 1.0333840 3.2730061 2.4856395 1.4976633 2.5508980 1.5496470 1.5043897 
taxon_10   3.1128255 3.0054994 1.5043897 3.0845203 2.5929651 1.3356821 2.8282083 2.1025203 1.2785611 0.0000000 0.2495412 2.0447992 2.7354978 1.4713448 1.4681190 1.4304542 1.5939946 1.4153022 1.8942965 1.4778383 3.6326859 1.6290656 1.3276319 1.2810652 1.6290656 1.4123082 2.5646599 1.4153022 2.5241094 2.4028775 
taxon_11   2.6529972 2.7712189 1.3144041 2.7182557 2.4256075 1.2686271 2.3593880 1.8084887 1.0155684 0.2495412 0.0000000 1.8186930 2.2793117 1.3631577 1.3548088 1.3276319 1.5354286 1.3117863 1.5532441 1.3575814 2.7354978 1.4876853 1.1891135 1.0442801 1.5111771 1.3772824 2.1569483 1.3830076 2.0731041 1.9720553 
taxon_12   1.6742856 1.4745845 2.1331368 1.7547198 1.5460670 2.1815407 1.7500176 1.3975148 1.3223127 2.0447992 1.8186930 0.0000000 1.2911664 1.9351626 1.7089739 1.7224071 2.1489268 1.7407007 1.1715688 2.0731041 1.4213263 2.4141569 1.6828084 0.8405040 2.9570960 2.2888656 1.4585240 2.3283491 1.4617087 1.4213263 
taxon_13   1.6533929 1.5789188 2.9809075 1.7179026 1.7134249 3.1128255 1.7269388 1.4459187 1.6700603 2.7354978 2.2793117 1.2911664 0.0000000 0.3570619 1.5901972 1.4521948 1.8448280 1.3303057 1.3548088 2.5929651 1.6016477 2.4141569 2.1331368 1.0665589 3.1128255 4.7324386 1.6370869 2.5241094 1.6370869 1.4428002 
taxon_14   3.6927179 2.6849169 1.5354286 3.4314875 3.4769564 1.5901972 5.5562928 2.3917669 2.1983953 1.4713448 1.3631577 1.9351626 0.3570619 0.0000000 0.9896143 0.9450467 1.1565469 0.8791207 1.9291865 1.4123082 3.0572445 1.4876853 1.3249676 1.3659614 1.6330655 1.5604905 2.8087267 1.4585240 2.9809075 2.3488983 
taxon_15   4.2125783 3.8294576 1.5043897 3.5253603 3.8294576 1.5460670 3.1728576 2.1650565 2.5929651 1.4681190 1.3548088 1.7089739 1.5901972 0.9896143 0.0000000 0.1455196 0.7958560 0.4974704 1.9173752 1.4876853 2.8482095 1.6290656 1.2886283 1.4033972 1.6492833 1.5145940 3.3480687 1.4459187 2.7182557 2.5241094 
taxon_16   9.0000000 3.1422410 1.4490502 3.2381161 3.3886190 1.5010190 3.8294576 2.1569483 2.5373842 1.4304542 1.3276319 1.7224071 1.4521948 0.9450467 0.1455196 0.0000000 0.7612049 0.4757298 1.8342645 1.4713448 3.0572445 1.6290656 1.3117863 1.3801395 1.6093796 1.4778383 2.8087267 1.4273992 2.5373842 2.5241094 
taxon_17   3.3886190 3.8294576 1.5319157 9.0000000 9.0000000 1.6616803 3.9968168 2.4610467 4.0969653 1.5939946 1.5354286 2.1489268 1.8448280 1.1565469 0.7958560 0.7612049 0.0000000 0.5764906 2.1569483 1.6016477 3.3480687 1.6700603 1.4183082 1.7089739 1.6370869 1.6250868 2.9570960 1.5568585 2.4732425 2.7712189 
taxon_18   4.7324386 9.0000000 1.5249389 2.8482095 3.4314875 1.4876853 3.1422410 2.1176723 2.9340173 1.4153022 1.3117863 1.7407007 1.3303057 0.8791207 0.4974704 0.4757298 0.5764906 0.0000000 1.7547198 1.4459187 2.5110657 1.5043897 1.1846887 1.2539687 1.6132757 1.4153022 3.0845203 1.5111771 2.7014011 2.7354978 
taxon_19   1.5460670 1.4649070 1.9533821 1.5901972 1.6171921 2.0310375 1.5043897 1.2208403 1.4123082 1.8942965 1.5532441 1.1715688 1.3548088 1.9291865 1.9173752 1.8342645 2.1569483 1.7547198 0.0000000 1.4004502 1.1294229 1.4943225 0.9896143 0.7185451 3.3480687 2.2156374 1.5180264 2.2793117 1.5978114 1.3887768 
taxon_20   3.1728576 2.5241094 1.4273992 3.1728576 2.3385533 1.3410973 2.6849169 2.1732533 2.7897383 1.4778383 1.3575814 2.0731041 2.5929651 1.4123082 1.4876853 1.4713448 1.6016477 1.4459187 1.4004502 0.0000000 1.5604905 1.0934160 0.7700359 1.2395913 1.6016477 1.6451961 3.2381161 1.4778383 2.9340173 2.5241094 
taxon_21   1.8238476 1.6132757 2.9809075 1.6132757 1.5714931 2.6529972 1.5496470 1.6093796 1.5077757 3.6326859 2.7354978 1.4213263 1.6016477 3.0572445 2.8482095 3.0572445 3.3480687 2.5110657 1.1294229 1.5604905 0.0000000 0.3404187 0.7998069 1.0875794 4.0969653 3.6927179 1.6616803 2.8282083 1.6171921 1.5641401 
taxon_22   9.0000000 3.1728576 1.5460670 2.8898869 2.9809075 1.4713448 3.1128255 2.7182557 2.6687872 1.6290656 1.4876853 2.4141569 2.4141569 1.4876853 1.6290656 1.6290656 1.6700603 1.5043897 1.4943225 1.0934160 0.3404187 0.0000000 0.6198785 1.5010190 1.6055037 1.6871065 3.3095987 1.5389580 3.0309260 2.5929651 
taxon_23   2.3700265 2.3283491 1.3170310 2.9570960 2.7354978 1.2515532 2.4982447 1.8886361 2.1409903 1.3276319 1.1891135 1.6828084 2.1331368 1.3249676 1.2886283 1.3117863 1.4183082 1.1846887 0.9896143 0.7700359 0.7998069 0.6198785 0.0000000 0.9354924 1.4396946 1.3438196 2.5929651 1.3548088 2.2332853 2.0310375 
taxon_24   1.3801395 1.2325046 1.4649070 1.4273992 1.3356821 1.2835778 1.3410973 0.9339118 1.0333840 1.2810652 1.0442801 0.8405040 1.0665589 1.3659614 1.4033972 1.3801395 1.7089739 1.2539687 0.7185451 1.2395913 1.0875794 1.5010190 0.9354924 0.0000000 1.9595550 1.6871065 1.3039872 1.5532441 1.2886283 1.1072140 
taxon_25   3.2047773 3.9084795 1.5714931 3.4314875 3.3095987 1.5111771 3.3886190 2.2513584 3.2730061 1.6290656 1.5111771 2.9570960 3.1128255 1.6330655 1.6492833 1.6093796 1.6370869 1.6132757 3.3480687 1.6016477 4.0969653 1.6055037 1.4396946 1.9595550 0.0000000 1.3603644 2.6687872 1.3659614 2.3182818 2.1569483 
taxon_26   2.5373842 4.2125783 1.3465518 9.0000000 3.0845203 1.3548088 2.4256075 2.0108570 2.4856395 1.4123082 1.3772824 2.2888656 4.7324386 1.5604905 1.5145940 1.4778383 1.6250868 1.4153022 2.2156374 1.6451961 3.6927179 1.6871065 1.3438196 1.6871065 1.3603644 0.0000000 1.4943225 0.8588492 1.4004502 1.1781001 
taxon_27   1.6016477 1.5714931 2.6075287 1.8238476 1.5864188 2.3488983 1.6330655 1.4909966 1.4976633 2.5646599 2.1569483 1.4585240 1.6370869 2.8087267 3.3480687 2.8087267 2.9570960 3.0845203 1.5180264 3.2381161 1.6616803 3.3095987 2.5929651 1.3039872 2.6687872 1.4943225 0.0000000 0.8475069 0.8432973 0.6538785 
taxon_28   2.9340173 2.9570960 1.3772824 2.8898869 2.4141569 1.3065779 2.4856395 2.0447992 2.5508980 1.4153022 1.3830076 2.3283491 2.5241094 1.4585240 1.4459187 1.4273992 1.5568585 1.5111771 2.2793117 1.4778383 2.8282083 1.5389580 1.3548088 1.5532441 1.3659614 0.8588492 0.8475069 0.0000000 0.5735552 0.3382748 
taxon_29   1.5604905 1.6575252 2.1176723 1.6914292 1.6171921 2.2332853 1.5604905 1.4243566 1.5496470 2.5241094 2.0731041 1.4617087 1.6370869 2.9809075 2.7182557 2.5373842 2.4732425 2.7014011 1.5978114 2.9340173 1.6171921 3.0309260 2.2332853 1.2886283 2.3182818 1.4004502 0.8432973 0.5735552 0.0000000 0.4579424 
taxon_30   1.6093796 1.5751967 2.0950575 1.6411311 1.4811063 1.9291865 1.4876853 1.2886283 1.5043897 2.4028775 1.9720553 1.4213263 1.4428002 2.3488983 2.5241094 2.5241094 2.7712189 2.7354978 1.3887768 2.5241094 1.5641401 2.5929651 2.0310375 1.1072140 2.1569483 1.1781001 0.6538785 0.3382748 0.4579424 0.0000000 
