30
taxon_1    0.0000000 2.1001241 2.0191326 2.1476513 1.1873405 1.2739751 1.1815189 1.2011023 1.8458924 1.2397812 2.0679301 1.2252980 1.1853949 1.2376949 2.2368651 1.9622873 1.2212107 2.0870803 1.9407030 1.2273499 2.0806424 1.2232516 1.9788929 2.1689795 1.1815189 1.1776624 2.0074136 2.0492572 1.2631211 1.8093000 
taxon_2    2.1001241 0.0000000 1.0720057 1.0804042 1.3669733 1.9249129 1.9354027 2.1337620 1.1873405 1.9788929 1.2030891 2.1001241 2.1001241 2.1269127 1.2252980 1.1512116 2.0679301 1.1853949 1.1991208 2.1067321 1.1493576 2.0554292 1.2090811 1.1738266 1.8412197 2.0191326 1.1776624 1.1719157 2.0870803 1.1512116 
taxon_3    2.0191326 1.0720057 0.0000000 0.9225665 1.0393209 1.7249415 2.0370618 2.1001241 1.1971445 1.9094478 1.1892910 2.0742594 1.9043637 2.0616537 1.2524219 1.1586745 1.7960253 1.2418732 1.2273499 2.2059331 1.2232516 2.1909325 1.2212107 1.2397812 2.0370618 1.9958749 1.2191755 1.1971445 1.8319603 1.1456631 
taxon_4    2.1476513 1.0804042 0.9225665 0.0000000 0.8570799 1.7329629 2.2528233 1.9622873 1.1681086 2.0935738 1.1475081 1.9354027 2.0870803 1.9301395 1.1971445 1.1971445 2.0370618 1.1512116 1.2460749 2.1067321 1.1662123 1.9677808 1.1738266 1.2252980 1.9043637 1.9788929 1.1568019 1.1932075 2.0935738 1.1932075 
taxon_5    1.1873405 1.3669733 1.0393209 0.8570799 0.0000000 1.0940413 1.1795884 1.1892910 1.9677808 1.2356145 1.8319603 1.1346873 1.2397812 1.2314708 2.1067321 2.0310377 1.1719157 2.0679301 2.2290118 1.2674439 1.7410711 1.1873405 1.9301395 1.8505948 1.2545496 1.2566833 2.0191326 1.7916521 1.1971445 1.8273731 
taxon_6    1.2739751 1.9249129 1.7249415 1.7329629 1.0940413 0.0000000 1.1328735 1.2481846 2.0370618 1.1892910 1.9845110 1.1776624 1.1401551 1.2916751 2.3202845 2.0132503 1.1873405 1.8697036 1.8319603 1.1873405 1.6277909 1.1892910 2.0310377 2.0870803 1.1991208 1.3120999 2.2059331 1.6527339 1.1530701 1.3546981 
taxon_7    1.1815189 1.9354027 2.0370618 2.2528233 1.1795884 1.1328735 0.0000000 1.1365054 2.0310377 1.1719157 1.5935384 0.9253087 1.0571211 1.1456631 1.8412197 1.7534002 1.1346873 1.4129061 1.6173499 0.9868300 0.9749956 0.8838913 1.8412197 1.5232742 1.1185189 1.2252980 1.6600151 0.9647915 1.1681086 1.5480699 
taxon_8    1.2011023 2.1337620 2.1001241 1.9622873 1.1892910 1.2481846 1.1365054 0.0000000 1.8745584 1.1932075 1.9958749 1.1512116 1.1096849 1.1795884 1.8794445 1.7786835 1.1757423 1.8182821 1.7873043 1.2131026 1.7916521 1.1605519 2.0310377 1.9845110 1.2191755 1.1912467 1.9249129 1.7209627 1.2030891 1.9788929 
taxon_9    1.8458924 1.1873405 1.1971445 1.1681086 1.9677808 2.0370618 2.0310377 1.8745584 0.0000000 1.6636830 1.1512116 1.6636830 1.8745584 1.9043637 1.1681086 1.1292585 2.1762261 1.1009538 1.1401551 1.9249129 1.1061803 1.9514175 1.2418732 1.1757423 1.9354027 2.0492572 1.1681086 1.1512116 1.9407030 1.2191755 
taxon_10   1.2397812 1.9788929 1.9094478 2.0935738 1.2356145 1.1892910 1.1719157 1.1932075 1.6636830 0.0000000 1.7534002 1.0653538 1.1719157 1.2151214 1.9677808 1.9354027 1.1365054 1.6527339 1.9145677 1.1185189 1.9094478 1.1624339 2.1201253 1.9788929 1.1932075 1.1795884 1.9677808 1.8697036 1.2545496 1.8893131 
taxon_11   2.0679301 1.2030891 1.1892910 1.1475081 1.8319603 1.9845110 1.5935384 1.9958749 1.1512116 1.7534002 0.0000000 1.2232516 1.5968941 1.7451583 1.0940413 1.0653538 1.6710722 0.8774201 1.0522244 1.5355696 0.9619013 1.7370061 1.1700098 1.1383280 1.9197226 1.8697036 1.1256617 0.9883225 1.9514175 1.1853949 
taxon_12   1.2252980 2.1001241 2.0742594 1.9354027 1.1346873 1.1776624 0.9253087 1.1512116 1.6636830 1.0653538 1.2232516 0.0000000 0.8179823 0.9988539 1.5141832 1.3620391 0.9363790 0.7933904 1.0571211 0.6616586 1.2460749 1.0457449 1.9197226 1.7170049 1.0736779 1.2070784 1.8319603 1.2849885 1.1383280 1.8228138 
taxon_13   1.1853949 2.1001241 1.9043637 2.0870803 1.2397812 1.1401551 1.0571211 1.1096849 1.8745584 1.1719157 1.5968941 0.8179823 0.0000000 0.8583351 1.2131026 1.1719157 0.7541147 1.2524219 1.4904656 0.9447903 1.5202316 1.1383280 1.8745584 1.7170049 1.1776624 1.2376949 1.8942965 1.5968941 1.1912467 2.0431347 
taxon_14   1.2376949 2.1269127 2.0616537 1.9301395 1.2314708 1.2916751 1.1456631 1.1795884 1.9043637 1.2151214 1.7451583 0.9988539 0.8583351 0.0000000 0.2626646 1.4479214 0.8812961 1.5480699 1.7617336 1.0871910 1.7249415 1.1892910 2.0191326 1.8648809 1.1605519 1.2545496 2.1067321 1.7916521 1.2212107 2.1067321 
taxon_15   2.2368651 1.2252980 1.2524219 1.1971445 2.1067321 2.3202845 1.8412197 1.8794445 1.1681086 1.9677808 1.0940413 1.5141832 1.2131026 0.2626646 0.0000000 0.9476152 1.3283796 1.0345387 1.1009538 1.6636830 1.0906088 1.9677808 1.1873405 1.1776624 1.8843626 2.1269127 1.2376949 1.1292585 1.9788929 1.2314708 
taxon_16   1.9622873 1.1512116 1.1586745 1.1971445 2.0310377 2.0132503 1.7534002 1.7786835 1.1292585 1.9354027 1.0653538 1.3620391 1.1719157 1.4479214 0.9476152 0.0000000 0.7541147 0.9676928 1.0313675 1.6139015 1.0203725 1.7744100 1.1167438 1.1185189 1.8412197 1.8745584 1.2191755 1.0393209 1.8893131 1.1643206 
taxon_17   1.2212107 2.0679301 1.7960253 2.0370618 1.1719157 1.1873405 1.1346873 1.1757423 2.1762261 1.1365054 1.6710722 0.9363790 0.7541147 0.8812961 1.3283796 0.7541147 0.0000000 1.4129061 1.5835604 0.9853405 1.6747941 1.1061803 1.9407030 1.6785349 1.1815189 1.1624339 1.7659353 1.6348332 1.1346873 1.7492679 
taxon_18   2.0870803 1.1853949 1.2418732 1.1512116 2.0679301 1.8697036 1.4129061 1.8182821 1.1009538 1.6527339 0.8774201 0.7933904 1.2524219 1.5480699 1.0345387 0.9676928 1.4129061 0.0000000 0.5356249 0.6539662 0.8943626 1.5293967 1.1328735 1.1365054 1.7744100 1.8697036 1.1346873 0.9198342 1.9301395 1.1292585 
taxon_19   1.9407030 1.1991208 1.2273499 1.2460749 2.2290118 1.8319603 1.6173499 1.7873043 1.1401551 1.9145677 1.0522244 1.0571211 1.4904656 1.7617336 1.1009538 1.0313675 1.5835604 0.5356249 0.0000000 0.5776292 0.9476152 1.5232742 1.2090811 1.1096849 1.8412197 2.0492572 1.1419866 0.9883225 2.0492572 1.1853949 
taxon_20   1.2273499 2.1067321 2.2059331 2.1067321 1.2674439 1.1873405 0.9868300 1.2131026 1.9249129 1.1185189 1.5355696 0.6616586 0.9447903 1.0871910 1.6636830 1.6139015 0.9853405 0.6539662 0.5776292 0.0000000 1.3794528 1.0345387 1.9677808 1.7130679 1.0703372 1.2294076 1.8365757 1.4050526 1.2273499 1.9354027 
taxon_21   2.0806424 1.1493576 1.2232516 1.1662123 1.7410711 1.6277909 0.9749956 1.7916521 1.1061803 1.9094478 0.9619013 1.2460749 1.5202316 1.7249415 1.0906088 1.0203725 1.6747941 0.8943626 0.9476152 1.3794528 0.0000000 0.9405729 0.9898180 0.7853690 1.5802637 1.6860724 0.9504507 0.3409912 1.9460411 1.0188149 
taxon_22   1.2232516 2.0554292 2.1909325 1.9677808 1.1873405 1.1892910 0.8838913 1.1605519 1.9514175 1.1624339 1.7370061 1.0457449 1.1383280 1.1892910 1.9677808 1.7744100 1.1061803 1.5293967 1.5232742 1.0345387 0.9405729 0.0000000 1.1328735 0.7842301 0.8904187 0.9928179 1.0393209 0.5924639 1.1892910 1.6785349 
taxon_23   1.9788929 1.2090811 1.2212107 1.1738266 1.9301395 2.0310377 1.8412197 2.0310377 1.2418732 2.1201253 1.1700098 1.9197226 1.8745584 2.0191326 1.1873405 1.1167438 1.9407030 1.1328735 1.2090811 1.9677808 0.9898180 1.1328735 0.0000000 0.4927561 1.6242944 1.6975233 0.9647915 0.8397237 1.9788929 1.1310632 
taxon_24   2.1689795 1.1738266 1.2397812 1.2252980 1.8505948 2.0870803 1.5232742 1.9845110 1.1757423 1.9788929 1.1383280 1.7170049 1.7170049 1.8648809 1.1776624 1.1185189 1.6785349 1.1365054 1.1096849 1.7130679 0.7853690 0.7842301 0.4927561 0.0000000 1.4451691 1.5449253 0.8495923 0.6103006 1.8942965 1.1475081 
taxon_25   1.1815189 1.8412197 2.0370618 1.9043637 1.2545496 1.1991208 1.1185189 1.2191755 1.9354027 1.1932075 1.9197226 1.0736779 1.1776624 1.1605519 1.8843626 1.8412197 1.1815189 1.7744100 1.8412197 1.0703372 1.5802637 0.8904187 1.6242944 1.4451691 0.0000000 1.0034139 1.2314708 1.3620391 1.2674439 1.8942965 
taxon_26   1.1776624 2.0191326 1.9958749 1.9788929 1.2566833 1.3120999 1.2252980 1.1912467 2.0492572 1.1795884 1.8697036 1.2070784 1.2376949 1.2545496 2.1269127 1.8745584 1.1624339 1.8697036 2.0492572 1.2294076 1.6860724 0.9928179 1.6975233 1.5449253 1.0034139 0.0000000 0.8697277 1.5417937 1.1568019 1.8319603 
taxon_27   2.0074136 1.1776624 1.2191755 1.1568019 2.0191326 2.2059331 1.6600151 1.9249129 1.1681086 1.9677808 1.1256617 1.8319603 1.8942965 2.1067321 1.2376949 1.2191755 1.7659353 1.1346873 1.1419866 1.8365757 0.9504507 1.0393209 0.9647915 0.8495923 1.2314708 0.8697277 0.0000000 0.7774325 2.1067321 1.1401551 
taxon_28   2.0492572 1.1719157 1.1971445 1.1932075 1.7916521 1.6527339 0.9647915 1.7209627 1.1512116 1.8697036 0.9883225 1.2849885 1.5968941 1.7916521 1.1292585 1.0393209 1.6348332 0.9198342 0.9883225 1.4050526 0.3409912 0.5924639 0.8397237 0.6103006 1.3620391 1.5417937 0.7774325 0.0000000 1.9249129 1.0049399 
taxon_29   1.2631211 2.0870803 1.8319603 2.0935738 1.1971445 1.1530701 1.1681086 1.2030891 1.9407030 1.2545496 1.9514175 1.1383280 1.1912467 1.2212107 1.9788929 1.8893131 1.1346873 1.9301395 2.0492572 1.2273499 1.9460411 1.1892910 1.9788929 1.8942965 1.2674439 1.1568019 2.1067321 1.9249129 0.0000000 1.1256617 
taxon_30   1.8093000 1.1512116 1.1456631 1.1932075 1.8273731 1.3546981 1.5480699 1.9788929 1.2191755 1.8893131 1.1853949 1.8228138 2.0431347 2.1067321 1.2314708 1.1643206 1.7492679 1.1292585 1.1853949 1.9354027 1.0188149 1.6785349 1.1310632 1.1475081 1.8942965 1.8319603 1.1401551 1.0049399 1.1256617 0.0000000 
