30
taxon_1    0.0000000 1.9286060 1.5203798 1.6493833 1.5020862 1.7529960 1.8499048 1.6537951 1.4199998 2.3443390 2.6238454 3.4978233 2.3333094 2.6401503 9.0000000 2.3555333 3.3151067 2.7274580 9.0000000 2.4645960 9.0000000 3.3567841 3.1682983 2.4777542 2.3117252 2.9159433 3.1682983 2.3901548 4.3753767 9.0000000 
taxon_2    1.9286060 0.0000000 0.2757393 1.8912539 1.8272616 2.0608923 2.0533165 2.7091644 2.5186734 9.0000000 9.0000000 2.6738638 9.0000000 9.0000000 2.5047841 3.8149659 2.1411828 9.0000000 2.6238454 9.0000000 2.6401503 2.3555333 9.0000000 9.0000000 9.0000000 2.8054501 9.0000000 9.0000000 3.4978233 2.6913065 
taxon_3    1.5203798 0.2757393 0.0000000 2.6238454 2.4141568 2.3224397 2.6238454 1.9953166 1.9096974 3.3151067 3.2023950 3.6091383 2.9651421 2.7462089 3.4009145 2.1758711 5.1993310 2.6738638 9.0000000 2.8262848 9.0000000 3.3151067 2.8054501 9.0000000 2.9910067 9.0000000 9.0000000 3.1356844 9.0000000 9.0000000 
taxon_4    1.6493833 1.8912539 2.6238454 0.0000000 0.2501135 1.6277055 1.6994018 2.2603352 1.7429624 9.0000000 9.0000000 2.9401388 9.0000000 3.0744259 3.0177952 3.2381161 2.6568177 4.3753767 2.7654407 6.0226461 2.8697751 2.4141568 9.0000000 9.0000000 9.0000000 2.6238454 2.5619546 9.0000000 4.8162156 2.7462089 
taxon_5    1.5020862 1.8272616 2.4141568 0.2501135 0.0000000 1.5278241 1.6277055 2.1080283 1.5741112 9.0000000 9.0000000 2.9401388 9.0000000 9.0000000 2.8477147 3.2756239 2.6913065 3.8983850 2.8054501 9.0000000 3.1356844 2.2703354 9.0000000 9.0000000 9.0000000 2.7091644 2.5047841 9.0000000 3.8149659 2.9159433 
taxon_6    1.7529960 2.0608923 2.3224397 1.6277055 1.5278241 0.0000000 1.1854423 1.3343672 1.1067775 9.0000000 4.8162156 2.4911474 9.0000000 9.0000000 3.3567841 2.7091644 3.6091383 2.8925040 2.3555333 9.0000000 2.3555333 2.5047841 9.0000000 9.0000000 3.0744259 2.4516646 2.9159433 3.6091383 2.5922618 2.9910067 
taxon_7    1.8499048 2.0533165 2.6238454 1.6994018 1.6277055 1.1854423 0.0000000 1.2894940 1.0088994 9.0000000 3.0744259 2.5186734 4.2248678 3.9922572 2.6568177 3.1682983 4.8162156 3.6716745 2.6738638 9.0000000 2.7462089 2.4141568 9.0000000 5.1993310 9.0000000 3.1356844 2.7851787 3.6716745 3.1356844 2.9910067 
taxon_8    1.6537951 2.7091644 1.9953166 2.2603352 2.1080283 1.3343672 1.2894940 0.0000000 0.7952466 3.4978233 1.9883721 3.6091383 9.0000000 3.8983850 6.0226461 2.4141568 9.0000000 2.5619546 9.0000000 2.4516646 9.0000000 9.0000000 2.9159433 2.8262848 3.4478047 9.0000000 3.9922572 2.7274580 6.0226461 4.0995819 
taxon_9    1.4199998 2.5186734 1.9096974 1.7429624 1.5741112 1.1067775 1.0088994 0.7952466 0.0000000 2.9159433 2.6238454 3.3567841 2.6401503 3.0455762 4.2248678 2.1847998 9.0000000 2.4020598 9.0000000 2.3901548 9.0000000 9.0000000 2.6738638 2.7274580 4.2248678 3.5514175 9.0000000 2.6913065 3.1356844 4.5638620 
taxon_10   2.3443390 9.0000000 3.3151067 9.0000000 9.0000000 9.0000000 9.0000000 3.4978233 2.9159433 0.0000000 1.9953166 2.0533165 1.1644129 1.4071516 3.6091383 2.3901548 9.0000000 2.9910067 3.8149659 3.7399033 9.0000000 9.0000000 2.6401503 2.1244224 2.6913065 9.0000000 4.2248678 3.1044299 4.5638620 2.9910067 
taxon_11   2.6238454 9.0000000 3.2023950 9.0000000 9.0000000 4.8162156 3.0744259 1.9883721 2.6238454 1.9953166 0.0000000 2.7654407 1.4008090 1.7529960 9.0000000 2.4777542 3.0177952 2.7274580 3.0744259 2.4911474 9.0000000 3.6716745 3.4978233 2.7851787 2.8925040 9.0000000 2.7851787 2.5328248 9.0000000 9.0000000 
taxon_12   3.4978233 2.6738638 3.6091383 2.9401388 2.9401388 2.4911474 2.5186734 3.6091383 3.3567841 2.0533165 2.7654407 0.0000000 1.1507139 2.0094015 2.5922618 9.0000000 3.8149659 9.0000000 3.1682983 9.0000000 3.4978233 2.4389525 9.0000000 9.0000000 9.0000000 2.6078873 2.1411828 9.0000000 2.5769551 2.5472483 
taxon_13   2.3333094 9.0000000 2.9651421 9.0000000 9.0000000 9.0000000 4.2248678 9.0000000 2.6401503 1.1644129 1.4008090 1.1507139 0.0000000 0.9723514 5.1993310 1.7529960 9.0000000 2.3333094 3.1682983 2.5186734 9.0000000 9.0000000 3.2756239 2.5922618 2.7654407 9.0000000 2.6238454 2.5328248 3.4978233 9.0000000 
taxon_14   2.6401503 9.0000000 2.7462089 3.0744259 9.0000000 9.0000000 3.9922572 3.8983850 3.0455762 1.4071516 1.7529960 2.0094015 0.9723514 0.0000000 3.8149659 1.3945197 6.0226461 2.3443390 2.6568177 2.1080283 6.0226461 3.8983850 2.9910067 2.8697751 2.8925040 3.1356844 4.8162156 2.8262848 9.0000000 2.7091644 
taxon_15   9.0000000 2.5047841 3.4009145 3.0177952 2.8477147 3.3567841 2.6568177 6.0226461 4.2248678 3.6091383 9.0000000 2.5922618 5.1993310 3.8149659 0.0000000 1.9286060 3.3151067 9.0000000 3.2023950 4.3753767 3.5514175 2.5328248 9.0000000 9.0000000 9.0000000 2.7274580 2.9159433 9.0000000 3.1356844 2.4645960 
taxon_16   2.3555333 3.8149659 2.1758711 3.2381161 3.2756239 2.7091644 3.1682983 2.4141568 2.1847998 2.3901548 2.4777542 9.0000000 1.7529960 1.3945197 1.9286060 0.0000000 4.5638620 2.4141568 1.5391308 1.1067775 2.3443390 2.0999637 2.1670475 2.1497056 2.4911474 1.8328586 3.2023950 2.2907448 2.3224397 1.3489591 
taxon_17   3.3151067 2.1411828 5.1993310 2.6568177 2.6913065 3.6091383 4.8162156 9.0000000 9.0000000 9.0000000 3.0177952 3.8149659 9.0000000 6.0226461 3.3151067 4.5638620 0.0000000 1.7379955 1.3759620 2.6401503 2.9401388 3.3567841 9.0000000 4.8162156 9.0000000 2.9651421 2.4645960 4.0995819 2.8054501 3.6716745 
taxon_18   2.7274580 9.0000000 2.6738638 4.3753767 3.8983850 2.8925040 3.6716745 2.5619546 2.4020598 2.9910067 2.7274580 9.0000000 2.3333094 2.3443390 9.0000000 2.4141568 1.7379955 0.0000000 1.3638406 1.9545826 9.0000000 9.0000000 4.0995819 2.4911474 3.9922572 9.0000000 9.0000000 2.5922618 9.0000000 9.0000000 
taxon_19   9.0000000 2.6238454 9.0000000 2.7654407 2.8054501 2.3555333 2.6738638 9.0000000 9.0000000 3.8149659 3.0744259 3.1682983 3.1682983 2.6568177 3.2023950 1.5391308 1.3759620 1.3638406 0.0000000 0.9290368 5.1993310 3.5514175 9.0000000 9.0000000 9.0000000 2.4020598 2.2703354 2.7274580 2.1244224 1.9480036 
taxon_20   2.4645960 9.0000000 2.8262848 6.0226461 9.0000000 9.0000000 9.0000000 2.4516646 2.3901548 3.7399033 2.4911474 9.0000000 2.5186734 2.1080283 4.3753767 1.1067775 2.6401503 1.9545826 0.9290368 0.0000000 3.4009145 3.9922572 2.4516646 2.5619546 9.0000000 3.2381161 3.7399033 2.6238454 2.8925040 2.1161805 
taxon_21   9.0000000 2.6401503 9.0000000 2.8697751 3.1356844 2.3555333 2.7462089 9.0000000 9.0000000 9.0000000 9.0000000 3.4978233 9.0000000 6.0226461 3.5514175 2.3443390 2.9401388 9.0000000 5.1993310 3.4009145 0.0000000 1.1690354 9.0000000 9.0000000 9.0000000 2.6401503 3.1356844 9.0000000 2.5047841 2.5047841 
taxon_22   3.3567841 2.3555333 3.3151067 2.4141568 2.2703354 2.5047841 2.4141568 9.0000000 9.0000000 9.0000000 3.6716745 2.4389525 9.0000000 3.8983850 2.5328248 2.0999637 3.3567841 9.0000000 3.5514175 3.9922572 1.1690354 0.0000000 9.0000000 9.0000000 3.4009145 2.8697751 2.2216170 9.0000000 2.5186734 2.2804707 
taxon_23   3.1682983 9.0000000 2.8054501 9.0000000 9.0000000 9.0000000 9.0000000 2.9159433 2.6738638 2.6401503 3.4978233 9.0000000 3.2756239 2.9910067 9.0000000 2.1670475 9.0000000 4.0995819 9.0000000 2.4516646 9.0000000 9.0000000 0.0000000 1.0632570 1.7998863 1.0552462 9.0000000 3.1356844 3.0744259 2.9159433 
taxon_24   2.4777542 9.0000000 9.0000000 9.0000000 9.0000000 9.0000000 5.1993310 2.8262848 2.7274580 2.1244224 2.7851787 9.0000000 2.5922618 2.8697751 9.0000000 2.1497056 4.8162156 2.4911474 9.0000000 2.5619546 9.0000000 9.0000000 1.0632570 0.0000000 1.6234441 0.9358012 9.0000000 9.0000000 4.3753767 4.0995819 
taxon_25   2.3117252 9.0000000 2.9910067 9.0000000 9.0000000 3.0744259 9.0000000 3.4478047 4.2248678 2.6913065 2.8925040 9.0000000 2.7654407 2.8925040 9.0000000 2.4911474 9.0000000 3.9922572 9.0000000 9.0000000 9.0000000 3.4009145 1.7998863 1.6234441 0.0000000 1.1025221 9.0000000 2.9651421 9.0000000 9.0000000 
taxon_26   2.9159433 2.8054501 9.0000000 2.6238454 2.7091644 2.4516646 3.1356844 9.0000000 3.5514175 9.0000000 9.0000000 2.6078873 9.0000000 3.1356844 2.7274580 1.8328586 2.9651421 9.0000000 2.4020598 3.2381161 2.6401503 2.8697751 1.0552462 0.9358012 1.1025221 0.0000000 2.6913065 3.5514175 2.1758711 1.7232892 
taxon_27   3.1682983 9.0000000 9.0000000 2.5619546 2.5047841 2.9159433 2.7851787 3.9922572 9.0000000 4.2248678 2.7851787 2.1411828 2.6238454 4.8162156 2.9159433 3.2023950 2.4645960 9.0000000 2.2703354 3.7399033 3.1356844 2.2216170 9.0000000 9.0000000 9.0000000 2.6913065 0.0000000 2.6738638 1.5583626 1.5353429 
taxon_28   2.3901548 9.0000000 3.1356844 9.0000000 9.0000000 3.6091383 3.6716745 2.7274580 2.6913065 3.1044299 2.5328248 9.0000000 2.5328248 2.8262848 9.0000000 2.2907448 4.0995819 2.5922618 2.7274580 2.6238454 9.0000000 9.0000000 3.1356844 9.0000000 2.9651421 3.5514175 2.6738638 0.0000000 0.6497543 1.2471547 
taxon_29   4.3753767 3.4978233 9.0000000 4.8162156 3.8149659 2.5922618 3.1356844 6.0226461 3.1356844 4.5638620 9.0000000 2.5769551 3.4978233 9.0000000 3.1356844 2.3224397 2.8054501 9.0000000 2.1244224 2.8925040 2.5047841 2.5186734 3.0744259 4.3753767 9.0000000 2.1758711 1.5583626 0.6497543 0.0000000 0.7703136 
taxon_30   9.0000000 2.6913065 9.0000000 2.7462089 2.9159433 2.9910067 2.9910067 4.0995819 4.5638620 2.9910067 9.0000000 2.5472483 9.0000000 2.7091644 2.4645960 1.3489591 3.6716745 9.0000000 1.9480036 2.1161805 2.5047841 2.2804707 2.9159433 4.0995819 9.0000000 1.7232892 1.5353429 1.2471547 0.7703136 0.0000000 
