50
taxon_1    0.0000000 0.1359416 0.1379421 0.1367412 0.1355421 0.0973917 0.2111093 0.1770027 0.1727940 0.1715359 0.1940780 0.1842123 0.2071446 0.1791160 0.1872012 0.1570127 0.1910617 0.1893435 0.1761591 0.1665248 0.3238568 0.3121418 0.2867999 0.2756454 0.3300424 0.2585127 0.2956466 0.2244787 0.2632327 0.2756454 0.2627594 0.3045990 0.2766088 0.3172128 0.2991154 0.2505563 0.2986189 0.2892469 0.3253984 0.2838740 0.3021015 0.3091156 0.2449904 0.2882671 0.2599256 0.3056003 0.3192509 0.3101230 0.2217857 0.3016030 
taxon_2    0.1359416 0.0000000 0.1541415 0.1553706 0.2280845 0.1884858 0.3264279 0.2996123 0.2897372 0.2902279 0.3040988 0.3056003 0.3279749 0.2976268 0.3030995 0.2698909 0.3040988 0.3081095 0.2912102 0.2785393 0.4396409 0.4295257 0.3937497 0.3825639 0.4354593 0.3682672 0.4096957 0.3394175 0.3704491 0.3943134 0.3715423 0.4108477 0.3792404 0.4259880 0.4102715 0.3715423 0.4102715 0.4016803 0.4348638 0.3914992 0.4016803 0.4201286 0.3531697 0.3982712 0.3737337 0.4148940 0.4277548 0.4177976 0.3341947 0.4137357 
taxon_3    0.1379421 0.1541415 0.0000000 0.1367412 0.2298939 0.1897726 0.3218062 0.2892469 0.2838740 0.2809595 0.2996123 0.2956466 0.3212944 0.2941649 0.2991154 0.2665544 0.2981227 0.3011048 0.2848480 0.2732424 0.4277548 0.4201286 0.3937497 0.3820089 0.4402402 0.3644643 0.4045331 0.3352363 0.3709955 0.3842311 0.3671787 0.4148940 0.3875769 0.4259880 0.4102715 0.3715423 0.4073968 0.4028201 0.4342688 0.3954421 0.4068232 0.4195452 0.3436222 0.3937497 0.3704491 0.4137357 0.4295257 0.4160541 0.3347153 0.4062500 
taxon_4    0.1367412 0.1553706 0.1367412 0.0000000 0.2339811 0.1914918 0.3212944 0.2941649 0.2897372 0.2809595 0.3101230 0.3086124 0.3326349 0.2981227 0.3056003 0.2679825 0.3091156 0.3151803 0.2996123 0.2829012 0.4396409 0.4259880 0.3965725 0.3809003 0.4354593 0.3644643 0.4039617 0.3383700 0.3671787 0.3847877 0.3688121 0.4148940 0.3898157 0.4265765 0.4207125 0.3671787 0.4056773 0.3948776 0.4402402 0.3971383 0.4033907 0.4207125 0.3521028 0.3999738 0.3715423 0.4108477 0.4372486 0.4248125 0.3368015 0.4189622 
taxon_5    0.1355421 0.2280845 0.2298939 0.2339811 0.0000000 0.1799630 0.3295250 0.3006070 0.2863114 0.2848480 0.3076070 0.3040988 0.3202720 0.2838740 0.3045990 0.2727627 0.3035990 0.3050995 0.2877777 0.2780562 0.4372486 0.4248125 0.4022500 0.3965725 0.4450518 0.3704491 0.4096957 0.3399418 0.3660917 0.3836750 0.3737337 0.4108477 0.3825639 0.4201286 0.4177976 0.3644643 0.4148940 0.4079709 0.4307087 0.3926236 0.4148940 0.4201286 0.3547728 0.4033907 0.3748318 0.4242254 0.4378460 0.4301170 0.3357577 0.4172160 
taxon_6    0.0973917 0.1884858 0.1897726 0.1914918 0.1799630 0.0000000 0.2718042 0.2477682 0.2417626 0.2399244 0.2641803 0.2575723 0.2766088 0.2482322 0.2547580 0.2267303 0.2608690 0.2589834 0.2403835 0.2326162 0.3943134 0.3797933 0.3489113 0.3404665 0.3971383 0.3212944 0.3633812 0.2892469 0.3295250 0.3446770 0.3269432 0.3814544 0.3537037 0.3797933 0.3682672 0.3172128 0.3715423 0.3639225 0.3881359 0.3473207 0.3628403 0.3742826 0.3076070 0.3521028 0.3284912 0.3775841 0.3960071 0.3781358 0.2921938 0.3720896 
taxon_7    0.2111093 0.3264279 0.3218062 0.3212944 0.3295250 0.2718042 0.0000000 0.2358048 0.2348924 0.2312538 0.2538223 0.2524208 0.2689361 0.2413027 0.2459152 0.2186560 0.2848480 0.2887568 0.2694134 0.2603971 0.4498944 0.4366517 0.4177976 0.3999738 0.4621396 0.3831192 0.4265765 0.3596029 0.3977046 0.3994059 0.3903764 0.4342688 0.4045331 0.4492874 0.4201286 0.3831192 0.4212968 0.4236387 0.4689606 0.4289350 0.4318935 0.4307087 0.3693573 0.4212968 0.3914992 0.4318935 0.4566045 0.4366517 0.3499736 0.4277548 
taxon_8    0.1770027 0.2996123 0.2892469 0.2941649 0.3006070 0.2477682 0.2358048 0.0000000 0.1673577 0.1632025 0.1932150 0.1876292 0.1988427 0.1748954 0.1962401 0.1669411 0.2575723 0.2524208 0.2321618 0.2258288 0.4254000 0.4166348 0.3842311 0.3688121 0.4348638 0.3590647 0.4062500 0.3300424 0.3633812 0.3775841 0.3558435 0.3965725 0.3770329 0.4224669 0.3931865 0.3378468 0.3926236 0.3881359 0.4254000 0.3820089 0.4056773 0.4051050 0.3399418 0.3859021 0.3622998 0.4011111 0.4166348 0.3977046 0.3172128 0.3988383 
taxon_9    0.1727940 0.2897372 0.2838740 0.2897372 0.2863114 0.2417626 0.2348924 0.1673577 0.0000000 0.0418107 0.1753164 0.1644467 0.1795394 0.1570127 0.1953745 0.1636170 0.2422229 0.2477682 0.2303469 0.2226823 0.4108477 0.4011111 0.3786879 0.3628403 0.4218816 0.3483807 0.3898157 0.3202720 0.3596029 0.3682672 0.3494423 0.3931865 0.3688121 0.4166348 0.3886954 0.3489113 0.3892553 0.3820089 0.4259880 0.3870182 0.4039617 0.3954421 0.3368015 0.3853447 0.3569157 0.4039617 0.4195452 0.4068232 0.3177218 0.3994059 
taxon_10   0.1715359 0.2902279 0.2809595 0.2809595 0.2848480 0.2399244 0.2312538 0.1632025 0.0418107 0.0000000 0.1715359 0.1623743 0.1748954 0.1541415 0.1902021 0.1561912 0.2445285 0.2417626 0.2244787 0.2186560 0.4120016 0.4005422 0.3764820 0.3601415 0.4254000 0.3478505 0.3886954 0.3167042 0.3596029 0.3671787 0.3467912 0.3914992 0.3660917 0.4131572 0.3859021 0.3446770 0.3898157 0.3836750 0.4271654 0.3886954 0.4028201 0.4005422 0.3399418 0.3853447 0.3590647 0.4016803 0.4218816 0.4051050 0.3187408 0.3994059 
taxon_11   0.1940780 0.3040988 0.2996123 0.3101230 0.3076070 0.2641803 0.2538223 0.1932150 0.1753164 0.1715359 0.0000000 0.1623743 0.1770027 0.1574237 0.2204428 0.1884858 0.2746833 0.2694134 0.2608690 0.2514880 0.4348638 0.4259880 0.4016803 0.3836750 0.4354593 0.3688121 0.4091203 0.3383700 0.3786879 0.3881359 0.3764820 0.4195452 0.3920612 0.4277548 0.4108477 0.3671787 0.4073968 0.4120016 0.4462595 0.4085454 0.4183797 0.4183797 0.3547728 0.4114244 0.3842311 0.4277548 0.4372486 0.4148940 0.3368015 0.4154738 
taxon_12   0.1842123 0.3056003 0.2956466 0.3086124 0.3040988 0.2575723 0.2524208 0.1876292 0.1644467 0.1623743 0.1623743 0.0000000 0.1407519 0.1127297 0.2084638 0.1816598 0.2599256 0.2627594 0.2449904 0.2376329 0.4195452 0.4120016 0.3886954 0.3693573 0.4242254 0.3569157 0.4051050 0.3321157 0.3660917 0.3720896 0.3574523 0.4137357 0.3836750 0.4301170 0.3971383 0.3558435 0.4011111 0.4033907 0.4295257 0.3914992 0.4114244 0.4120016 0.3505054 0.4045331 0.3748318 0.4189622 0.4313009 0.4212968 0.3341947 0.4148940 
taxon_13   0.2071446 0.3279749 0.3212944 0.3326349 0.3202720 0.2766088 0.2689361 0.1988427 0.1795394 0.1748954 0.1770027 0.1407519 0.0000000 0.1004343 0.2244787 0.1979742 0.2833874 0.2766088 0.2575723 0.2542900 0.4390421 0.4313009 0.3965725 0.3803466 0.4456554 0.3770329 0.4254000 0.3510375 0.3786879 0.3988383 0.3775841 0.4218816 0.3931865 0.4384438 0.4148940 0.3731853 0.4096957 0.4125792 0.4505019 0.4079709 0.4271654 0.4236387 0.3644643 0.4091203 0.3864600 0.4324867 0.4372486 0.4254000 0.3430953 0.4120016 
taxon_14   0.1791160 0.2976268 0.2941649 0.2981227 0.2838740 0.2482322 0.2413027 0.1748954 0.1570127 0.1541415 0.1574237 0.1127297 0.1004343 0.0000000 0.2014544 0.1732138 0.2496258 0.2547580 0.2385487 0.2335258 0.4137357 0.4045331 0.3775841 0.3617596 0.4271654 0.3596029 0.3994059 0.3243703 0.3606805 0.3726372 0.3574523 0.3988383 0.3737337 0.4236387 0.3982712 0.3537037 0.3999738 0.3965725 0.4396409 0.3948776 0.4085454 0.4033907 0.3457334 0.3909376 0.3628403 0.4102715 0.4224669 0.4079709 0.3326349 0.4068232 
taxon_15   0.1872012 0.3030995 0.2991154 0.3056003 0.3045990 0.2547580 0.2459152 0.1962401 0.1953745 0.1902021 0.2204428 0.2084638 0.2244787 0.2014544 0.0000000 0.1690262 0.2566330 0.2599256 0.2431443 0.2376329 0.4265765 0.4137357 0.3903764 0.3792404 0.4348638 0.3671787 0.4039617 0.3336744 0.3682672 0.3792404 0.3644643 0.4079709 0.3875769 0.4224669 0.4045331 0.3547728 0.4091203 0.3960071 0.4414402 0.3982712 0.4183797 0.4137357 0.3537037 0.3999738 0.3699030 0.4143146 0.4259880 0.4148940 0.3310783 0.4102715 
taxon_16   0.1570127 0.2698909 0.2665544 0.2679825 0.2727627 0.2267303 0.2186560 0.1669411 0.1636170 0.1561912 0.1884858 0.1816598 0.1979742 0.1732138 0.1690262 0.0000000 0.2262794 0.2335258 0.2222338 0.2133211 0.3864600 0.3770329 0.3601415 0.3483807 0.3982712 0.3264279 0.3764820 0.3026003 0.3357577 0.3483807 0.3326349 0.3759315 0.3489113 0.3965725 0.3715423 0.3243703 0.3693573 0.3650064 0.4154738 0.3660917 0.3870182 0.3886954 0.3243703 0.3622998 0.3310783 0.3797933 0.3948776 0.3748318 0.2941649 0.3753815 
taxon_17   0.1910617 0.3040988 0.2981227 0.3091156 0.3035990 0.2608690 0.2848480 0.2575723 0.2422229 0.2445285 0.2746833 0.2599256 0.2833874 0.2496258 0.2566330 0.2262794 0.0000000 0.2468412 0.2280845 0.2262794 0.4295257 0.4265765 0.3948776 0.3786879 0.4390421 0.3693573 0.4091203 0.3383700 0.3709955 0.3853447 0.3677228 0.4102715 0.3853447 0.4330803 0.4085454 0.3606805 0.4091203 0.4005422 0.4384438 0.4039617 0.4183797 0.4224669 0.3547728 0.4028201 0.3731853 0.4143146 0.4378460 0.4195452 0.3368015 0.4096957 
taxon_18   0.1893435 0.3081095 0.3011048 0.3151803 0.3050995 0.2589834 0.2887568 0.2524208 0.2477682 0.2417626 0.2694134 0.2627594 0.2766088 0.2547580 0.2599256 0.2335258 0.2468412 0.0000000 0.1343450 0.1287835 0.4408400 0.4207125 0.3847877 0.3753815 0.4354593 0.3655489 0.4108477 0.3310783 0.3699030 0.3870182 0.3742826 0.4022500 0.3842311 0.4283446 0.3999738 0.3612198 0.4022500 0.3994059 0.4372486 0.3988383 0.4108477 0.4183797 0.3515700 0.3999738 0.3655489 0.4248125 0.4318935 0.4079709 0.3341947 0.4125792 
taxon_19   0.1761591 0.2912102 0.2848480 0.2996123 0.2877777 0.2403835 0.2694134 0.2321618 0.2303469 0.2244787 0.2608690 0.2449904 0.2575723 0.2385487 0.2431443 0.2222338 0.2280845 0.1343450 0.0000000 0.0471161 0.4183797 0.4016803 0.3753815 0.3644643 0.4242254 0.3526361 0.3914992 0.3238568 0.3547728 0.3770329 0.3579894 0.3999738 0.3814544 0.4073968 0.3836750 0.3441494 0.3920612 0.3870182 0.4218816 0.3864600 0.4005422 0.3971383 0.3362794 0.3892553 0.3553079 0.4016803 0.4177976 0.3994059 0.3218062 0.4016803 
taxon_20   0.1665248 0.2785393 0.2732424 0.2829012 0.2780562 0.2326162 0.2603971 0.2258288 0.2226823 0.2186560 0.2514880 0.2376329 0.2542900 0.2335258 0.2376329 0.2133211 0.2262794 0.1287835 0.0471161 0.0000000 0.4108477 0.3977046 0.3704491 0.3585268 0.4189622 0.3430953 0.3859021 0.3146730 0.3441494 0.3666350 0.3505054 0.3903764 0.3699030 0.4011111 0.3742826 0.3373240 0.3937497 0.3898157 0.4079709 0.3775841 0.3954421 0.3898157 0.3315968 0.3803466 0.3462621 0.3931865 0.4091203 0.3926236 0.3141661 0.3937497 
taxon_21   0.3238568 0.4396409 0.4277548 0.4396409 0.4372486 0.3943134 0.4498944 0.4254000 0.4108477 0.4120016 0.4348638 0.4195452 0.4390421 0.4137357 0.4265765 0.3864600 0.4295257 0.4408400 0.4183797 0.4108477 0.0000000 0.0513876 0.3061015 0.2907189 0.3462621 0.2766088 0.2966361 0.2308002 0.3161959 0.3341947 0.3233436 0.3521028 0.3347153 0.3737337 0.3526361 0.3121418 0.3825639 0.3709955 0.4125792 0.3715423 0.4045331 0.4131572 0.3494423 0.3853447 0.3596029 0.4177976 0.4212968 0.3994059 0.3223183 0.4005422 
taxon_22   0.3121418 0.4295257 0.4201286 0.4259880 0.4248125 0.3797933 0.4366517 0.4166348 0.4011111 0.4005422 0.4259880 0.4120016 0.4313009 0.4045331 0.4137357 0.3770329 0.4265765 0.4207125 0.4016803 0.3977046 0.0513876 0.0000000 0.2917018 0.2785393 0.3305602 0.2641803 0.2902279 0.2204428 0.3061015 0.3202720 0.3126474 0.3462621 0.3274589 0.3633812 0.3425688 0.2996123 0.3720896 0.3574523 0.4028201 0.3569157 0.3960071 0.4011111 0.3394175 0.3660917 0.3420427 0.4011111 0.4120016 0.3881359 0.3096191 0.3926236 
taxon_23   0.2867999 0.3937497 0.3937497 0.3965725 0.4022500 0.3489113 0.4177976 0.3842311 0.3786879 0.3764820 0.4016803 0.3886954 0.3965725 0.3775841 0.3903764 0.3601415 0.3948776 0.3847877 0.3753815 0.3704491 0.3061015 0.2917018 0.0000000 0.0528168 0.2882671 0.2168735 0.2486964 0.1753164 0.2770910 0.2996123 0.2892469 0.3238568 0.3056003 0.3409915 0.3228308 0.2770910 0.3547728 0.3489113 0.3753815 0.3378468 0.3737337 0.3655489 0.3050995 0.3409915 0.3106272 0.3693573 0.3814544 0.3671787 0.2843608 0.3671787 
taxon_24   0.2756454 0.3825639 0.3820089 0.3809003 0.3965725 0.3404665 0.3999738 0.3688121 0.3628403 0.3601415 0.3836750 0.3693573 0.3803466 0.3617596 0.3792404 0.3483807 0.3786879 0.3753815 0.3644643 0.3585268 0.2907189 0.2785393 0.0528168 0.0000000 0.2708470 0.2027637 0.2321618 0.1627883 0.2646545 0.2848480 0.2809595 0.3086124 0.2912102 0.3253984 0.3076070 0.2622863 0.3430953 0.3388936 0.3644643 0.3269432 0.3601415 0.3537037 0.2917018 0.3290079 0.3011048 0.3547728 0.3644643 0.3612198 0.2732424 0.3558435 
taxon_25   0.3300424 0.4354593 0.4402402 0.4354593 0.4450518 0.3971383 0.4621396 0.4348638 0.4218816 0.4254000 0.4354593 0.4242254 0.4456554 0.4271654 0.4348638 0.3982712 0.4390421 0.4354593 0.4242254 0.4189622 0.3462621 0.3305602 0.2882671 0.2708470 0.0000000 0.0917199 0.2858233 0.2159838 0.3218062 0.3394175 0.3357577 0.3704491 0.3510375 0.3847877 0.3715423 0.3305602 0.3920612 0.3903764 0.4372486 0.3943134 0.4183797 0.4148940 0.3585268 0.3847877 0.3601415 0.4330803 0.4289350 0.4172160 0.3300424 0.4062500 
taxon_26   0.2585127 0.3682672 0.3644643 0.3644643 0.3704491 0.3212944 0.3831192 0.3590647 0.3483807 0.3478505 0.3688121 0.3569157 0.3770329 0.3596029 0.3671787 0.3264279 0.3693573 0.3655489 0.3526361 0.3430953 0.2766088 0.2641803 0.2168735 0.2027637 0.0917199 0.0000000 0.2191023 0.1431686 0.2514880 0.2665544 0.2618136 0.2986189 0.2804748 0.3081095 0.3011048 0.2566330 0.3321157 0.3207830 0.3558435 0.3177218 0.3457334 0.3425688 0.2809595 0.3156879 0.2892469 0.3499736 0.3574523 0.3425688 0.2552263 0.3347153 
taxon_27   0.2956466 0.4096957 0.4045331 0.4039617 0.4096957 0.3633812 0.4265765 0.4062500 0.3898157 0.3886954 0.4091203 0.4051050 0.4254000 0.3994059 0.4039617 0.3764820 0.4091203 0.4108477 0.3914992 0.3859021 0.2966361 0.2902279 0.2486964 0.2321618 0.2858233 0.2191023 0.0000000 0.1488382 0.2867999 0.2991154 0.2882671 0.3341947 0.3081095 0.3409915 0.3248842 0.2833874 0.3585268 0.3415169 0.3931865 0.3483807 0.3764820 0.3682672 0.3101230 0.3430953 0.3151803 0.3847877 0.3920612 0.3825639 0.2897372 0.3666350 
taxon_28   0.2244787 0.3394175 0.3352363 0.3383700 0.3399418 0.2892469 0.3596029 0.3300424 0.3202720 0.3167042 0.3383700 0.3321157 0.3510375 0.3243703 0.3336744 0.3026003 0.3383700 0.3310783 0.3238568 0.3146730 0.2308002 0.2204428 0.1753164 0.1627883 0.2159838 0.1431686 0.1488382 0.0000000 0.2133211 0.2326162 0.2186560 0.2585127 0.2321618 0.2713254 0.2603971 0.2102265 0.2946585 0.2838740 0.3207830 0.2799905 0.3076070 0.3006070 0.2426835 0.2732424 0.2491610 0.3061015 0.3177218 0.3056003 0.2208902 0.3056003 
taxon_29   0.2632327 0.3704491 0.3709955 0.3671787 0.3660917 0.3295250 0.3977046 0.3633812 0.3596029 0.3596029 0.3786879 0.3660917 0.3786879 0.3606805 0.3682672 0.3357577 0.3709955 0.3699030 0.3547728 0.3441494 0.3161959 0.3061015 0.2770910 0.2646545 0.3218062 0.2514880 0.2867999 0.2133211 0.0000000 0.2637063 0.2528877 0.2848480 0.2694134 0.3086124 0.2887568 0.2514880 0.3315968 0.3197612 0.3462621 0.3091156 0.3446770 0.3347153 0.2775735 0.3156879 0.2872886 0.3505054 0.3494423 0.3409915 0.2561638 0.3284912 
taxon_30   0.2756454 0.3943134 0.3842311 0.3847877 0.3836750 0.3446770 0.3994059 0.3775841 0.3682672 0.3671787 0.3881359 0.3720896 0.3988383 0.3726372 0.3792404 0.3483807 0.3853447 0.3870182 0.3770329 0.3666350 0.3341947 0.3202720 0.2996123 0.2848480 0.3394175 0.2665544 0.2991154 0.2326162 0.2637063 0.0000000 0.1295755 0.2718042 0.2514880 0.2858233 0.2698909 0.2294411 0.3499736 0.3368015 0.3699030 0.3269432 0.3639225 0.3547728 0.3006070 0.3228308 0.2991154 0.3531697 0.3655489 0.3547728 0.2689361 0.3558435 
taxon_31   0.2627594 0.3715423 0.3671787 0.3688121 0.3737337 0.3269432 0.3903764 0.3558435 0.3494423 0.3467912 0.3764820 0.3574523 0.3775841 0.3574523 0.3644643 0.3326349 0.3677228 0.3742826 0.3579894 0.3505054 0.3233436 0.3126474 0.2892469 0.2809595 0.3357577 0.2618136 0.2882671 0.2186560 0.2528877 0.1295755 0.0000000 0.2589834 0.2339811 0.2737224 0.2608690 0.2119933 0.3352363 0.3212944 0.3558435 0.3116366 0.3510375 0.3420427 0.2917018 0.3228308 0.2956466 0.3457334 0.3563794 0.3452050 0.2603971 0.3446770 
taxon_32   0.3045990 0.4108477 0.4148940 0.4148940 0.4108477 0.3814544 0.4342688 0.3965725 0.3931865 0.3914992 0.4195452 0.4137357 0.4218816 0.3988383 0.4079709 0.3759315 0.4102715 0.4022500 0.3999738 0.3903764 0.3521028 0.3462621 0.3238568 0.3086124 0.3704491 0.2986189 0.3341947 0.2585127 0.2848480 0.2718042 0.2589834 0.0000000 0.0909669 0.2946585 0.2722833 0.2289886 0.3792404 0.3699030 0.3954421 0.3563794 0.3831192 0.3864600 0.3284912 0.3531697 0.3341947 0.3870182 0.3842311 0.3814544 0.2956466 0.3770329 
taxon_33   0.2766088 0.3792404 0.3875769 0.3898157 0.3825639 0.3537037 0.4045331 0.3770329 0.3688121 0.3660917 0.3920612 0.3836750 0.3931865 0.3737337 0.3875769 0.3489113 0.3853447 0.3842311 0.3814544 0.3699030 0.3347153 0.3274589 0.3056003 0.2912102 0.3510375 0.2804748 0.3081095 0.2321618 0.2694134 0.2514880 0.2339811 0.0909669 0.0000000 0.2727627 0.2514880 0.2053892 0.3617596 0.3505054 0.3677228 0.3238568 0.3612198 0.3590647 0.2996123 0.3305602 0.3096191 0.3601415 0.3650064 0.3531697 0.2713254 0.3563794 
taxon_34   0.3172128 0.4259880 0.4259880 0.4265765 0.4201286 0.3797933 0.4492874 0.4224669 0.4166348 0.4131572 0.4277548 0.4301170 0.4384438 0.4236387 0.4224669 0.3965725 0.4330803 0.4283446 0.4073968 0.4011111 0.3737337 0.3633812 0.3409915 0.3253984 0.3847877 0.3081095 0.3409915 0.2713254 0.3086124 0.2858233 0.2737224 0.2946585 0.2727627 0.0000000 0.2533548 0.2106678 0.3886954 0.3715423 0.3926236 0.3590647 0.3965725 0.3920612 0.3326349 0.3770329 0.3505054 0.3988383 0.4011111 0.3977046 0.3101230 0.3943134 
taxon_35   0.2991154 0.4102715 0.4102715 0.4207125 0.4177976 0.3682672 0.4201286 0.3931865 0.3886954 0.3859021 0.4108477 0.3971383 0.4148940 0.3982712 0.4045331 0.3715423 0.4085454 0.3999738 0.3836750 0.3742826 0.3526361 0.3425688 0.3228308 0.3076070 0.3715423 0.3011048 0.3248842 0.2603971 0.2887568 0.2698909 0.2608690 0.2722833 0.2514880 0.2533548 0.0000000 0.1723744 0.3682672 0.3558435 0.3820089 0.3510375 0.3753815 0.3737337 0.3207830 0.3644643 0.3331544 0.3731853 0.3931865 0.3814544 0.2976268 0.3814544 
taxon_36   0.2505563 0.3715423 0.3715423 0.3671787 0.3644643 0.3172128 0.3831192 0.3378468 0.3489113 0.3446770 0.3671787 0.3558435 0.3731853 0.3537037 0.3547728 0.3243703 0.3606805 0.3612198 0.3441494 0.3373240 0.3121418 0.2996123 0.2770910 0.2622863 0.3305602 0.2566330 0.2833874 0.2102265 0.2514880 0.2294411 0.2119933 0.2289886 0.2053892 0.2106678 0.1723744 0.0000000 0.3284912 0.3192509 0.3368015 0.3026003 0.3373240 0.3420427 0.2814444 0.3192509 0.2887568 0.3378468 0.3409915 0.3331544 0.2524208 0.3430953 
taxon_37   0.2986189 0.4102715 0.4073968 0.4056773 0.4148940 0.3715423 0.4212968 0.3926236 0.3892553 0.3898157 0.4073968 0.4011111 0.4096957 0.3999738 0.4091203 0.3693573 0.4091203 0.4022500 0.3920612 0.3937497 0.3825639 0.3720896 0.3547728 0.3430953 0.3920612 0.3321157 0.3585268 0.2946585 0.3315968 0.3499736 0.3352363 0.3792404 0.3617596 0.3886954 0.3682672 0.3284912 0.0000000 0.1367412 0.3633812 0.3182311 0.3436222 0.3399418 0.2804748 0.3197612 0.2936716 0.3457334 0.3569157 0.3499736 0.2637063 0.3473207 
taxon_38   0.2892469 0.4016803 0.4028201 0.3948776 0.4079709 0.3639225 0.4236387 0.3881359 0.3820089 0.3836750 0.4120016 0.4033907 0.4125792 0.3965725 0.3960071 0.3650064 0.4005422 0.3994059 0.3870182 0.3898157 0.3709955 0.3574523 0.3489113 0.3388936 0.3903764 0.3207830 0.3415169 0.2838740 0.3197612 0.3368015 0.3212944 0.3699030 0.3505054 0.3715423 0.3558435 0.3192509 0.1367412 0.0000000 0.3563794 0.3136595 0.3404665 0.3368015 0.2766088 0.3136595 0.2882671 0.3383700 0.3547728 0.3399418 0.2561638 0.3321157 
taxon_39   0.3253984 0.4348638 0.4342688 0.4402402 0.4307087 0.3881359 0.4689606 0.4254000 0.4259880 0.4271654 0.4462595 0.4295257 0.4505019 0.4396409 0.4414402 0.4154738 0.4384438 0.4372486 0.4218816 0.4079709 0.4125792 0.4028201 0.3753815 0.3644643 0.4372486 0.3558435 0.3931865 0.3207830 0.3462621 0.3699030 0.3558435 0.3954421 0.3677228 0.3926236 0.3820089 0.3368015 0.3633812 0.3563794 0.0000000 0.1150577 0.3021015 0.2996123 0.2417626 0.3106272 0.2892469 0.3430953 0.3606805 0.3579894 0.2599256 0.3425688 
taxon_40   0.2838740 0.3914992 0.3954421 0.3971383 0.3926236 0.3473207 0.4289350 0.3820089 0.3870182 0.3886954 0.4085454 0.3914992 0.4079709 0.3948776 0.3982712 0.3660917 0.4039617 0.3988383 0.3864600 0.3775841 0.3715423 0.3569157 0.3378468 0.3269432 0.3943134 0.3177218 0.3483807 0.2799905 0.3091156 0.3269432 0.3116366 0.3563794 0.3238568 0.3590647 0.3510375 0.3026003 0.3182311 0.3136595 0.1150577 0.0000000 0.2613411 0.2603971 0.1932150 0.2732424 0.2500909 0.3001095 0.3156879 0.3076070 0.2168735 0.3030995 
taxon_41   0.3021015 0.4016803 0.4068232 0.4033907 0.4148940 0.3628403 0.4318935 0.4056773 0.4039617 0.4028201 0.4183797 0.4114244 0.4271654 0.4085454 0.4183797 0.3870182 0.4183797 0.4108477 0.4005422 0.3954421 0.4045331 0.3960071 0.3737337 0.3601415 0.4183797 0.3457334 0.3764820 0.3076070 0.3446770 0.3639225 0.3510375 0.3831192 0.3612198 0.3965725 0.3753815 0.3373240 0.3436222 0.3404665 0.3021015 0.2613411 0.0000000 0.1958072 0.1319565 0.3040988 0.2790227 0.3248842 0.3362794 0.3300424 0.2440668 0.3238568 
taxon_42   0.3091156 0.4201286 0.4195452 0.4207125 0.4201286 0.3742826 0.4307087 0.4051050 0.3954421 0.4005422 0.4183797 0.4120016 0.4236387 0.4033907 0.4137357 0.3886954 0.4224669 0.4183797 0.3971383 0.3898157 0.4131572 0.4011111 0.3655489 0.3537037 0.4148940 0.3425688 0.3682672 0.3006070 0.3347153 0.3547728 0.3420427 0.3864600 0.3590647 0.3920612 0.3737337 0.3420427 0.3399418 0.3368015 0.2996123 0.2603971 0.1958072 0.0000000 0.1019603 0.3106272 0.2804748 0.3238568 0.3415169 0.3310783 0.2473045 0.3264279 
taxon_43   0.2449904 0.3531697 0.3436222 0.3521028 0.3547728 0.3076070 0.3693573 0.3399418 0.3368015 0.3399418 0.3547728 0.3505054 0.3644643 0.3457334 0.3537037 0.3243703 0.3547728 0.3515700 0.3362794 0.3315968 0.3494423 0.3394175 0.3050995 0.2917018 0.3585268 0.2809595 0.3101230 0.2426835 0.2775735 0.3006070 0.2917018 0.3284912 0.2996123 0.3326349 0.3207830 0.2814444 0.2804748 0.2766088 0.2417626 0.1932150 0.1319565 0.1019603 0.0000000 0.2417626 0.2128782 0.2641803 0.2727627 0.2641803 0.1808109 0.2603971 
taxon_44   0.2882671 0.3982712 0.3937497 0.3999738 0.4033907 0.3521028 0.4212968 0.3859021 0.3853447 0.3853447 0.4114244 0.4045331 0.4091203 0.3909376 0.3999738 0.3622998 0.4028201 0.3999738 0.3892553 0.3803466 0.3853447 0.3660917 0.3409915 0.3290079 0.3847877 0.3156879 0.3430953 0.2732424 0.3156879 0.3228308 0.3228308 0.3531697 0.3305602 0.3770329 0.3644643 0.3192509 0.3197612 0.3136595 0.3106272 0.2732424 0.3040988 0.3106272 0.2417626 0.0000000 0.0650767 0.2722833 0.2838740 0.2689361 0.1884858 0.2722833 
taxon_45   0.2599256 0.3737337 0.3704491 0.3715423 0.3748318 0.3284912 0.3914992 0.3622998 0.3569157 0.3590647 0.3842311 0.3748318 0.3864600 0.3628403 0.3699030 0.3310783 0.3731853 0.3655489 0.3553079 0.3462621 0.3596029 0.3420427 0.3106272 0.3011048 0.3601415 0.2892469 0.3151803 0.2491610 0.2872886 0.2991154 0.2956466 0.3341947 0.3096191 0.3505054 0.3331544 0.2887568 0.2936716 0.2882671 0.2892469 0.2500909 0.2790227 0.2804748 0.2128782 0.0650767 0.0000000 0.2463780 0.2622863 0.2463780 0.1665248 0.2510220 
taxon_46   0.3056003 0.4148940 0.4137357 0.4108477 0.4242254 0.3775841 0.4318935 0.4011111 0.4039617 0.4016803 0.4277548 0.4189622 0.4324867 0.4102715 0.4143146 0.3797933 0.4143146 0.4248125 0.4016803 0.3931865 0.4177976 0.4011111 0.3693573 0.3547728 0.4330803 0.3499736 0.3847877 0.3061015 0.3505054 0.3531697 0.3457334 0.3870182 0.3601415 0.3988383 0.3731853 0.3378468 0.3457334 0.3383700 0.3430953 0.3001095 0.3248842 0.3238568 0.2641803 0.2722833 0.2463780 0.0000000 0.2809595 0.2746833 0.1906317 0.2799905 
taxon_47   0.3192509 0.4277548 0.4295257 0.4372486 0.4378460 0.3960071 0.4566045 0.4166348 0.4195452 0.4218816 0.4372486 0.4313009 0.4372486 0.4224669 0.4259880 0.3948776 0.4378460 0.4318935 0.4177976 0.4091203 0.4212968 0.4120016 0.3814544 0.3644643 0.4289350 0.3574523 0.3920612 0.3177218 0.3494423 0.3655489 0.3563794 0.3842311 0.3650064 0.4011111 0.3931865 0.3409915 0.3569157 0.3547728 0.3606805 0.3156879 0.3362794 0.3415169 0.2727627 0.2838740 0.2622863 0.2809595 0.0000000 0.2204428 0.1803868 0.2756454 
taxon_48   0.3101230 0.4177976 0.4160541 0.4248125 0.4301170 0.3781358 0.4366517 0.3977046 0.4068232 0.4051050 0.4148940 0.4212968 0.4254000 0.4079709 0.4148940 0.3748318 0.4195452 0.4079709 0.3994059 0.3926236 0.3994059 0.3881359 0.3671787 0.3612198 0.4172160 0.3425688 0.3825639 0.3056003 0.3409915 0.3547728 0.3452050 0.3814544 0.3531697 0.3977046 0.3814544 0.3331544 0.3499736 0.3399418 0.3579894 0.3076070 0.3300424 0.3310783 0.2641803 0.2689361 0.2463780 0.2746833 0.2204428 0.0000000 0.1715359 0.2524208 
taxon_49   0.2217857 0.3341947 0.3347153 0.3368015 0.3357577 0.2921938 0.3499736 0.3172128 0.3177218 0.3187408 0.3368015 0.3341947 0.3430953 0.3326349 0.3310783 0.2941649 0.3368015 0.3341947 0.3218062 0.3141661 0.3223183 0.3096191 0.2843608 0.2732424 0.3300424 0.2552263 0.2897372 0.2208902 0.2561638 0.2689361 0.2603971 0.2956466 0.2713254 0.3101230 0.2976268 0.2524208 0.2637063 0.2561638 0.2599256 0.2168735 0.2440668 0.2473045 0.1808109 0.1884858 0.1665248 0.1906317 0.1803868 0.1715359 0.0000000 0.1488382 
taxon_50   0.3016030 0.4137357 0.4062500 0.4189622 0.4172160 0.3720896 0.4277548 0.3988383 0.3994059 0.3994059 0.4154738 0.4148940 0.4120016 0.4068232 0.4102715 0.3753815 0.4096957 0.4125792 0.4016803 0.3937497 0.4005422 0.3926236 0.3671787 0.3558435 0.4062500 0.3347153 0.3666350 0.3056003 0.3284912 0.3558435 0.3446770 0.3770329 0.3563794 0.3943134 0.3814544 0.3430953 0.3473207 0.3321157 0.3425688 0.3030995 0.3238568 0.3264279 0.2603971 0.2722833 0.2510220 0.2799905 0.2756454 0.2524208 0.1488382 0.0000000 
