RF=1.000000
WRF=0.006389
