30
taxon_1    0.0000000 0.7040726 0.7515680 0.7690214 0.7398561 0.6514195 0.7830931 1.4306576 1.4769694 1.5417938 1.4284155 1.1744646 1.4698378 0.7755553 1.5444025 0.7221865 1.2411748 0.6797553 0.5723197 0.7868905 1.4195136 0.9813830 0.7470418 0.7878428 1.4419708 1.3279879 1.2991746 1.5212445 1.1857188 0.3076070 
taxon_2    0.7040726 0.0000000 0.5211949 0.5602627 0.5339927 0.7117825 0.8061718 1.5136814 1.3849257 1.5086814 1.4063555 1.2037524 1.5846626 0.7597841 1.4890082 0.7579507 1.3048498 0.7023700 0.6443029 0.7625438 1.4722075 1.1744646 0.7964684 0.8189758 1.5136814 1.4284155 1.5391941 1.5237826 1.3807122 0.6419448 
taxon_3    0.7515680 0.5211949 0.0000000 0.6506254 0.6187717 0.7755553 0.7859394 1.4151019 1.4651208 1.5764358 1.5037145 1.3828160 1.5656053 0.8100882 1.5575838 0.7727481 1.4865849 0.7764933 0.7345117 0.8051958 1.5136814 1.3620391 0.7974338 0.8022757 1.5737135 1.5111773 1.5314488 1.5111773 1.4938783 0.7443391 
taxon_4    0.7690214 0.5602627 0.6506254 0.0000000 0.2656039 0.8140253 0.8042212 1.5710010 1.5061939 1.5737135 1.5263293 1.4239513 1.5764358 0.8179830 1.5366034 0.7840406 1.4351620 0.7579507 0.7524765 0.8179830 1.5417938 1.3891629 0.8309921 0.8432040 1.5161940 1.4793617 1.4465440 1.6509243 1.4722075 0.7443391 
taxon_5    0.7398561 0.5339927 0.6187717 0.2656039 0.0000000 0.7736827 0.7887961 1.5575838 1.5340217 1.5391941 1.4938783 1.3765223 1.6213930 0.8032478 1.5656053 0.7736827 1.4374244 0.7515680 0.7416461 0.8160015 1.5682983 1.3358620 0.8219618 0.8391112 1.5682983 1.4419708 1.5012433 1.5957739 1.4604333 0.7100623 
taxon_6    0.6514195 0.7117825 0.7755553 0.8140253 0.7736827 0.0000000 0.7868905 1.5314488 1.5237826 1.5212445 1.3559166 1.1000858 1.4604333 0.7542969 1.4865849 0.7380704 1.2411748 0.6814073 0.5463217 0.7515680 1.4217292 0.9535347 0.7524765 0.8071490 1.4938783 1.3620391 1.4085326 1.5288847 1.2860988 0.5673315 
taxon_7    0.7830931 0.8061718 0.7859394 0.8042212 0.7887961 0.7868905 0.0000000 1.5549289 1.5656053 1.6272070 1.5136814 1.3828160 1.6070523 0.8003352 1.5575838 0.8279699 1.4938783 0.7935825 0.7470418 0.7916646 1.4488411 1.3977100 0.8432040 0.8340264 1.6479183 1.6098986 1.5901976 1.5656053 1.5212445 0.7579507 
taxon_8    1.4306576 1.5136814 1.4151019 1.5710010 1.5575838 1.5314488 1.5549289 0.0000000 0.3892553 0.7699513 0.7117825 0.6134660 0.7907074 1.4604333 0.7793141 1.4511452 0.7671649 1.4419708 1.2290642 1.5737135 0.8219618 0.7265657 1.5061939 1.5656053 0.8229598 0.7926231 0.8061718 0.8022757 0.7783728 1.3418223 
taxon_9    1.4769694 1.3849257 1.4651208 1.5061939 1.5340217 1.5237826 1.5656053 0.3892553 0.0000000 0.7542969 0.7057791 0.6225846 0.8051958 1.4938783 0.7926231 1.5012433 0.7793141 1.4651208 1.2446717 1.5901976 0.8120542 0.7169666 1.4914393 1.6272070 0.8452588 0.7802575 0.8209652 0.7916646 0.7425427 1.3418223 
taxon_10   1.5417938 1.5086814 1.5764358 1.5737135 1.5391941 1.5212445 1.6272070 0.7699513 0.7542969 0.0000000 0.6731835 0.6403775 0.7830931 1.5957739 0.8289759 1.5549289 0.7945437 1.5111773 1.2916751 1.5391941 0.8493854 0.7479448 1.5111773 1.6098986 0.8022757 0.8013048 0.8140253 0.7774325 0.7916646 1.3807122 
taxon_11   1.4284155 1.4063555 1.5037145 1.5263293 1.4938783 1.3559166 1.5136814 0.7117825 0.7057791 0.6731835 0.0000000 0.4639929 0.7588669 1.4329064 0.8229598 1.4396946 0.7161001 1.3299487 1.0606775 1.3998621 0.7746184 0.6772841 1.4195136 1.5263293 0.8120542 0.8013048 0.8071490 0.8259618 0.7533861 1.3124834 
taxon_12   1.1744646 1.2037524 1.3828160 1.4239513 1.3765223 1.1000858 1.3828160 0.6134660 0.6225846 0.6403775 0.4639929 0.0000000 0.7074895 1.3086569 0.7353998 1.1681086 0.5539572 0.9838541 0.6364735 1.3640911 0.7371791 0.4677149 1.2991746 1.5417938 0.7821467 0.7117825 0.7195721 0.7783728 0.6149781 0.9440858 
taxon_13   1.4698378 1.5846626 1.5656053 1.5764358 1.6213930 1.4604333 1.6070523 0.7907074 0.8051958 0.7830931 0.7588669 0.7074895 0.0000000 1.3891629 0.7955058 1.3240816 0.6740018 1.2359608 1.2624030 1.5288847 0.7993668 0.7443391 1.5086814 1.5391941 0.8259618 0.7926231 0.7926231 0.8061718 0.7570356 1.3682119 
taxon_14   0.7755553 0.7597841 0.8100882 0.8179830 0.8032478 0.7542969 0.8003352 1.4604333 1.4938783 1.5957739 1.4329064 1.3086569 1.3891629 0.0000000 1.1432101 0.4073967 1.1524504 0.6302689 0.6715495 0.8179830 1.5985776 1.3702809 0.8051958 0.8259618 1.6479183 1.5086814 1.4698378 1.5710010 1.3538868 0.7434403 
taxon_15   1.5444025 1.4890082 1.5575838 1.5366034 1.5656053 1.4865849 1.5575838 0.7793141 0.7926231 0.8289759 0.8229598 0.7353998 0.7955058 1.1432101 0.0000000 0.7974338 0.6666688 1.2137740 1.2714284 1.4239513 0.8150127 0.7671649 1.6098986 1.5602481 0.8289759 0.8022757 0.7974338 0.8160015 0.7746184 1.5136814 
taxon_16   0.7221865 0.7579507 0.7727481 0.7840406 0.7736827 0.7380704 0.8279699 1.4511452 1.5012433 1.5549289 1.4396946 1.1681086 1.3240816 0.4073967 0.7974338 0.0000000 0.9085558 0.4930133 0.5637888 0.7524765 1.5470203 1.2154584 0.8160015 0.8199698 1.5737135 1.4261801 1.4722075 1.5846626 1.3579519 0.6863852 
taxon_17   1.2411748 1.3048498 1.4865849 1.4351620 1.4374244 1.2411748 1.4938783 0.7671649 0.7793141 0.7945437 0.7161001 0.5539572 0.6740018 1.1524504 0.6666688 0.9085558 0.0000000 0.2524208 0.8442307 1.4581005 0.7897513 0.5962926 1.4419708 1.4865849 0.7897513 0.7425427 0.7746184 0.7878428 0.7040726 1.0900373 
taxon_18   0.6797553 0.7023700 0.7764933 0.7579507 0.7515680 0.6814073 0.7935825 1.4419708 1.4651208 1.5111773 1.3299487 0.9838541 1.2359608 0.6302689 1.2137740 0.4930133 0.2524208 0.0000000 0.4456550 0.7690214 1.4987803 1.0511406 0.7634658 0.7821467 1.5212445 1.3661487 1.4488411 1.4938783 1.2805637 0.5962926 
taxon_19   0.5723197 0.6443029 0.7345117 0.7524765 0.7416461 0.5463217 0.7470418 1.2290642 1.2446717 1.2916751 1.0606775 0.6364735 1.2624030 0.6715495 1.2714284 0.5637888 0.8442307 0.4456550 0.0000000 0.7126440 1.2991746 0.6723661 0.7074895 0.7983997 1.4107159 1.1509025 1.2517140 1.5086814 1.0103052 0.4195450 
taxon_20   0.7868905 0.7625438 0.8051958 0.8179830 0.8160015 0.7515680 0.7916646 1.5737135 1.5901976 1.5391941 1.3998621 1.3640911 1.5288847 0.8179830 1.4239513 0.7524765 1.4581005 0.7690214 0.7126440 0.0000000 0.8140253 1.2020950 0.7868905 0.8219618 1.4841694 1.5111773 1.6098986 1.5656053 1.4817617 0.7239357 
taxon_21   1.4195136 1.4722075 1.5136814 1.5417938 1.5682983 1.4217292 1.4488411 0.8219618 0.8120542 0.8493854 0.7746184 0.7371791 0.7993668 1.5985776 0.8150127 1.5470203 0.7897513 1.4987803 1.2991746 0.8140253 0.0000000 0.6256489 1.4217292 1.6723106 0.8160015 0.7974338 0.7955058 0.8150127 0.7416461 1.3438196 
taxon_22   0.9813830 1.1744646 1.3620391 1.3891629 1.3358620 0.9535347 1.3977100 0.7265657 0.7169666 0.7479448 0.6772841 0.4677149 0.7443391 1.3702809 0.7671649 1.2154584 0.5962926 1.0511406 0.6723661 1.2020950 0.6256489 0.0000000 1.3010617 1.5957739 0.7389627 0.6530102 0.6998234 0.7524765 0.5652039 0.7443391 
taxon_23   0.7470418 0.7964684 0.7974338 0.8309921 0.8219618 0.7524765 0.8432040 1.5061939 1.4914393 1.5111773 1.4195136 1.2991746 1.5086814 0.8051958 1.6098986 0.8160015 1.4419708 0.7634658 0.7074895 0.7868905 1.4217292 1.3010617 0.0000000 0.7126440 1.2054135 1.3807122 1.5187150 1.5061939 1.3438196 0.7032209 
taxon_24   0.7878428 0.8189758 0.8022757 0.8432040 0.8391112 0.8071490 0.8340264 1.5656053 1.6272070 1.6098986 1.5263293 1.5417938 1.5391941 0.8259618 1.5602481 0.8199698 1.4865849 0.7821467 0.7983997 0.8219618 1.6723106 1.5957739 0.7126440 0.0000000 1.1386322 1.5263293 1.5366034 1.5985776 1.5819103 0.8259618 
taxon_25   1.4419708 1.5136814 1.5737135 1.5161940 1.5682983 1.4938783 1.6479183 0.8229598 0.8452588 0.8022757 0.8120542 0.7821467 0.8259618 1.6479183 0.8289759 1.5737135 0.7897513 1.5212445 1.4107159 1.4841694 0.8160015 0.7389627 1.2054135 1.1386322 0.0000000 0.7802575 0.7878428 0.7840406 0.7479448 1.3891629 
taxon_26   1.3279879 1.4284155 1.5111773 1.4793617 1.4419708 1.3620391 1.6098986 0.7926231 0.7802575 0.8013048 0.8013048 0.7117825 0.7926231 1.5086814 0.8022757 1.4261801 0.7425427 1.3661487 1.1509025 1.5111773 0.7974338 0.6530102 1.3807122 1.5263293 0.7802575 0.0000000 0.7812015 0.8081274 0.6888866 1.1857188 
taxon_27   1.2991746 1.5391941 1.5314488 1.4465440 1.5012433 1.4085326 1.5901976 0.8061718 0.8209652 0.8140253 0.8071490 0.7195721 0.7926231 1.4698378 0.7974338 1.4722075 0.7746184 1.4488411 1.2517140 1.6098986 0.7955058 0.6998234 1.5187150 1.5366034 0.7878428 0.7812015 0.0000000 0.7552087 0.6372527 1.2552601 
taxon_28   1.5212445 1.5237826 1.5111773 1.6509243 1.5957739 1.5288847 1.5656053 0.8022757 0.7916646 0.7774325 0.8259618 0.7783728 0.8061718 1.5710010 0.8160015 1.5846626 0.7878428 1.4938783 1.5086814 1.5656053 0.8150127 0.7524765 1.5061939 1.5985776 0.7840406 0.8081274 0.7552087 0.0000000 0.6356951 1.4651208 
taxon_29   1.1857188 1.3807122 1.4938783 1.4722075 1.4604333 1.2860988 1.5212445 0.7783728 0.7425427 0.7916646 0.7533861 0.6149781 0.7570356 1.3538868 0.7746184 1.3579519 0.7040726 1.2805637 1.0103052 1.4817617 0.7416461 0.5652039 1.3438196 1.5819103 0.7479448 0.6888866 0.6372527 0.6356951 0.0000000 1.0661821 
taxon_30   0.3076070 0.6419448 0.7443391 0.7443391 0.7100623 0.5673315 0.7579507 1.3418223 1.3418223 1.3807122 1.3124834 0.9440858 1.3682119 0.7434403 1.5136814 0.6863852 1.0900373 0.5962926 0.4195450 0.7239357 1.3438196 0.7443391 0.7032209 0.8259618 1.3891629 1.1857188 1.2552601 1.4651208 1.0661821 0.0000000 
