30
taxon_1    0.0000000 3.2047773 1.6871065 3.3886190 1.5751965 2.8282083 2.5786790 2.1650565 9.0000000 1.6451961 9.0000000 1.6016483 2.9340163 1.6828084 1.5425039 9.0000000 1.5496468 1.3744361 3.3095987 3.0054999 1.7407007 1.7547198 1.5751965 1.7134249 2.8282083 1.5145938 2.1732533 2.7712189 2.7354978 1.0351890 
taxon_2    3.2047773 0.0000000 1.4428001 1.7269388 9.0000000 1.7690059 1.8830181 1.6700603 1.6957771 9.0000000 1.7314981 3.3480687 1.7594517 9.0000000 9.0000000 1.7179026 3.9968168 3.7579762 1.8501661 1.9173752 4.5166766 9.0000000 9.0000000 9.0000000 1.8290379 9.0000000 1.7934380 1.8238476 2.0876683 3.4769564 
taxon_3    1.6871065 1.4428001 0.0000000 9.0000000 1.8342645 9.0000000 9.0000000 9.0000000 9.0000000 1.7179026 3.5771049 1.8342645 9.0000000 1.7884875 1.8395276 9.0000000 1.8290379 1.7738291 9.0000000 9.0000000 1.6914292 1.7786835 1.8555425 1.9720552 9.0000000 1.7786835 9.0000000 9.0000000 9.0000000 1.6330665 
taxon_4    3.3886190 1.7269388 9.0000000 0.0000000 2.6223807 1.5678073 1.7179026 1.5180263 1.7884875 4.7324386 1.7314981 9.0000000 1.7001503 5.0365368 9.0000000 1.7690059 9.0000000 3.3480687 1.7179026 1.8084887 9.0000000 9.0000000 9.0000000 9.0000000 1.6700603 9.0000000 1.8609577 1.8886361 1.9115386 9.0000000 
taxon_5    1.5751965 9.0000000 1.8342645 2.6223807 0.0000000 0.5843749 1.6171929 1.8774418 9.0000000 1.7835695 9.0000000 1.7001503 9.0000000 1.6533929 1.7134249 2.9809074 1.7407007 1.5460668 9.0000000 9.0000000 1.7642136 1.7360853 1.5568583 1.8448280 9.0000000 1.8942965 2.7014011 3.0054999 3.1422411 1.6290665 
taxon_6    2.8282083 1.7690059 9.0000000 1.5678073 0.5843749 0.0000000 0.9167415 1.0722336 1.8501661 5.0365368 1.8034382 3.5771049 1.7642136 9.0000000 9.0000000 1.6330665 9.0000000 3.5253603 1.7690059 1.8238476 3.1728576 9.0000000 2.9809074 9.0000000 1.7934380 9.0000000 1.6055043 1.7690059 1.6171929 3.0845203 
taxon_7    2.5786790 1.8830181 9.0000000 1.7179026 1.6171929 0.9167415 0.0000000 0.9964480 1.7984215 3.0054999 1.8238476 2.9340163 1.7360853 9.0000000 2.7712189 1.6411311 4.3493195 2.4141567 1.6785349 1.8084887 9.0000000 9.0000000 9.0000000 9.0000000 1.8942965 9.0000000 1.7453447 1.7642136 1.7984215 2.8087267 
taxon_8    2.1650565 1.6700603 9.0000000 1.5180263 1.8774418 1.0722336 0.9964480 0.0000000 1.7642136 3.6927179 1.5978110 2.5786790 1.5354284 2.7897383 2.6687872 1.5604902 2.4028784 1.5319155 1.5604902 1.9351626 2.8687587 9.0000000 9.0000000 9.0000000 1.7786835 3.4769564 1.4976632 1.6451961 1.5641398 2.0588186 
taxon_9    9.0000000 1.6957771 9.0000000 1.7884875 9.0000000 1.8501661 1.7984215 1.7642136 0.0000000 9.0000000 1.7835695 3.9968168 1.6451961 3.5253603 4.2125783 1.6658586 3.2381161 3.4314875 1.7500176 1.7835695 9.0000000 3.9084795 3.5771049 9.0000000 1.7738291 9.0000000 1.6211299 1.7934380 1.7089739 3.4314875 
taxon_10   1.6451961 9.0000000 1.7179026 4.7324386 1.7835695 5.0365368 3.0054999 3.6927179 9.0000000 0.0000000 1.8186930 1.1913357 1.8238476 1.4778383 1.3065779 2.1409903 1.2025467 1.2710983 4.0969653 9.0000000 1.5751965 1.6828084 1.8186930 1.9173752 9.0000000 1.8719068 3.4314875 9.0000000 9.0000000 1.6250877 
taxon_11   9.0000000 1.7314981 3.5771049 1.7314981 9.0000000 1.8034382 1.8238476 1.5978110 1.7835695 1.8186930 0.0000000 1.1935646 1.0138099 1.8830181 1.4876852 1.1212707 1.1958000 1.2491455 1.7934380 1.7594517 9.0000000 9.0000000 9.0000000 9.0000000 1.8290379 9.0000000 1.8830181 1.8238476 1.9232576 2.8282083 
taxon_12   1.6016483 3.3480687 1.8342645 9.0000000 1.7001503 3.5771049 2.9340163 2.5786790 3.9968168 1.1913357 1.1935646 0.0000000 1.1650940 1.0953717 0.9694788 1.1737396 0.7612049 0.9014660 9.0000000 9.0000000 1.7594517 1.6871065 1.5751965 1.7835695 9.0000000 1.7407007 9.0000000 9.0000000 9.0000000 1.4909965 
taxon_13   2.9340163 1.7594517 9.0000000 1.7001503 9.0000000 1.7642136 1.7360853 1.5354284 1.6451961 1.8238476 1.0138099 1.1650940 0.0000000 0.8225968 0.6593338 0.7932336 0.7401812 1.4521948 1.7500176 1.9411867 9.0000000 9.0000000 5.5562928 9.0000000 1.8609577 9.0000000 1.7179026 1.9115386 1.7407007 2.5508980 
taxon_14   1.6828084 9.0000000 1.7884875 5.0365368 1.6533929 9.0000000 9.0000000 2.7897383 3.5253603 1.4778383 1.8830181 1.0953717 0.8225968 0.0000000 0.5090295 1.4585239 0.8391112 1.2139278 9.0000000 9.0000000 1.7642136 1.7269388 1.6700603 1.8609577 9.0000000 1.8186930 3.1128248 9.0000000 4.3493195 1.5978110 
taxon_15   1.5425039 9.0000000 1.8395276 9.0000000 1.7134249 9.0000000 2.7712189 2.6687872 4.2125783 1.3065779 1.4876852 0.9694788 0.6593338 0.5090295 0.0000000 1.2886283 0.7091258 1.1355958 3.5253603 9.0000000 1.7179026 1.6616803 1.7547198 1.7738291 9.0000000 1.8034382 4.2125783 9.0000000 9.0000000 1.4976632 
taxon_16   9.0000000 1.7179026 9.0000000 1.7690059 2.9809074 1.6330665 1.6411311 1.5604902 1.6658586 2.1409903 1.1212707 1.1737396 0.7932336 1.4585239 1.2886283 0.0000000 0.8117858 1.5180263 1.7738291 1.8342645 3.2730061 3.5771049 3.3480687 4.2125783 1.7453447 9.0000000 1.6957771 2.0242497 1.8186930 2.8087267 
taxon_17   1.5496468 3.9968168 1.8290379 9.0000000 1.7407007 9.0000000 4.3493195 2.4028784 3.2381161 1.2025467 1.1958000 0.7612049 0.7401812 0.8391112 0.7091258 0.8117858 0.0000000 0.9531026 3.8294576 9.0000000 1.7269388 1.7453447 1.6957771 1.7642136 9.0000000 1.8448280 3.8294576 9.0000000 4.5166766 1.5389578 
taxon_18   1.3744361 3.7579762 1.7738291 3.3480687 1.5460668 3.5253603 2.4141567 1.5319155 3.4314875 1.2710983 1.2491455 0.9014660 1.4521948 1.2139278 1.1355958 1.5180263 0.9531026 0.0000000 3.9968168 3.5253603 1.7179026 1.8830181 1.6016483 1.8238476 9.0000000 1.8609577 9.0000000 9.0000000 3.3480687 1.2563920 
taxon_19   3.3095987 1.8501661 9.0000000 1.7179026 9.0000000 1.7690059 1.6785349 1.5604902 1.7500176 4.0969653 1.7934380 9.0000000 1.7500176 9.0000000 3.5253603 1.7738291 3.8294576 3.9968168 0.0000000 1.7453447 9.0000000 9.0000000 9.0000000 9.0000000 1.7407007 9.0000000 1.7089739 1.7089739 1.7453447 2.4982448 
taxon_20   3.0054999 1.9173752 9.0000000 1.8084887 9.0000000 1.8238476 1.8084887 1.9351626 1.7835695 9.0000000 1.7594517 9.0000000 1.9411867 9.0000000 9.0000000 1.8342645 9.0000000 3.5253603 1.7453447 0.0000000 1.5939942 1.4033972 1.6828084 2.4028784 1.3631577 1.7547198 1.2588231 1.4876852 1.5284190 1.8609577 
taxon_21   1.7407007 4.5166766 1.6914292 9.0000000 1.7642136 3.1728576 9.0000000 2.8687587 9.0000000 1.5751965 9.0000000 1.7594517 9.0000000 1.7642136 1.7179026 3.2730061 1.7269388 1.7179026 9.0000000 1.5939942 0.0000000 0.7161792 1.4617087 1.6533929 2.4028784 1.2911664 2.2793120 3.7579762 3.0054999 1.4243566 
taxon_22   1.7547198 9.0000000 1.7786835 9.0000000 1.7360853 9.0000000 9.0000000 9.0000000 3.9084795 1.6828084 9.0000000 1.6871065 9.0000000 1.7269388 1.6616803 3.5771049 1.7453447 1.8830181 9.0000000 1.4033972 0.7161792 0.0000000 1.3276319 1.6250877 2.1253647 1.2710983 2.0950575 9.0000000 2.7182557 1.3492941 
taxon_23   1.5751965 9.0000000 1.8555425 9.0000000 1.5568583 2.9809074 9.0000000 9.0000000 3.5771049 1.8186930 9.0000000 1.5751965 5.5562928 1.6700603 1.7547198 3.3480687 1.6957771 1.6016483 9.0000000 1.6828084 1.4617087 1.3276319 0.0000000 1.3858867 1.8186930 1.2116377 1.7642136 2.3700265 2.4141567 1.3223127 
taxon_24   1.7134249 9.0000000 1.9720552 9.0000000 1.8448280 9.0000000 9.0000000 9.0000000 9.0000000 1.9173752 9.0000000 1.7835695 9.0000000 1.8609577 1.7738291 4.2125783 1.7642136 1.8238476 9.0000000 2.4028784 1.6533929 1.6250877 1.3858867 0.0000000 0.8037786 1.1253357 2.1409903 2.4490469 9.0000000 1.4649069 
taxon_25   2.8282083 1.8290379 9.0000000 1.6700603 9.0000000 1.7934380 1.8942965 1.7786835 1.7738291 9.0000000 1.8290379 9.0000000 1.8609577 9.0000000 9.0000000 1.7453447 9.0000000 9.0000000 1.7407007 1.3631577 2.4028784 2.1253647 1.8186930 0.8037786 0.0000000 1.4811062 1.3575814 1.6533929 1.7089739 2.7354978 
taxon_26   1.5145938 9.0000000 1.7786835 9.0000000 1.8942965 9.0000000 9.0000000 3.4769564 9.0000000 1.8719068 9.0000000 1.7407007 9.0000000 1.8186930 1.8034382 9.0000000 1.8448280 1.8609577 9.0000000 1.7547198 1.2911664 1.2710983 1.2116377 1.1253357 1.4811062 0.0000000 1.8999999 2.8898869 2.2513576 1.3975148 
taxon_27   2.1732533 1.7934380 9.0000000 1.8609577 2.7014011 1.6055043 1.7453447 1.4976632 1.6211299 3.4314875 1.8830181 9.0000000 1.7179026 3.1128248 4.2125783 1.6957771 3.8294576 9.0000000 1.7089739 1.2588231 2.2793120 2.0950575 1.7642136 2.1409903 1.3575814 1.8999999 0.0000000 1.1212707 1.0138099 1.4213263 
taxon_28   2.7712189 1.8238476 9.0000000 1.8886361 3.0054999 1.7690059 1.7642136 1.6451961 1.7934380 9.0000000 1.8238476 9.0000000 1.9115386 9.0000000 9.0000000 2.0242497 9.0000000 9.0000000 1.7089739 1.4876852 3.7579762 9.0000000 2.3700265 2.4490469 1.6533929 2.8898869 1.1212707 0.0000000 1.0406304 2.0108567 
taxon_29   2.7354978 2.0876683 9.0000000 1.9115386 3.1422411 1.6171929 1.7984215 1.5641398 1.7089739 9.0000000 1.9232576 9.0000000 1.7407007 4.3493195 9.0000000 1.8186930 4.5166766 3.3480687 1.7453447 1.5284190 3.0054999 2.7182557 2.4141567 9.0000000 1.7089739 2.2513576 1.0138099 1.0406304 0.0000000 1.7786835 
taxon_30   1.0351890 3.4769564 1.6330665 9.0000000 1.6290665 3.0845203 2.8087267 2.0588186 3.4314875 1.6250877 2.8282083 1.4909965 2.5508980 1.5978110 1.4976632 2.8087267 1.5389578 1.2563920 2.4982448 1.8609577 1.4243566 1.3492941 1.3223127 1.4649069 2.7354978 1.3975148 1.4213263 2.0108567 1.7786835 0.0000000 
