RF=0.638298
WRF=0.027736
