30
taxon_1    0.0000000 9.0000000 2.2332853 3.4769564 2.7531457 1.5249391 9.0000000 9.0000000 1.6616803 1.9057471 9.0000000 1.6411311 9.0000000 1.7547198 1.6914292 1.7738291 1.8186930 9.0000000 1.6370879 1.7884875 9.0000000 1.6290665 9.0000000 9.0000000 9.0000000 9.0000000 1.7738291 1.8886361 1.9657791 9.0000000 
taxon_2    9.0000000 0.0000000 0.7828349 1.3196672 1.1092061 9.0000000 1.7786835 1.8034382 9.0000000 9.0000000 1.7786835 9.0000000 1.7594517 9.0000000 9.0000000 9.0000000 9.0000000 1.8290380 9.0000000 9.0000000 1.6132764 9.0000000 1.8664122 1.7500176 1.7453447 1.7738291 9.0000000 9.0000000 9.0000000 1.7884875 
taxon_3    2.2332853 0.7828349 0.0000000 1.0050787 0.8037786 9.0000000 2.0042491 1.7179026 9.0000000 9.0000000 1.9291865 9.0000000 1.9173752 9.0000000 9.0000000 9.0000000 9.0000000 1.8395276 9.0000000 9.0000000 1.6250877 9.0000000 1.8942965 1.7089739 1.9057471 1.8501661 9.0000000 9.0000000 9.0000000 1.7642136 
taxon_4    3.4769564 1.3196672 1.0050787 0.0000000 1.0609269 9.0000000 1.7001503 1.7360853 9.0000000 9.0000000 1.9976988 9.0000000 1.8290380 9.0000000 9.0000000 9.0000000 9.0000000 1.8342645 9.0000000 9.0000000 1.6785349 9.0000000 1.7642136 1.8395276 1.7786835 1.7269388 9.0000000 9.0000000 9.0000000 1.8664122 
taxon_5    2.7531457 1.1092061 0.8037786 1.0609269 0.0000000 9.0000000 1.8135735 1.6132764 9.0000000 9.0000000 1.7835695 9.0000000 1.9057471 9.0000000 9.0000000 9.0000000 9.0000000 1.9595550 9.0000000 9.0000000 1.6575252 9.0000000 1.9351626 1.8774418 1.8999999 1.9115386 9.0000000 9.0000000 9.0000000 1.6785349 
taxon_6    1.5249391 9.0000000 9.0000000 9.0000000 9.0000000 0.0000000 1.4649071 1.9411868 1.2563920 1.3520464 2.2422675 0.8418994 2.0447995 1.1072140 0.9060160 1.2395913 1.2988326 2.0042491 0.5081343 1.3603644 1.9291865 1.3144041 1.8290380 1.6250877 2.0588186 1.2395913 1.4273993 1.2911664 1.4811064 1.6330665 
taxon_7    9.0000000 1.7786835 2.0042491 1.7001503 1.8135735 1.4649071 0.0000000 1.4843887 3.0309261 3.3095987 1.5864193 1.9173752 1.5751972 3.6326859 2.1815407 4.3493195 5.0365375 1.4811064 1.5939951 4.0969653 1.4713449 2.8687587 1.5389582 1.4976634 1.6828084 1.4123082 9.0000000 9.0000000 3.6326859 1.5751972 
taxon_8    9.0000000 1.8034382 1.7179026 1.7360853 1.6132764 1.9411868 1.4843887 0.0000000 1.0103052 3.1128255 1.4304543 1.4909967 1.6700603 3.7579765 3.5771049 9.0000000 9.0000000 1.7360853 2.3083479 9.0000000 1.7224071 9.0000000 1.5180266 1.5826599 1.5214749 1.5111773 9.0000000 9.0000000 9.0000000 1.6828084 
taxon_9    1.6616803 9.0000000 9.0000000 9.0000000 9.0000000 1.2563920 3.0309261 1.0103052 0.0000000 1.4909967 2.3385533 0.9694788 9.0000000 1.5678079 1.5249391 1.6290665 1.7690059 9.0000000 1.3410973 1.7360853 9.0000000 1.6828084 9.0000000 9.0000000 3.3480687 3.3095987 1.8395276 1.7984215 1.7089739 9.0000000 
taxon_10   1.9057471 9.0000000 9.0000000 9.0000000 9.0000000 1.3520464 3.3095987 3.1128255 1.4909967 0.0000000 0.9482587 0.8144740 4.3493195 1.6132764 1.6330665 1.7134249 1.9115386 9.0000000 1.4093261 1.6171929 9.0000000 1.6700603 9.0000000 9.0000000 9.0000000 3.3095987 1.6785349 1.8774418 1.7835695 2.9570960 
taxon_11   9.0000000 1.7786835 1.9291865 1.9976988 1.7835695 2.2422675 1.5864193 1.4304543 2.3385533 0.9482587 0.0000000 1.0085590 1.7547198 9.0000000 9.0000000 9.0000000 9.0000000 1.7179026 2.3700265 9.0000000 1.7786835 9.0000000 1.7360853 1.6370879 1.7984215 1.5978119 9.0000000 9.0000000 9.0000000 1.6533929 
taxon_12   1.6411311 9.0000000 9.0000000 9.0000000 9.0000000 0.8418994 1.9173752 1.4909967 0.9694788 0.8144740 1.0085590 0.0000000 2.6529972 1.2988326 1.3356821 1.4366018 1.6451961 3.9084795 0.8545757 1.4553528 3.0845203 1.4366018 2.7897383 2.1983953 2.7531457 1.7738291 1.7453447 1.5460673 1.7089739 2.4982448 
taxon_13   9.0000000 1.7594517 1.9173752 1.8290380 1.9057471 2.0447995 1.5751972 1.6700603 9.0000000 4.3493195 1.7547198 2.6529972 0.0000000 2.4256075 2.4610471 3.9084795 9.0000000 1.5678079 1.7934380 9.0000000 1.6700603 9.0000000 1.5111773 1.5751972 1.5864193 1.3830076 9.0000000 9.0000000 9.0000000 1.6016483 
taxon_14   1.7547198 9.0000000 9.0000000 9.0000000 9.0000000 1.1072140 3.6326859 3.7579765 1.5678079 1.6132764 9.0000000 1.2988326 2.4256075 0.0000000 1.2785611 1.4004503 1.6016483 3.9084795 0.9434458 1.4490503 2.7014011 1.4273993 3.0309261 2.4256075 2.9340173 2.0588186 1.6658586 1.6700603 1.8774418 5.5563979 
taxon_15   1.6914292 9.0000000 9.0000000 9.0000000 9.0000000 0.9060160 2.1815407 3.5771049 1.5249391 1.6330665 9.0000000 1.3356821 2.4610471 1.2785611 0.0000000 0.8461010 0.9547243 1.1868978 0.6906349 1.4459187 2.4490469 1.4811064 2.6375327 2.4982448 3.0572445 1.6914292 1.7179026 1.7594517 1.6492833 2.8087267 
taxon_16   1.7738291 9.0000000 9.0000000 9.0000000 9.0000000 1.2395913 4.3493195 9.0000000 1.6290665 1.7134249 9.0000000 1.4366018 3.9084795 1.4004503 0.8461010 0.0000000 1.0138099 1.4876854 1.0914654 1.5496472 9.0000000 1.5641404 2.9809075 2.9570960 3.9084795 2.3182818 1.8664122 1.7001503 1.7642136 9.0000000 
taxon_17   1.8186930 9.0000000 9.0000000 9.0000000 9.0000000 1.2988326 5.0365375 9.0000000 1.7690059 1.9115386 9.0000000 1.6451961 9.0000000 1.6016483 0.9547243 1.0138099 0.0000000 0.9828422 1.2162249 1.6290665 9.0000000 1.5568588 9.0000000 2.6687872 9.0000000 2.8482095 1.7407007 1.7314981 1.5568588 9.0000000 
taxon_18   9.0000000 1.8290380 1.8395276 1.8342645 1.9595550 2.0042491 1.4811064 1.7360853 9.0000000 9.0000000 1.7179026 3.9084795 1.5678079 3.9084795 1.1868978 1.4876854 0.9828422 0.0000000 1.6785349 9.0000000 1.6700603 9.0000000 1.4811064 1.4396946 1.6016483 1.3410973 9.0000000 9.0000000 9.0000000 1.5568588 
taxon_19   1.6370879 9.0000000 9.0000000 9.0000000 9.0000000 0.5081343 1.5939951 2.3083479 1.3410973 1.4093261 2.3700265 0.8545757 1.7934380 0.9434458 0.6906349 1.0914654 1.2162249 1.6785349 0.0000000 1.0722336 1.4153022 1.0497880 1.2686271 1.1376648 1.4335218 0.7487668 1.4585241 1.5043899 1.5826599 1.8830181 
taxon_20   1.7884875 9.0000000 9.0000000 9.0000000 9.0000000 1.3603644 4.0969653 9.0000000 1.7360853 1.6171929 9.0000000 1.4553528 9.0000000 1.4490503 1.4459187 1.5496472 1.6290665 9.0000000 1.0722336 0.0000000 1.9720553 1.5789192 9.0000000 3.8294591 3.6927179 2.6223807 1.6411311 1.6785349 1.8886361 9.0000000 
taxon_21   9.0000000 1.6132764 1.6250877 1.6785349 1.6575252 1.9291865 1.4713449 1.7224071 9.0000000 9.0000000 1.7786835 3.0845203 1.6700603 2.7014011 2.4490469 9.0000000 9.0000000 1.6700603 1.4153022 1.9720553 0.0000000 9.0000000 1.5678079 1.4366018 1.4943226 1.3249676 9.0000000 9.0000000 9.0000000 1.6330665 
taxon_22   1.6290665 9.0000000 9.0000000 9.0000000 9.0000000 1.3144041 2.8687587 9.0000000 1.6828084 1.6700603 9.0000000 1.4366018 9.0000000 1.4273993 1.4811064 1.5641404 1.5568588 9.0000000 1.0497880 1.5789192 9.0000000 0.0000000 1.2025467 1.1192464 2.1983953 1.4843887 1.9976988 1.6785349 1.8290380 9.0000000 
taxon_23   9.0000000 1.8664122 1.8942965 1.7642136 1.9351626 1.8290380 1.5389582 1.5180266 9.0000000 9.0000000 1.7360853 2.7897383 1.5111773 3.0309261 2.6375327 2.9809075 9.0000000 1.4811064 1.2686271 9.0000000 1.5678079 1.2025467 0.0000000 0.3468874 1.1132061 0.7341083 9.0000000 9.0000000 9.0000000 1.6250877 
taxon_24   9.0000000 1.7500176 1.7089739 1.8395276 1.8774418 1.6250877 1.4976634 1.5826599 9.0000000 9.0000000 1.6370879 2.1983953 1.5751972 2.4256075 2.4982448 2.9570960 2.6687872 1.4396946 1.1376648 3.8294591 1.4366018 1.1192464 0.3468874 0.0000000 1.1132061 0.6906349 9.0000000 9.0000000 9.0000000 1.5319159 
taxon_25   9.0000000 1.7453447 1.9057471 1.7786835 1.8999999 2.0588186 1.6828084 1.5214749 3.3480687 9.0000000 1.7984215 2.7531457 1.5864193 2.9340173 3.0572445 3.9084795 9.0000000 1.6016483 1.4335218 3.6927179 1.4943226 2.1983953 1.1132061 1.1132061 0.0000000 0.7438487 9.0000000 9.0000000 9.0000000 1.6451961 
taxon_26   9.0000000 1.7738291 1.8501661 1.7269388 1.9115386 1.2395913 1.4123082 1.5111773 3.3095987 3.3095987 1.5978119 1.7738291 1.3830076 2.0588186 1.6914292 2.3182818 2.8482095 1.3410973 0.7487668 2.6223807 1.3249676 1.4843887 0.7341083 0.6906349 0.7438487 0.0000000 9.0000000 3.2381161 9.0000000 1.4585241 
taxon_27   1.7738291 9.0000000 9.0000000 9.0000000 9.0000000 1.4273993 9.0000000 9.0000000 1.8395276 1.6785349 9.0000000 1.7453447 9.0000000 1.6658586 1.7179026 1.8664122 1.7407007 9.0000000 1.4585241 1.6411311 9.0000000 1.9976988 9.0000000 9.0000000 9.0000000 9.0000000 0.0000000 0.7091258 1.6700603 9.0000000 
taxon_28   1.8886361 9.0000000 9.0000000 9.0000000 9.0000000 1.2911664 9.0000000 9.0000000 1.7984215 1.8774418 9.0000000 1.5460673 9.0000000 1.6700603 1.7594517 1.7001503 1.7314981 9.0000000 1.5043899 1.6785349 9.0000000 1.6785349 9.0000000 9.0000000 9.0000000 3.2381161 0.7091258 0.0000000 1.6171929 9.0000000 
taxon_29   1.9657791 9.0000000 9.0000000 9.0000000 9.0000000 1.4811064 3.6326859 9.0000000 1.7089739 1.7835695 9.0000000 1.7089739 9.0000000 1.8774418 1.6492833 1.7642136 1.5568588 9.0000000 1.5826599 1.8886361 9.0000000 1.8290380 9.0000000 9.0000000 9.0000000 9.0000000 1.6700603 1.6171929 0.0000000 1.1523096 
taxon_30   9.0000000 1.7884875 1.7642136 1.8664122 1.6785349 1.6330665 1.5751972 1.6828084 9.0000000 2.9570960 1.6533929 2.4982448 1.6016483 5.5563979 2.8087267 9.0000000 9.0000000 1.5568588 1.8830181 9.0000000 1.6330665 9.0000000 1.6250877 1.5319159 1.6451961 1.4585241 9.0000000 9.0000000 1.1523096 0.0000000 
