30
taxon_1    0.0000000 2.6075287 1.6871065 2.6849169 1.5751970 2.4141569 2.2605610 1.9657791 3.5771049 1.6451951 3.3480687 1.6016480 2.4732425 1.6828084 1.5425043 3.2047773 1.5496472 1.3744361 2.6529972 2.5110657 1.7407007 1.7547198 1.5751970 1.7134249 2.4141569 1.5145941 1.9720553 2.3808180 2.3593880 1.0351890 
taxon_2    2.6075287 0.0000000 1.3603644 1.7269388 3.1728576 1.7690059 1.8830181 1.6700603 1.6957771 3.2381161 1.7314981 2.6687872 1.7594516 9.0000000 4.0969653 1.7179026 2.8687587 2.8087259 1.8501661 1.9173752 2.9570960 3.6927179 9.0000000 9.0000000 1.8290376 3.3095987 1.7934380 1.8238474 2.0876682 2.7182557 
taxon_3    1.6871065 1.3603644 0.0000000 9.0000000 1.8342640 3.5253603 3.5253603 3.6927179 3.2381161 1.7179026 2.7531456 1.8342640 9.0000000 1.7884875 1.8395269 9.0000000 1.8290376 1.7738291 9.0000000 9.0000000 1.6914292 1.7786835 1.8555425 1.9720553 5.5562928 1.7786835 3.4769564 4.2125783 3.5771049 1.6330658 
taxon_4    2.6849169 1.7269388 9.0000000 0.0000000 2.2888663 1.5678078 1.7179026 1.5180266 1.7884875 2.9809075 1.7314981 9.0000000 1.7001503 3.0054999 3.2381161 1.7690059 4.2125783 2.6687872 1.7179026 1.8084886 3.2047773 3.3886190 3.4314875 3.2730061 1.6700603 3.2047773 1.8609577 1.8886361 1.9115386 3.3886190 
taxon_5    1.5751970 3.1728576 1.8342640 2.2888663 0.0000000 0.5571351 1.5145941 1.7360853 9.0000000 1.7835695 3.7579762 1.7001503 3.2381161 1.6533929 1.7134249 2.4982448 1.7407007 1.5460672 3.9084795 3.2381161 1.7642136 1.7360853 1.5568588 1.8448280 4.5166766 1.8942965 2.3385533 2.5110657 2.5786790 1.6290659 
taxon_6    2.4141569 1.7690059 3.5253603 1.5678078 0.5571351 0.0000000 0.9167414 1.0722335 1.8501661 3.0054999 1.8034381 2.7531456 1.7642136 3.4314875 3.2730061 1.6330658 4.5166766 2.7354978 1.7690059 1.8238474 2.5929651 3.2047773 2.4982448 9.0000000 1.7934380 5.0365368 1.6055040 1.7690059 1.6171925 2.5508975 
taxon_7    2.2605610 1.8830181 3.5253603 1.7179026 1.5145941 0.9167414 0.0000000 0.9964480 1.7984214 2.5110657 1.8238474 2.4732425 1.7360853 3.3480687 2.3808180 1.6411302 2.9340173 2.1489268 1.6785349 1.8084886 4.7324386 9.0000000 3.4314875 9.0000000 1.8942965 3.4769564 1.7453447 1.7642136 1.7984214 2.4028785 
taxon_8    1.9657791 1.6700603 3.6927179 1.5180266 1.7360853 1.0722335 0.9964480 0.0000000 1.7642136 2.7897379 1.5978117 2.2605610 1.5354288 2.3917671 2.3182818 1.5604907 2.1409902 1.4396946 1.5604907 1.9351624 2.4372356 3.1422411 3.2730061 4.7324386 1.7786835 2.7182557 1.4976634 1.6451951 1.5641404 1.8830181 
taxon_9    3.5771049 1.6957771 3.2381161 1.7884875 9.0000000 1.8501661 1.7984214 1.7642136 0.0000000 9.0000000 1.7835695 2.8687587 1.6451951 2.7354978 2.9116275 1.6658586 2.6223806 2.7014010 1.7500176 1.7835695 3.5771049 2.8482095 2.7531456 3.0845200 1.7738291 3.5253603 1.6211294 1.7934380 1.7089739 2.7014010 
taxon_10   1.6451951 3.2381161 1.7179026 2.9809075 1.7835695 3.0054999 2.5110657 2.7897379 9.0000000 0.0000000 1.6871065 1.1913351 1.6914292 1.4778384 1.3065779 1.9472587 1.2025459 1.2710983 2.8898869 3.7579762 1.5751970 1.6828084 1.8186928 1.9173752 3.7579762 1.8719068 2.7014010 9.0000000 3.1728576 1.6250871 
taxon_11   3.3480687 1.7314981 2.7531456 1.7314981 3.7579762 1.8034381 1.8238474 1.5978117 1.7835695 1.6871065 0.0000000 1.1335323 1.0138099 1.7407007 1.4004503 1.1212704 1.1355955 1.1846881 1.7934380 1.7594516 3.1422411 4.7324386 3.5771049 4.2125783 1.8290376 3.5253603 1.8830181 1.8238474 1.9232576 2.4141569 
taxon_12   1.6016480 2.6687872 1.8342640 9.0000000 1.7001503 2.7531456 2.4732425 2.2605610 2.8687587 1.1913351 1.1335323 0.0000000 1.1072139 1.0953715 0.9694788 1.1152139 0.7612049 0.9014660 3.0845200 3.7579762 1.7594516 1.6871065 1.5751970 1.7835695 3.6326859 1.7407007 3.1728576 3.6326859 3.5771049 1.4909967 
taxon_13   2.4732425 1.7594516 9.0000000 1.7001503 3.2381161 1.7642136 1.7360853 1.5354288 1.6451951 1.6914292 1.0138099 1.1072139 0.0000000 0.7854211 0.6292869 0.7932336 0.7067894 1.3687757 1.7500176 1.9411863 3.9084795 3.4314875 3.0309260 4.3493195 1.8609577 3.1128248 1.7179026 1.9115386 1.7407007 2.2422674 
taxon_14   1.6828084 9.0000000 1.7884875 3.0054999 1.6533929 3.4314875 3.3480687 2.3917671 2.7354978 1.4778384 1.7407007 1.0953715 0.7854211 0.0000000 0.5090299 1.3744361 0.8391112 1.2139269 3.7579762 9.0000000 1.7642136 1.7269388 1.6700603 1.8609577 3.4769564 1.8186928 2.5646597 9.0000000 2.9340173 1.5978117 
taxon_15   1.5425043 4.0969653 1.8395269 3.2381161 1.7134249 3.2730061 2.3808180 2.3182818 2.9116275 1.3065779 1.4004503 0.9694788 0.6292869 0.5090299 0.0000000 1.2208393 0.7091258 1.1355955 2.7354978 3.1422411 1.7179026 1.6616803 1.7547198 1.7738291 3.1728576 1.8034381 2.9116275 3.8294576 3.2047773 1.4976634 
taxon_16   3.2047773 1.7179026 9.0000000 1.7690059 2.4982448 1.6330658 1.6411302 1.5604907 1.6658586 1.9472587 1.1212704 1.1152139 0.7932336 1.3744361 1.2208393 0.0000000 0.7751293 1.4273993 1.7738291 1.8342640 2.6375326 2.7531456 2.6687872 2.9116275 1.7453447 9.0000000 1.6957771 2.0242503 1.8186928 2.4028785 
taxon_17   1.5496472 2.8687587 1.8290376 4.2125783 1.7407007 4.5166766 2.9340173 2.1409902 2.6223806 1.2025459 1.1355955 0.7612049 0.7067894 0.8391112 0.7091258 0.7751293 0.0000000 0.9531026 2.8282083 3.3095987 1.7269388 1.7453447 1.6957771 1.7642136 3.2047773 1.8448280 2.8282083 3.9084795 2.9570960 1.5389582 
taxon_18   1.3744361 2.8087259 1.7738291 2.6687872 1.5460672 2.7354978 2.1489268 1.4396946 2.7014010 1.2710983 1.1846881 0.9014660 1.3687757 1.2139269 1.1355955 1.4273993 0.9531026 0.0000000 2.8687587 2.7354978 1.7179026 1.8830181 1.6016480 1.8238474 9.0000000 1.8609577 3.2047773 9.0000000 2.6687872 1.2563920 
taxon_19   2.6529972 1.8501661 9.0000000 1.7179026 3.9084795 1.7690059 1.6785349 1.5604907 1.7500176 2.8898869 1.7934380 3.0845200 1.7500176 3.7579762 2.7354978 1.7738291 2.8282083 2.8687587 0.0000000 1.7453447 3.4314875 3.9968168 4.0969653 3.7579762 1.7407007 3.3095987 1.7089739 1.7089739 1.7453447 2.2069668 
taxon_20   2.5110657 1.9173752 9.0000000 1.8084886 3.2381161 1.8238474 1.8084886 1.9351624 1.7835695 3.7579762 1.7594516 3.7579762 1.9411863 9.0000000 3.1422411 1.8342640 3.3095987 2.7354978 1.7453447 0.0000000 1.4943226 1.3249676 1.5714933 2.1409902 1.3631577 1.6330658 1.2588231 1.4876854 1.5284194 1.7224071 
taxon_21   1.7407007 2.9570960 1.6914292 3.2047773 1.7642136 2.5929651 4.7324386 2.4372356 3.5771049 1.5751970 3.1422411 1.7594516 3.9084795 1.7642136 1.7179026 2.6375326 1.7269388 1.7179026 3.4314875 1.4943226 0.0000000 0.7161792 1.4617088 1.6533929 2.1409902 1.2911664 2.0517763 2.8087259 2.5110657 1.4243567 
taxon_22   1.7547198 3.6927179 1.7786835 3.3886190 1.7360853 3.2047773 9.0000000 3.1422411 2.8482095 1.6828084 4.7324386 1.6871065 3.4314875 1.7269388 1.6616803 2.7531456 1.7453447 1.8830181 3.9968168 1.3249676 0.7161792 0.0000000 1.3276319 1.6250871 1.9351624 1.2710983 1.9115386 3.1728576 2.3488983 1.3492941 
taxon_23   1.5751970 9.0000000 1.8555425 3.4314875 1.5568588 2.4982448 3.4314875 3.2730061 2.7531456 1.8186928 3.5771049 1.5751970 3.0309260 1.6700603 1.7547198 2.6687872 1.6957771 1.6016480 4.0969653 1.5714933 1.4617088 1.3276319 0.0000000 1.3858867 1.6871065 1.2116369 1.6411302 2.1176722 2.1489268 1.3223128 
taxon_24   1.7134249 9.0000000 1.9720553 3.2730061 1.8448280 9.0000000 9.0000000 4.7324386 3.0845200 1.9173752 4.2125783 1.7835695 4.3493195 1.8609577 1.7738291 2.9116275 1.7642136 1.8238474 3.7579762 2.1409902 1.6533929 1.6250871 1.3858867 0.0000000 0.7675021 1.1253355 1.9472587 2.1732532 3.2047773 1.4649071 
taxon_25   2.4141569 1.8290376 5.5562928 1.6700603 4.5166766 1.7934380 1.8942965 1.7786835 1.7738291 3.7579762 1.8290376 3.6326859 1.8609577 3.4769564 3.1728576 1.7453447 3.2047773 9.0000000 1.7407007 1.3631577 2.1409902 1.9351624 1.6871065 0.7675021 0.0000000 1.3945909 1.3575815 1.6533929 1.7089739 2.3593880 
taxon_26   1.5145941 3.3095987 1.7786835 3.2047773 1.8942965 5.0365368 3.4769564 2.7182557 3.5253603 1.8719068 3.5253603 1.7407007 3.1128248 1.8186928 1.8034381 9.0000000 1.8448280 1.8609577 3.3095987 1.6330658 1.2911664 1.2710983 1.2116369 1.1253355 1.3945909 0.0000000 1.7547198 2.4490469 2.0310376 1.3975148 
taxon_27   1.9720553 1.7934380 3.4769564 1.8609577 2.3385533 1.6055040 1.7453447 1.4976634 1.6211294 2.7014010 1.8830181 3.1728576 1.7179026 2.5646597 2.9116275 1.6957771 2.8282083 3.2047773 1.7089739 1.2588231 2.0517763 1.9115386 1.6411302 1.9472587 1.3575815 1.7547198 0.0000000 1.1212704 1.0138099 1.3410973 
taxon_28   2.3808180 1.8238474 4.2125783 1.8886361 2.5110657 1.7690059 1.7642136 1.6451951 1.7934380 9.0000000 1.8238474 3.6326859 1.9115386 9.0000000 3.8294576 2.0242503 3.9084795 9.0000000 1.7089739 1.4876854 2.8087259 3.1728576 2.1176722 2.1732532 1.6533929 2.4490469 1.1212704 0.0000000 1.0406303 1.8448280 
taxon_29   2.3593880 2.0876682 3.5771049 1.9115386 2.5786790 1.6171925 1.7984214 1.5641404 1.7089739 3.1728576 1.9232576 3.5771049 1.7407007 2.9340173 3.2047773 1.8186928 2.9570960 2.6687872 1.7453447 1.5284194 2.5110657 2.3488983 2.1489268 3.2047773 1.7089739 2.0310376 1.0138099 1.0406303 0.0000000 1.6533929 
taxon_30   1.0351890 2.7182557 1.6330658 3.3886190 1.6290659 2.5508975 2.4028785 1.8830181 2.7014010 1.6250871 2.4141569 1.4909967 2.2422674 1.5978117 1.4976634 2.4028785 1.5389582 1.2563920 2.2069668 1.7224071 1.4243567 1.3492941 1.3223128 1.4649071 2.3593880 1.3975148 1.3410973 1.8448280 1.6533929 0.0000000 
