30
taxon_1    0.0000000 2.4482536 9.0000000 0.6740018 4.4451914 9.0000000 9.0000000 9.0000000 9.0000000 0.7570359 9.0000000 9.0000000 0.7497543 0.7470418 9.0000000 9.0000000 9.0000000 9.0000000 0.7736827 0.7607034 0.7802575 0.7727481 9.0000000 9.0000000 0.6922348 0.6562017 0.7887965 0.8350407 0.8003352 0.7515680 
taxon_2    2.4482536 0.0000000 0.5401319 2.6354947 0.4114245 0.6634326 0.6256491 0.7774327 0.7425427 9.0000000 0.7380704 0.7708824 9.0000000 9.0000000 0.7783731 0.7662384 0.7561218 0.7579511 9.0000000 9.0000000 9.0000000 9.0000000 0.7497543 0.6947558 9.0000000 9.0000000 9.0000000 9.0000000 9.0000000 9.0000000 
taxon_3    9.0000000 0.5401319 0.0000000 9.0000000 0.5014222 0.7552088 0.7371791 0.7916646 0.8350407 9.0000000 0.7561218 0.8081275 9.0000000 9.0000000 0.8051959 0.7849894 0.7964692 0.7830931 9.0000000 9.0000000 9.0000000 9.0000000 0.7916646 0.7552088 9.0000000 9.0000000 9.0000000 9.0000000 9.0000000 9.0000000 
taxon_4    0.6740018 2.6354947 9.0000000 0.0000000 1.4604333 9.0000000 9.0000000 9.0000000 9.0000000 0.8100883 9.0000000 9.0000000 0.8179831 0.7974339 9.0000000 9.0000000 9.0000000 9.0000000 0.8003352 0.8081275 0.8320022 0.8169917 9.0000000 9.0000000 0.7680926 0.7727481 0.8309921 0.7945437 0.8199698 0.8061718 
taxon_5    4.4451914 0.4114245 0.5014222 1.4604333 0.0000000 0.6905588 0.6913963 0.8071490 0.7821467 9.0000000 0.7389627 0.7746184 9.0000000 9.0000000 0.8071490 0.7830931 0.7783731 0.7718147 9.0000000 9.0000000 9.0000000 9.0000000 0.7897513 0.7143703 9.0000000 9.0000000 9.0000000 9.0000000 9.0000000 9.0000000 
taxon_6    9.0000000 0.6634326 0.7552088 9.0000000 0.6905588 0.0000000 0.7239357 0.7607034 0.8013048 9.0000000 0.7993668 0.7935828 9.0000000 9.0000000 0.8219619 0.8140253 0.8130391 0.8051959 9.0000000 9.0000000 9.0000000 9.0000000 0.7916646 0.7479448 9.0000000 9.0000000 9.0000000 9.0000000 9.0000000 9.0000000 
taxon_7    9.0000000 0.6256491 0.7371791 9.0000000 0.6913963 0.7239357 0.0000000 0.7935828 0.7859394 9.0000000 0.7552088 0.7662384 9.0000000 9.0000000 0.8199698 0.8013048 0.7974339 0.8051959 9.0000000 9.0000000 9.0000000 9.0000000 0.7570359 0.7736827 9.0000000 9.0000000 9.0000000 9.0000000 9.0000000 9.0000000 
taxon_8    9.0000000 0.7774327 0.7916646 9.0000000 0.8071490 0.7607034 0.7935828 0.0000000 0.8150128 9.0000000 0.7993668 0.7727481 9.0000000 9.0000000 0.7718147 0.7736827 0.7425427 0.7552088 9.0000000 9.0000000 9.0000000 9.0000000 0.7887965 0.7552088 9.0000000 9.0000000 9.0000000 9.0000000 9.0000000 9.0000000 
taxon_9    9.0000000 0.7425427 0.8350407 9.0000000 0.7821467 0.8013048 0.7859394 0.8150128 0.0000000 1.0417234 0.6538068 0.7524766 9.0000000 9.0000000 0.7897513 0.7570359 0.7552088 0.7746184 9.0000000 9.0000000 9.0000000 9.0000000 0.7570359 0.7533862 9.0000000 9.0000000 9.0000000 9.0000000 9.0000000 9.0000000 
taxon_10   0.7570359 9.0000000 9.0000000 0.8100883 9.0000000 9.0000000 9.0000000 9.0000000 1.0417234 0.0000000 2.7700004 9.0000000 0.7625438 0.7974339 9.0000000 9.0000000 9.0000000 9.0000000 0.7533862 0.7625438 0.7764934 0.7425427 9.0000000 9.0000000 0.7371791 0.6863852 0.7830931 0.8160016 0.8452588 0.7680926 
taxon_11   9.0000000 0.7380704 0.7561218 9.0000000 0.7389627 0.7993668 0.7552088 0.7993668 0.6538068 2.7700004 0.0000000 0.6972853 9.0000000 9.0000000 0.7643889 0.7074896 0.6723661 0.7187031 9.0000000 9.0000000 9.0000000 9.0000000 0.7497543 0.7300869 9.0000000 9.0000000 9.0000000 9.0000000 9.0000000 9.0000000 
taxon_12   9.0000000 0.7708824 0.8081275 9.0000000 0.7746184 0.7935828 0.7662384 0.7727481 0.7524766 9.0000000 0.6972853 0.0000000 2.6936633 9.0000000 0.7187031 0.6939145 0.6872180 0.7161004 9.0000000 9.0000000 9.0000000 9.0000000 0.7625438 0.7353998 9.0000000 9.0000000 9.0000000 9.0000000 9.0000000 9.0000000 
taxon_13   0.7497543 9.0000000 9.0000000 0.8179831 9.0000000 9.0000000 9.0000000 9.0000000 9.0000000 0.7625438 9.0000000 2.6936633 0.0000000 0.7362889 9.0000000 9.0000000 9.0000000 9.0000000 0.7533862 0.7126442 0.7718147 0.7265657 9.0000000 9.0000000 0.7178345 0.6872180 0.7897513 0.7926231 0.7916646 0.7783731 
taxon_14   0.7470418 9.0000000 9.0000000 0.7974339 9.0000000 9.0000000 9.0000000 9.0000000 9.0000000 0.7974339 9.0000000 9.0000000 0.7362889 0.0000000 9.0000000 9.0000000 9.0000000 9.0000000 0.7718147 0.7389627 0.7897513 0.7345117 9.0000000 9.0000000 0.7699513 0.7380704 0.7964692 0.8003352 0.7653131 0.7662384 
taxon_15   9.0000000 0.7783731 0.8051959 9.0000000 0.8071490 0.8219619 0.8199698 0.7718147 0.7897513 9.0000000 0.7643889 0.7187031 9.0000000 9.0000000 0.0000000 0.3590647 0.3259130 0.7187031 9.0000000 9.0000000 9.0000000 9.0000000 0.7935828 0.7443391 9.0000000 9.0000000 9.0000000 9.0000000 9.0000000 9.0000000 
taxon_16   9.0000000 0.7662384 0.7849894 9.0000000 0.7830931 0.8140253 0.8013048 0.7736827 0.7570359 9.0000000 0.7074896 0.6939145 9.0000000 9.0000000 0.3590647 0.0000000 0.1244423 0.6626257 9.0000000 9.0000000 9.0000000 9.0000000 0.7506606 0.7195727 9.0000000 9.0000000 9.0000000 9.0000000 9.0000000 9.0000000 
taxon_17   9.0000000 0.7561218 0.7964692 9.0000000 0.7783731 0.8130391 0.7974339 0.7425427 0.7552088 9.0000000 0.6723661 0.6872180 9.0000000 9.0000000 0.3259130 0.1244423 0.0000000 0.6218206 9.0000000 9.0000000 9.0000000 9.0000000 0.7434403 0.6888866 9.0000000 9.0000000 9.0000000 9.0000000 9.0000000 9.0000000 
taxon_18   9.0000000 0.7579511 0.7830931 9.0000000 0.7718147 0.8051959 0.8051959 0.7552088 0.7746184 9.0000000 0.7187031 0.7161004 9.0000000 9.0000000 0.7187031 0.6626257 0.6218206 0.0000000 9.0000000 9.0000000 9.0000000 9.0000000 0.7878429 0.7265657 9.0000000 9.0000000 9.0000000 9.0000000 9.0000000 9.0000000 
taxon_19   0.7736827 9.0000000 9.0000000 0.8003352 9.0000000 9.0000000 9.0000000 9.0000000 9.0000000 0.7533862 9.0000000 9.0000000 0.7533862 0.7718147 9.0000000 9.0000000 9.0000000 9.0000000 0.0000000 0.6805808 0.7074896 0.6772841 9.0000000 9.0000000 0.7416461 0.7416461 0.7983997 0.8199698 0.8514572 0.8022757 
taxon_20   0.7607034 9.0000000 9.0000000 0.8081275 9.0000000 9.0000000 9.0000000 9.0000000 9.0000000 0.7625438 9.0000000 9.0000000 0.7126442 0.7389627 9.0000000 9.0000000 9.0000000 9.0000000 0.6805808 0.0000000 0.6233497 0.5595594 9.0000000 9.0000000 0.7389627 0.7049254 0.7680926 0.8120542 0.7983997 0.7945437 
taxon_21   0.7802575 9.0000000 9.0000000 0.8320022 9.0000000 9.0000000 9.0000000 9.0000000 9.0000000 0.7764934 9.0000000 9.0000000 0.7718147 0.7897513 9.0000000 9.0000000 9.0000000 9.0000000 0.7074896 0.6233497 0.0000000 0.3141651 9.0000000 9.0000000 0.7783731 0.7389627 0.8259619 0.8219619 0.8391112 0.8140253 
taxon_22   0.7727481 9.0000000 9.0000000 0.8169917 9.0000000 9.0000000 9.0000000 9.0000000 9.0000000 0.7425427 9.0000000 9.0000000 0.7265657 0.7345117 9.0000000 9.0000000 9.0000000 9.0000000 0.6772841 0.5595594 0.3141651 0.0000000 9.0000000 9.0000000 0.7416461 0.7057792 0.7926231 0.7926231 0.8022757 0.8042212 
taxon_23   9.0000000 0.7497543 0.7916646 9.0000000 0.7897513 0.7916646 0.7570359 0.7887965 0.7570359 9.0000000 0.7497543 0.7625438 9.0000000 9.0000000 0.7935828 0.7506606 0.7434403 0.7878429 9.0000000 9.0000000 9.0000000 9.0000000 0.0000000 0.4821575 9.0000000 9.0000000 9.0000000 9.0000000 9.0000000 9.0000000 
taxon_24   9.0000000 0.6947558 0.7552088 9.0000000 0.7143703 0.7479448 0.7736827 0.7552088 0.7533862 9.0000000 0.7300869 0.7353998 9.0000000 9.0000000 0.7443391 0.7195727 0.6888866 0.7265657 9.0000000 9.0000000 9.0000000 9.0000000 0.4821575 0.0000000 9.0000000 2.9857619 9.0000000 9.0000000 9.0000000 9.0000000 
taxon_25   0.6922348 9.0000000 9.0000000 0.7680926 9.0000000 9.0000000 9.0000000 9.0000000 9.0000000 0.7371791 9.0000000 9.0000000 0.7178345 0.7699513 9.0000000 9.0000000 9.0000000 9.0000000 0.7416461 0.7389627 0.7783731 0.7416461 9.0000000 9.0000000 0.0000000 0.4702075 0.7802575 0.7561218 0.7974339 0.7109221 
taxon_26   0.6562017 9.0000000 9.0000000 0.7727481 9.0000000 9.0000000 9.0000000 9.0000000 9.0000000 0.6863852 9.0000000 9.0000000 0.6872180 0.7380704 9.0000000 9.0000000 9.0000000 9.0000000 0.7416461 0.7049254 0.7389627 0.7057792 9.0000000 2.9857619 0.4702075 0.0000000 0.7452389 0.7887965 0.8061718 0.7006713 
taxon_27   0.7887965 9.0000000 9.0000000 0.8309921 9.0000000 9.0000000 9.0000000 9.0000000 9.0000000 0.7830931 9.0000000 9.0000000 0.7897513 0.7964692 9.0000000 9.0000000 9.0000000 9.0000000 0.7983997 0.7680926 0.8259619 0.7926231 9.0000000 9.0000000 0.7802575 0.7452389 0.0000000 0.7830931 0.7945437 0.7221874 
taxon_28   0.8350407 9.0000000 9.0000000 0.7945437 9.0000000 9.0000000 9.0000000 9.0000000 9.0000000 0.8160016 9.0000000 9.0000000 0.7926231 0.8003352 9.0000000 9.0000000 9.0000000 9.0000000 0.8199698 0.8120542 0.8219619 0.7926231 9.0000000 9.0000000 0.7561218 0.7887965 0.7830931 0.0000000 0.7126442 0.6271860 
taxon_29   0.8003352 9.0000000 9.0000000 0.8199698 9.0000000 9.0000000 9.0000000 9.0000000 9.0000000 0.8452588 9.0000000 9.0000000 0.7916646 0.7653131 9.0000000 9.0000000 9.0000000 9.0000000 0.8514572 0.7983997 0.8391112 0.8022757 9.0000000 9.0000000 0.7974339 0.8061718 0.7945437 0.7126442 0.0000000 0.6059510 
taxon_30   0.7515680 9.0000000 9.0000000 0.8061718 9.0000000 9.0000000 9.0000000 9.0000000 9.0000000 0.7680926 9.0000000 9.0000000 0.7783731 0.7662384 9.0000000 9.0000000 9.0000000 9.0000000 0.8022757 0.7945437 0.8140253 0.8042212 9.0000000 9.0000000 0.7109221 0.7006713 0.7221874 0.6271860 0.6059510 0.0000000 
