30
taxon_1    0.0000000 1.9159475 1.9286060 1.5781006 1.2627532 1.6363015 1.4948919 1.4565115 1.4167671 1.8732530 1.5901976 2.0762775 1.9286060 2.1938359 2.5619546 2.2407257 2.5769546 2.5328249 3.0455762 2.0094015 2.2216166 2.6401500 2.9401397 2.7654410 3.3567840 3.5514175 5.1992826 2.1497056 1.8384978 1.7683021 
taxon_2    1.9159475 0.0000000 1.0672947 0.6509156 1.8052820 2.0023260 1.8107168 2.0383906 1.7945283 2.5472484 2.5047842 2.5047842 2.2603353 2.4389524 2.9401397 3.2381157 3.2756239 9.0000000 2.3443391 2.9910066 4.3753767 2.5186735 2.3901548 9.0000000 3.2381157 3.0455762 2.9401397 3.1356844 3.0455762 2.6568179 
taxon_3    1.9286060 1.0672947 0.0000000 0.4637221 1.8912539 2.2504659 1.9679163 2.0608923 1.6449972 2.7274583 2.6738640 2.9651420 2.4389524 2.2703354 2.8697756 3.4009143 2.9401397 9.0000000 3.0455762 2.8697756 3.0177952 2.2603353 2.7091639 9.0000000 3.2023950 3.4009143 3.2023950 2.4516644 2.4777543 2.6738640 
taxon_4    1.5781006 0.6509156 0.4637221 0.0000000 1.5821113 1.9612198 1.6626971 1.9286060 1.5278240 2.5328249 2.5328249 2.4389524 2.1497056 2.2216166 3.0744259 2.7851790 3.7399032 9.0000000 3.1044299 2.6568179 2.7654410 2.4777543 2.6568179 9.0000000 2.9401397 2.9159440 2.7091639 2.4020598 2.5769546 2.7091639 
taxon_5    1.2627532 1.8052820 1.8912539 1.5821113 0.0000000 1.6671881 1.5353429 1.4531178 1.3032307 2.0458165 1.7379951 2.1244223 1.7580631 2.0383906 2.3117252 2.4141568 2.4020598 2.7654410 2.5769546 2.2122416 2.4777543 2.2703354 2.3224397 2.8925046 2.4389524 2.4516644 2.4645954 2.2029823 2.3555333 2.4516644 
taxon_6    1.6363015 2.0023260 2.2504659 1.9612198 1.6671881 0.0000000 0.4951499 1.9883721 1.9883721 2.5472484 2.8054505 2.7462092 2.1327558 3.1044299 9.0000000 3.0455762 3.2756239 4.3753767 2.8697756 3.4009143 3.6091383 2.3011617 2.8262851 3.6091383 2.7274583 2.7091639 2.7851790 5.1992826 3.0177952 3.1044299 
taxon_7    1.4948919 1.8107168 1.9679163 1.6626971 1.5353429 0.4951499 0.0000000 1.7529955 1.5353429 2.1670474 2.0840901 2.4516644 1.8441796 2.4645954 9.0000000 3.0744259 4.3753767 4.2248707 3.2023950 2.7654410 2.9159440 2.2804707 2.4645954 3.3567840 2.5328249 2.6738640 3.0744259 2.6913067 2.4264522 2.6078875 
taxon_8    1.4565115 2.0383906 2.0608923 1.9286060 1.4531178 1.9883721 1.7529955 0.0000000 0.7635327 1.2394755 1.0754359 1.3913947 1.2575176 3.1682983 2.2504659 2.3901548 2.6401500 2.6078875 3.8983851 2.0023260 2.2804707 3.6091383 2.7462092 2.5922619 3.5514175 3.4009143 3.4009143 2.3443391 2.6913067 2.3668971 
taxon_9    1.4167671 1.7945283 1.6449972 1.5278240 1.3032307 1.9883721 1.5353429 0.7635327 0.0000000 1.2653848 1.0492938 1.2786830 1.1025221 2.3784358 3.1682983 3.6091383 9.0000000 9.0000000 2.7091639 2.1497056 2.4141568 2.4020598 2.5619546 2.8477152 2.3333094 2.2703354 2.3443391 2.4020598 2.7462092 2.4911475 
taxon_10   1.8732530 2.5472484 2.7274583 2.5328249 2.0458165 2.5472484 2.1670474 1.2394755 1.2653848 0.0000000 0.2233609 1.2813712 1.1644129 2.8697756 2.4777543 2.3555333 2.5769546 2.8262851 3.2023950 1.9746731 2.7274583 2.8262851 2.4777543 2.4389524 3.0177952 3.4009143 3.9922575 2.3784358 2.5619546 3.6716745 
taxon_11   1.5901976 2.5047842 2.6738640 2.5328249 1.7379951 2.8054505 2.0840901 1.0754359 1.0492938 0.2233609 0.0000000 1.0836664 0.9867576 2.9401397 2.6738640 2.5769546 3.0455762 2.8054505 3.1682983 1.9746731 2.6738640 3.1682983 2.5328249 2.8925046 3.9922575 9.0000000 9.0000000 2.3668971 2.5769546 2.9910066 
taxon_12   2.0762775 2.5047842 2.9651420 2.4389524 2.1244223 2.7462092 2.4516644 1.3913947 1.2786830 1.2813712 1.0836664 0.0000000 1.2867766 2.6401500 2.4389524 2.3117252 2.8477152 2.3784358 3.2023950 2.1938359 2.5472484 2.9401397 3.3151067 2.8262851 3.2756239 3.2023950 3.6091383 2.4911475 2.3333094 2.5922619 
taxon_13   1.9286060 2.2603353 2.4389524 2.1497056 1.7580631 2.1327558 1.8441796 1.2575176 1.1025221 1.1644129 0.9867576 1.2867766 0.0000000 2.4911475 2.6238455 3.4478040 3.6716745 2.9651420 2.6738640 2.6238455 2.1670474 2.8262851 2.5922619 3.8149649 2.9910066 3.0455762 2.8925046 2.7462092 2.6401500 2.6738640 
taxon_14   2.1938359 2.4389524 2.2703354 2.2216166 2.0383906 3.1044299 2.4645954 3.1682983 2.3784358 2.8697756 2.9401397 2.6401500 2.4911475 0.0000000 3.0744259 2.4264522 2.2311103 2.4020598 2.0685455 1.6854261 2.1847997 1.9953166 2.4264522 3.1682983 2.5922619 2.3784358 2.1847997 1.9159475 2.3117252 2.6568179 
taxon_15   2.5619546 2.9401397 2.8697756 3.0744259 2.3117252 9.0000000 9.0000000 2.2504659 3.1682983 2.4777543 2.6738640 2.4389524 2.6238455 3.0744259 0.0000000 0.8770116 1.1328293 1.2977058 1.1713574 1.3519119 1.4948919 2.1080283 2.8697756 2.6568179 3.3151067 3.0177952 2.6738640 1.4039736 2.2122416 2.6078875 
taxon_16   2.2407257 3.2381157 3.4009143 2.7851790 2.4141568 3.0455762 3.0744259 2.3901548 3.6091383 2.3555333 2.5769546 2.3117252 3.4478040 2.4264522 0.8770116 0.0000000 0.8313113 0.9634860 0.9190032 1.0433883 1.2268489 1.7998853 2.2907448 2.2703354 2.4020598 2.3333094 2.1847997 1.1417183 2.4777543 2.1847997 
taxon_17   2.5769546 3.2756239 2.9401397 3.7399032 2.4020598 3.2756239 4.3753767 2.6401500 9.0000000 2.5769546 3.0455762 2.8477152 3.6716745 2.2311103 1.1328293 0.8313113 0.0000000 0.8770116 0.7910334 1.0240323 1.3489591 1.8973515 2.4020598 2.0840901 2.2603353 2.1327558 2.0533165 1.1484549 3.0177952 2.4645954 
taxon_18   2.5328249 9.0000000 9.0000000 9.0000000 2.7654410 4.3753767 4.2248707 2.6078875 9.0000000 2.8262851 2.8054505 2.3784358 2.9651420 2.4020598 1.2977058 0.9634860 0.8770116 0.0000000 0.7568123 1.1901967 1.4772024 2.0458165 2.7091639 2.1327558 2.2603353 2.1411828 2.1670474 1.3430882 2.4264522 2.3668971 
taxon_19   3.0455762 2.3443391 3.0455762 3.1044299 2.5769546 2.8697756 3.2023950 3.8983851 2.7091639 3.2023950 3.1682983 3.2023950 2.6738640 2.0685455 1.1713574 0.9190032 0.7910334 0.7568123 0.0000000 1.1067775 1.4232466 1.7479620 1.9746731 2.2407257 1.9159475 1.9953166 1.9679163 1.2680257 2.7654410 2.4777543 
taxon_20   2.0094015 2.9910066 2.8697756 2.6568179 2.2122416 3.4009143 2.7654410 2.0023260 2.1497056 1.9746731 1.9746731 2.1938359 2.6238455 1.6854261 1.3519119 1.0433883 1.0240323 1.1901967 1.1067775 0.0000000 0.6951867 1.1132061 1.5622689 1.5130088 1.5583626 1.4913205 1.4633452 0.5319077 2.0458165 2.0840901 
taxon_21   2.2216166 4.3753767 3.0177952 2.7654410 2.4777543 3.6091383 2.9159440 2.2804707 2.4141568 2.7274583 2.6738640 2.5472484 2.1670474 2.1847997 1.4948919 1.2268489 1.3489591 1.4772024 1.4232466 0.6951867 0.0000000 1.1575321 1.4842282 1.6149932 1.5983721 1.5240927 1.4877660 0.5695172 2.0094015 2.1244223 
taxon_22   2.6401500 2.5186735 2.2603353 2.4777543 2.2703354 2.3011617 2.2804707 3.6091383 2.4020598 2.8262851 3.1682983 2.9401397 2.8262851 1.9953166 2.1080283 1.7998853 1.8973515 2.0458165 1.7479620 1.1132061 1.1575321 0.0000000 0.8660967 1.1240444 1.0051634 0.9190032 0.8785840 0.7475037 2.3901548 2.9651420 
taxon_23   2.9401397 2.3901548 2.7091639 2.6568179 2.3224397 2.8262851 2.4645954 2.7462092 2.5619546 2.4777543 2.5328249 3.3151067 2.5922619 2.4264522 2.8697756 2.2907448 2.4020598 2.7091639 1.9746731 1.5622689 1.4842282 0.8660967 0.0000000 1.3882826 1.2497321 1.1218642 1.0532568 1.1621123 3.8149649 9.0000000 
taxon_24   2.7654410 9.0000000 9.0000000 9.0000000 2.8925046 3.6091383 3.3567840 2.5922619 2.8477152 2.4389524 2.8925046 2.8262851 3.8149649 3.1682983 2.6568179 2.2703354 2.0840901 2.1327558 2.2407257 1.5130088 1.6149932 1.1240444 1.3882826 0.0000000 0.0791559 0.1949948 0.3022718 1.2549134 2.8477152 2.3668971 
taxon_25   3.3567840 3.2381157 3.2023950 2.9401397 2.4389524 2.7274583 2.5328249 3.5514175 2.3333094 3.0177952 3.9922575 3.2756239 2.9910066 2.5922619 3.3151067 2.4020598 2.2603353 2.2603353 1.9159475 1.5583626 1.5983721 1.0051634 1.2497321 0.0791559 0.0000000 0.1215306 0.2240182 1.2497321 3.4978233 2.7274583 
taxon_26   3.5514175 3.0455762 3.4009143 2.9159440 2.4516644 2.7091639 2.6738640 3.4009143 2.2703354 3.4009143 9.0000000 3.2023950 3.0455762 2.3784358 3.0177952 2.3333094 2.1327558 2.1411828 1.9953166 1.4913205 1.5240927 0.9190032 1.1218642 0.1949948 0.1215306 0.0000000 0.1152472 1.1417183 2.8925046 2.9910066 
taxon_27   5.1992826 2.9401397 3.2023950 2.7091639 2.4645954 2.7851790 3.0744259 3.4009143 2.3443391 3.9922575 9.0000000 3.6091383 2.8925046 2.1847997 2.6738640 2.1847997 2.0533165 2.1670474 1.9679163 1.4633452 1.4877660 0.8785840 1.0532568 0.3022718 0.2240182 0.1152472 0.0000000 1.0940832 3.1044299 2.5619546 
taxon_28   2.1497056 3.1356844 2.4516644 2.4020598 2.2029823 5.1992826 2.6913067 2.3443391 2.4020598 2.3784358 2.3668971 2.4911475 2.7462092 1.9159475 1.4039736 1.1417183 1.1484549 1.3430882 1.2680257 0.5319077 0.5695172 0.7475037 1.1621123 1.2549134 1.2497321 1.1417183 1.0940832 0.0000000 2.1497056 1.9350163 
taxon_29   1.8384978 3.0455762 2.4777543 2.5769546 2.3555333 3.0177952 2.4264522 2.6913067 2.7462092 2.5619546 2.5769546 2.3333094 2.6401500 2.3117252 2.2122416 2.4777543 3.0177952 2.4264522 2.7654410 2.0458165 2.0094015 2.3901548 3.8149649 2.8477152 3.4978233 2.8925046 3.1044299 2.1497056 0.0000000 0.8342728 
taxon_30   1.7683021 2.6568179 2.6738640 2.7091639 2.4516644 3.1044299 2.6078875 2.3668971 2.4911475 3.6716745 2.9910066 2.5922619 2.6738640 2.6568179 2.6078875 2.1847997 2.4645954 2.3668971 2.4777543 2.0840901 2.1244223 2.9651420 9.0000000 2.3668971 2.7274583 2.9910066 2.5619546 1.9350163 0.8342728 0.0000000 
