30
taxon_1    0.0000000 2.0242503 2.8687587 2.3283491 1.9720552 1.5532443 1.4617088 1.5496471 2.4856395 1.5496471 1.2467455 1.5789190 1.5864190 2.4256075 1.5214749 1.3276319 4.7324386 2.4141569 1.5939948 1.7407007 3.0054999 1.6914292 2.6687872 1.5568587 2.5646599 1.7884874 2.3385533 2.6075287 2.2069668 1.7224071 
taxon_2    2.0242503 0.0000000 1.6742856 1.5789190 1.4366018 2.8482095 2.7182557 9.0000000 1.6828084 3.2047773 2.5373840 3.5771049 2.5929649 1.7500176 2.8482095 2.3593880 1.8395276 1.6055038 4.5166766 3.3095987 1.9533821 9.0000000 1.6370879 2.5929649 1.7224071 2.7897379 1.8395276 1.8238476 1.7269388 1.7179026 
taxon_3    2.8687587 1.6742856 0.0000000 0.2966352 1.4153022 3.2381161 9.0000000 3.0054999 1.9057470 2.7897379 3.2730061 2.6849169 3.9084795 1.7786834 4.3493195 3.1128248 1.7045491 1.7089739 2.6375327 2.8687587 1.6492833 3.2730061 1.6828084 3.3480687 1.8830181 3.3886190 1.6871065 1.8238476 1.6785349 1.7045491 
taxon_4    2.3283491 1.5789190 0.2966352 0.0000000 1.4213264 2.7182557 2.9340173 3.3886190 1.7314981 2.6075287 2.7354978 2.5508980 3.5253603 1.8084883 3.0845200 2.7712186 1.7934379 1.6742856 2.7014010 2.7354978 1.6828084 3.6927179 1.6093797 2.6849169 1.8555425 3.7579762 1.7269388 1.8448280 1.6700603 1.5901973 
taxon_5    1.9720552 1.4366018 1.4153022 1.4213264 0.0000000 9.0000000 3.8294576 4.3493195 1.8395276 2.8282083 2.9340173 2.7182557 2.4028785 1.6828084 2.4732425 2.0310376 1.7738291 1.7089739 2.5110657 3.0309260 1.5864190 2.8898869 1.7594516 3.0572444 1.7134249 9.0000000 1.5978115 1.7134249 1.5789190 1.4843887 
taxon_6    1.5532443 2.8482095 3.2381161 2.7182557 9.0000000 0.0000000 0.1886803 1.0875792 1.2025467 1.2093546 1.0297868 1.7360853 1.7179026 4.0969653 1.7690059 1.7314981 2.9116275 2.5110657 1.6616803 1.7934379 3.1728576 1.7884874 3.4314875 1.8774418 2.9340173 1.8186922 2.7897379 2.6687872 2.8087259 2.4856395 
taxon_7    1.4617088 2.7182557 9.0000000 2.9340173 3.8294576 0.1886803 0.0000000 1.0646767 1.2231587 1.2637091 1.0406303 1.7500176 1.7269388 3.4769564 1.7045491 1.6957771 2.7531456 2.8087259 1.6171921 1.7934379 2.6529972 1.7224071 3.5771049 1.8501661 2.7897379 1.8609577 2.5929649 2.5373840 2.7014010 2.4490469 
taxon_8    1.5496471 9.0000000 3.0054999 3.3886190 4.3493195 1.0875792 1.0646767 0.0000000 0.9998884 1.2612621 1.0173310 1.6700603 1.7360853 2.6075287 1.6492833 1.6250877 2.6529972 3.2381161 1.6742856 1.6957771 3.1128248 1.7045491 5.5562928 1.8664122 2.7014010 1.8501661 2.4856395 3.3886190 2.5373840 2.3385533 
taxon_9    2.4856395 1.6828084 1.9057470 1.7314981 1.8395276 1.2025467 1.2231587 0.9998884 0.0000000 1.6093797 1.1459977 2.5508980 3.4769564 1.8774418 2.8482095 2.2888663 1.7500176 1.7360853 2.6687872 3.4314875 1.7407007 4.0969653 1.9595550 9.0000000 1.8290380 2.9340173 1.6211290 1.7224071 1.6093797 1.5354287 
taxon_10   1.5496471 3.2047773 2.7897379 2.6075287 2.8282083 1.2093546 1.2637091 1.2612621 1.6093797 0.0000000 0.6409479 1.6250877 1.5864190 2.5508980 1.5939948 1.5214749 3.6927179 3.0309260 1.7089739 1.7835694 9.0000000 1.7934379 2.6687872 1.7089739 2.5786790 1.7001503 2.5646599 2.9116275 3.0845200 2.3700265 
taxon_11   1.2467455 2.5373840 3.2730061 2.7354978 2.9340173 1.0297868 1.0406303 1.0173310 1.1459977 0.6409479 0.0000000 1.6290665 1.5389582 2.4610471 1.6055038 1.3276319 2.9570960 3.0309260 1.6700603 1.6914292 2.9809075 1.6330665 2.7014010 1.7407007 2.8898869 1.6411311 2.2332853 2.3488983 2.2156374 1.9783841 
taxon_12   1.5789190 3.5771049 2.6849169 2.5508980 2.7182557 1.7360853 1.7500176 1.6700603 2.5508980 1.6250877 1.6290665 0.0000000 1.6451961 2.8898869 1.5864190 1.1192461 3.1422411 2.3808180 1.6132757 1.6914292 3.0054999 1.7835694 3.2381161 1.7594516 3.3886190 1.5978115 2.6075287 2.8482095 2.4028785 2.5929649 
taxon_13   1.5864190 2.5929649 3.9084795 3.5253603 2.4028785 1.7179026 1.7269388 1.7360853 3.4769564 1.5864190 1.5389582 1.6451961 0.0000000 1.1523091 0.8617118 0.9661748 3.0572444 3.1728576 1.6492833 1.6957771 9.0000000 1.8395276 3.3480687 1.7134249 2.8898869 1.6828084 2.7354978 2.9570960 2.8482095 2.2793120 
taxon_14   2.4256075 1.7500176 1.7786834 1.8084883 1.6828084 4.0969653 3.4769564 2.6075287 1.8774418 2.5508980 2.4610471 2.8898869 1.1523091 0.0000000 0.7624601 1.5864190 1.9351626 1.6093797 2.3808180 2.8087259 1.8448280 2.7531456 1.6914292 3.0309260 1.6957771 3.1422411 1.7984213 1.8395276 1.7453446 1.5568587 
taxon_15   1.5214749 2.8482095 4.3493195 3.0845200 2.4732425 1.7690059 1.7045491 1.6492833 2.8482095 1.5939948 1.6055038 1.5864190 0.8617118 0.7624601 0.0000000 1.0953715 3.1728576 2.2422674 1.5496471 1.6492833 3.0054999 1.6700603 3.0309260 1.7045491 2.8482095 1.8501661 3.5771049 2.4982448 3.0845200 2.2156374 
taxon_16   1.3276319 2.3593880 3.1128248 2.7712186 2.0310376 1.7314981 1.6957771 1.6250877 2.2888663 1.5214749 1.3276319 1.1192461 0.9661748 1.5864190 1.0953715 0.0000000 2.7712186 2.3917671 1.3383848 1.6055038 3.0572444 1.6370879 2.8687587 1.6533929 2.8482095 1.7642136 2.2888663 2.3488983 2.0588186 1.7738291 
taxon_17   4.7324386 1.8395276 1.7045491 1.7934379 1.7738291 2.9116275 2.7531456 2.6529972 1.7500176 3.6927179 2.9570960 3.1422411 3.0572444 1.9351626 3.1728576 2.7712186 0.0000000 0.6473857 1.1335322 2.0242503 1.4213264 1.7547198 1.4976634 2.3182818 1.5214749 2.5929649 1.6957771 1.7835694 1.7269388 1.5864190 
taxon_18   2.4141569 1.6055038 1.7089739 1.6742856 1.7089739 2.5110657 2.8087259 3.2381161 1.7360853 3.0309260 3.0309260 2.3808180 3.1728576 1.6093797 2.2422674 2.3917671 0.6473857 0.0000000 0.8939433 1.7500176 1.2962685 1.7738291 1.5389582 2.1899206 1.4745846 2.6687872 1.5249391 1.7001503 1.5826596 1.5901973 
taxon_19   1.5939948 4.5166766 2.6375327 2.7014010 2.5110657 1.6616803 1.6171921 1.6742856 2.6687872 1.7089739 1.6700603 1.6132757 1.6492833 2.3808180 1.5496471 1.3383848 1.1335322 0.8939433 0.0000000 0.9828422 1.3575815 0.9913168 1.9291865 1.3744361 1.7134249 1.3687757 2.6075287 3.3095987 2.2698779 2.4982448 
taxon_20   1.7407007 3.3095987 2.8687587 2.7354978 3.0309260 1.7934379 1.7934379 1.6957771 3.4314875 1.7835694 1.6914292 1.6914292 1.6957771 2.8087259 1.6492833 1.6055038 2.0242503 1.7500176 0.9828422 0.0000000 1.5532443 1.1868970 2.3182818 1.5751970 3.1422411 1.5249391 5.0365368 3.0845200 3.5253603 2.7354978 
taxon_21   3.0054999 1.9533821 1.6492833 1.6828084 1.5864190 3.1728576 2.6529972 3.1128248 1.7407007 9.0000000 2.9809075 3.0054999 9.0000000 1.8448280 3.0054999 3.0572444 1.4213264 1.2962685 1.3575815 1.5532443 0.0000000 0.5794380 1.5864190 2.3917671 1.6171921 2.8282083 1.9291865 1.7500176 1.6914292 1.6616803 
taxon_22   1.6914292 9.0000000 3.2730061 3.6927179 2.8898869 1.7884874 1.7224071 1.7045491 4.0969653 1.7934379 1.6330665 1.7835694 1.8395276 2.7531456 1.6700603 1.6370879 1.7547198 1.7738291 0.9913168 1.1868970 0.5794380 0.0000000 2.2698779 1.5214749 2.1815406 1.6742856 9.0000000 3.6927179 4.5166766 2.7014010 
taxon_23   2.6687872 1.6370879 1.6828084 1.6093797 1.7594516 3.4314875 3.5771049 5.5562928 1.9595550 2.6687872 2.7014010 3.2381161 3.3480687 1.6914292 3.0309260 2.8687587 1.4976634 1.5389582 1.9291865 2.3182818 1.5864190 2.2698779 0.0000000 0.2707593 1.4617088 2.4610471 1.8609577 1.8830181 1.7786834 1.6742856 
taxon_24   1.5568587 2.5929649 3.3480687 2.6849169 3.0572444 1.8774418 1.8501661 1.8664122 9.0000000 1.7089739 1.7407007 1.7594516 1.7134249 3.0309260 1.7045491 1.6533929 2.3182818 2.1899206 1.3744361 1.5751970 2.3917671 1.5214749 0.2707593 0.0000000 2.2605610 1.6211290 3.9968168 9.0000000 3.1422411 2.5373840 
taxon_25   2.5646599 1.7224071 1.8830181 1.8555425 1.7134249 2.9340173 2.7897379 2.7014010 1.8290380 2.5786790 2.8898869 3.3886190 2.8898869 1.6957771 2.8482095 2.8482095 1.5214749 1.4745846 1.7134249 3.1422411 1.6171921 2.1815406 1.4617088 2.2605610 0.0000000 1.0934158 1.7314981 1.7738291 1.6700603 1.5789190 
taxon_26   1.7884874 2.7897379 3.3886190 3.7579762 9.0000000 1.8186922 1.8609577 1.8501661 2.9340173 1.7001503 1.6411311 1.5978115 1.6828084 3.1422411 1.8501661 1.7642136 2.5929649 2.6687872 1.3687757 1.5249391 2.8282083 1.6742856 2.4610471 1.6211290 1.0934158 0.0000000 2.9340173 9.0000000 2.6687872 2.7897379 
taxon_27   2.3385533 1.8395276 1.6871065 1.7269388 1.5978115 2.7897379 2.5929649 2.4856395 1.6211290 2.5646599 2.2332853 2.6075287 2.7354978 1.7984213 3.5771049 2.2888663 1.6957771 1.5249391 2.6075287 5.0365368 1.9291865 9.0000000 1.8609577 3.9968168 1.7314981 2.9340173 0.0000000 0.6441599 0.3000181 1.4366018 
taxon_28   2.6075287 1.8238476 1.8238476 1.8448280 1.7134249 2.6687872 2.5373840 3.3886190 1.7224071 2.9116275 2.3488983 2.8482095 2.9570960 1.8395276 2.4982448 2.3488983 1.7835694 1.7001503 3.3095987 3.0845200 1.7500176 3.6927179 1.8830181 9.0000000 1.7738291 9.0000000 0.6441599 0.0000000 0.5504769 1.4943226 
taxon_29   2.2069668 1.7269388 1.6785349 1.6700603 1.5789190 2.8087259 2.7014010 2.5373840 1.6093797 3.0845200 2.2156374 2.4028785 2.8482095 1.7453446 3.0845200 2.0588186 1.7269388 1.5826596 2.2698779 3.5253603 1.6914292 4.5166766 1.7786834 3.1422411 1.6700603 2.6687872 0.3000181 0.5504769 0.0000000 1.4304543 
taxon_30   1.7224071 1.7179026 1.7045491 1.5901973 1.4843887 2.4856395 2.4490469 2.3385533 1.5354287 2.3700265 1.9783841 2.5929649 2.2793120 1.5568587 2.2156374 1.7738291 1.5864190 1.5901973 2.4982448 2.7354978 1.6616803 2.7014010 1.6742856 2.5373840 1.5789190 2.7897379 1.4366018 1.4943226 1.4304543 0.0000000 
