30
taxon_1    0.0000000 0.8446409 1.1932075 1.1873404 2.2290118 1.5293964 1.8458924 1.5607820 1.2212107 1.1401551 1.1149729 1.1853949 1.9733164 1.7829815 1.7744100 1.7575553 1.6747940 2.0191326 1.1951734 2.1269127 1.1401551 1.1815189 1.1776626 1.2652794 2.0679301 1.1932075 1.2011023 2.0074136 1.1738265 1.8458924 
taxon_2    0.8446409 0.0000000 1.7617336 1.7617336 1.1310641 0.6694307 1.0653539 0.6832287 1.7575553 1.8228138 1.5935384 1.5968941 1.0604033 0.8851922 1.0554853 0.9377744 0.8458755 1.1401551 2.0250615 1.1912459 1.9145677 1.7492679 2.2368651 2.0310377 1.2131026 1.8273731 1.8993132 1.2566833 2.0016221 1.0080008 
taxon_3    1.1932075 1.7617336 0.0000000 0.9063204 1.4050526 1.5172008 1.8458924 1.4674756 1.1292590 1.1274583 1.1605519 1.1624339 1.9514175 1.8553267 1.9043637 1.8893131 1.8365757 2.1133988 1.2110891 2.1269127 1.1991208 1.2439711 1.2783611 1.1951734 1.9043637 1.2503003 1.2524219 2.3944189 1.2314708 1.8794445 
taxon_4    1.1873404 1.7617336 0.9063204 0.0000000 1.1438226 1.5704596 1.9301395 1.5111766 1.1310641 1.1401551 1.1438226 1.2356145 1.9568327 1.8048489 2.1001241 1.9568327 1.9043637 2.3472332 1.1971440 2.0935738 1.2460749 1.2335398 1.1951734 1.2376949 2.1476513 1.1892909 1.2460749 2.0370618 1.2050811 1.9043637 
taxon_5    2.2290118 1.1310641 1.4050526 1.1438226 0.0000000 1.0409217 1.1971440 1.0457449 1.8697036 1.9301395 1.9043637 2.0016221 1.2566833 1.1795875 1.1738265 1.1643207 1.1493575 1.2783611 2.1337620 1.2171457 2.1762261 2.1618021 1.8843626 2.0191326 1.1530702 2.0310377 2.0431347 1.2151214 2.0310377 1.1475080 
taxon_6    1.5293964 0.6694307 1.5172008 1.5704596 1.0409217 0.0000000 0.8891087 0.2513947 1.3921435 1.5935384 1.3498437 1.4760146 1.0110746 0.7368229 1.0637001 1.0003712 0.8722831 1.2151214 1.8794445 1.1456630 1.8942965 1.8365757 2.1762261 2.2691275 1.2397812 1.8048489 1.9197226 1.1493575 2.1689795 1.0637001 
taxon_7    1.8458924 1.0653539 1.8458924 1.9301395 1.1971440 0.8891087 0.0000000 0.7933906 1.8228138 1.9733164 1.8600886 1.8893131 1.2110891 1.1061799 1.1568019 1.1530702 1.1346873 1.2191755 2.0431347 1.1795875 2.0554292 2.1618021 2.1067321 1.9354027 1.1991208 2.0191326 1.9514175 1.1757422 2.1909325 1.1795875 
taxon_8    1.5607820 0.6832287 1.4674756 1.5111766 1.0457449 0.2513947 0.7933906 0.0000000 1.4342598 1.6208141 1.4181878 1.5386750 1.0064687 0.7272686 1.0571211 0.9853407 0.8996537 1.1815189 1.9197226 1.1586745 1.8228138 1.9568327 2.2609314 2.1618021 1.2070784 1.8794445 1.8893131 1.1795875 2.1689795 1.0637001 
taxon_9    1.2212107 1.7575553 1.1292590 1.1310641 1.8697036 1.3921435 1.8228138 1.4342598 0.0000000 0.7475835 0.6369415 1.1662123 1.8365757 1.8228138 1.9407030 1.8794445 1.8228138 1.9249129 1.1274583 2.1337620 1.1892909 1.1681086 1.1912459 1.2171457 2.0935738 1.1932075 1.2314708 1.8893131 1.2314708 2.0132503 
taxon_10   1.1401551 1.8228138 1.1274583 1.1401551 1.9301395 1.5935384 1.9733164 1.6208141 0.7475835 0.0000000 0.5122986 1.2110891 1.8993132 1.7370059 2.0191326 2.0870803 1.9568327 2.0132503 1.2481846 2.0250615 1.2090811 1.2273499 1.1932075 1.1643207 2.1909325 1.1493575 1.2335398 1.9460411 1.2356145 1.8745584 
taxon_11   1.1149729 1.5935384 1.1605519 1.1438226 1.9043637 1.3498437 1.8600886 1.4181878 0.6369415 0.5122986 0.0000000 1.1912459 2.0132503 1.6242944 1.9407030 1.9733164 1.7534002 2.2528233 1.2294076 2.2609314 1.2827729 1.2717917 1.1419866 1.1912459 2.3751871 1.1951734 1.2335398 1.9958749 1.1853949 1.9622873 
taxon_12   1.1853949 1.5968941 1.1624339 1.2356145 2.0016221 1.4760146 1.8893131 1.5386750 1.1662123 1.2110891 1.1912459 0.0000000 2.0616537 1.6277909 1.9958749 1.8745584 1.8137776 2.1476513 1.2151214 1.9677808 1.1438226 1.1971440 1.2481846 1.2335398 2.2448019 1.2110891 1.2252980 2.0935738 1.2070784 1.8843626 
taxon_13   1.9733164 1.0604033 1.9514175 1.9568327 1.2566833 1.0110746 1.2110891 1.0064687 1.8365757 1.8993132 2.0132503 2.0616537 0.0000000 0.8930457 1.1892909 1.1475080 1.1549333 1.2131026 1.7410711 1.2151214 1.9845110 2.0679301 2.1133988 2.2135473 1.2151214 2.0132503 2.0935738 1.1892909 2.1133988 1.2356145 
taxon_14   1.7829815 0.8851922 1.8553267 1.8048489 1.1795875 0.7368229 1.1061799 0.7272686 1.8228138 1.7370059 1.6242944 1.6277909 0.8930457 0.0000000 1.1493575 1.0940412 1.0297869 1.2011023 1.8794445 1.1681086 1.8648809 1.8794445 2.2059331 1.9845110 1.2545496 1.8993132 2.1983953 1.2171457 2.3751871 1.1853949 
taxon_15   1.7744100 1.0554853 1.9043637 2.1001241 1.1738265 1.0637001 1.1568019 1.0571211 1.9407030 2.0191326 1.9407030 1.9958749 1.1892909 1.1493575 0.0000000 0.5044204 1.0234967 1.1776626 1.8843626 1.1401551 1.9460411 2.0370618 1.9354027 1.8794445 1.1991208 1.9788929 2.0370618 1.1873404 1.9845110 1.1132061 
taxon_16   1.7575553 0.9377744 1.8893131 1.9568327 1.1643207 1.0003712 1.1530702 0.9853407 1.8794445 2.0870803 1.9733164 1.8745584 1.1475080 1.0940412 0.5044204 0.0000000 0.9322085 1.1971440 2.1546936 1.2894396 2.0016221 1.9958749 1.9514175 2.0310377 1.1932075 2.1001241 2.1337620 1.2294076 2.1337620 1.1365054 
taxon_17   1.6747940 0.8458755 1.8365757 1.9043637 1.1493575 0.8722831 1.1346873 0.8996537 1.8228138 1.9568327 1.7534002 1.8137776 1.1549333 1.0297869 1.0234967 0.9322085 0.0000000 1.1853949 2.1546936 1.1991208 1.9958749 1.8993132 1.8697036 2.1762261 1.2356145 1.7829815 1.8273731 1.1776626 1.9845110 1.0441337 
taxon_18   2.0191326 1.1401551 2.1133988 2.3472332 1.2783611 1.2151214 1.2191755 1.1815189 1.9249129 2.0132503 2.2528233 2.1476513 1.2131026 1.2011023 1.1776626 1.1971440 1.1853949 0.0000000 0.9898183 0.9619013 0.8458755 1.4396946 1.7492679 1.6636830 1.0282096 2.2135473 2.1133988 1.2294076 2.0074136 1.2191755 
taxon_19   1.1951734 2.0250615 1.2110891 1.1971440 2.1337620 1.8794445 2.0431347 1.9197226 1.1274583 1.2481846 1.2294076 1.2151214 1.7410711 1.8794445 1.8843626 2.1546936 2.1546936 0.9898183 0.0000000 1.3819738 0.5331779 0.8608519 1.1624339 1.0110746 1.5835604 1.2212107 1.2171457 2.1001241 1.2460749 2.2290118 
taxon_20   2.1269127 1.1912459 2.1269127 2.0935738 1.2171457 1.1456630 1.1795875 1.1586745 2.1337620 2.0250615 2.2609314 1.9677808 1.2151214 1.1681086 1.1401551 1.2894396 1.1991208 0.9619013 1.3819738 0.0000000 0.8735641 1.4788826 2.0074136 1.6563658 1.0770337 2.0935738 2.1001241 1.1738265 2.0870803 1.1310641 
taxon_21   1.1401551 1.9145677 1.1991208 1.2460749 2.1762261 1.8942965 2.0554292 1.8228138 1.1892909 1.2090811 1.2827729 1.1438226 1.9845110 1.8648809 1.9460411 2.0016221 1.9958749 0.8458755 0.5331779 0.8735641 0.0000000 0.7064629 1.0522244 0.8595925 1.3972805 1.2335398 1.2761649 2.2609314 1.2050811 2.0806424 
taxon_22   1.1815189 1.7492679 1.2439711 1.2335398 2.1618021 1.8365757 2.1618021 1.9568327 1.1681086 1.2273499 1.2717917 1.1971440 2.0679301 1.8794445 2.0370618 1.9958749 1.8993132 1.4396946 0.8608519 1.4788826 0.7064629 0.0000000 0.9023132 0.7378920 1.0522244 1.1932075 1.2335398 2.2135473 1.2171457 1.8648809 
taxon_23   1.1776626 2.2368651 1.2783611 1.1951734 1.8843626 2.1762261 2.1067321 2.2609314 1.1912459 1.1932075 1.1419866 1.2481846 2.1133988 2.2059331 1.9354027 1.9514175 1.8697036 1.7492679 1.1624339 2.0074136 1.0522244 0.9023132 0.0000000 1.0172600 1.5704596 1.2090811 1.2314708 2.1618021 1.1530702 2.0679301 
taxon_24   1.2652794 2.0310377 1.1951734 1.2376949 2.0191326 2.2691275 1.9354027 2.1618021 1.2171457 1.1643207 1.1912459 1.2335398 2.2135473 1.9845110 1.8794445 2.0310377 2.1762261 1.6636830 1.0110746 1.6563658 0.8595925 0.7378920 1.0172600 0.0000000 0.8360556 1.2376949 1.1932075 1.9901715 1.2151214 2.0935738 
taxon_25   2.0679301 1.2131026 1.9043637 2.1476513 1.1530702 1.2397812 1.1991208 1.2070784 2.0935738 2.1909325 2.3751871 2.2448019 1.2151214 1.2545496 1.1991208 1.1932075 1.2356145 1.0282096 1.5835604 1.0770337 1.3972805 1.0522244 1.5704596 0.8360556 0.0000000 2.2528233 2.0492572 1.2439711 2.2290118 1.1530702 
taxon_26   1.1932075 1.8273731 1.2503003 1.1892909 2.0310377 1.8048489 2.0191326 1.8794445 1.1932075 1.1493575 1.1951734 1.2110891 2.0132503 1.8993132 1.9788929 2.1001241 1.7829815 2.2135473 1.2212107 2.0935738 1.2335398 1.1932075 1.2090811 1.2376949 2.2528233 0.0000000 0.6013292 0.8263626 1.1365054 1.0854893 
taxon_27   1.2011023 1.8993132 1.2524219 1.2460749 2.0431347 1.9197226 1.9514175 1.8893131 1.2314708 1.2335398 1.2335398 1.2252980 2.0935738 2.1983953 2.0370618 2.1337620 1.8273731 2.1133988 1.2171457 2.1001241 1.2761649 1.2335398 1.2314708 1.1932075 2.0492572 0.6013292 0.0000000 1.0095361 1.1719157 1.3719403 
taxon_28   2.0074136 1.2566833 2.3944189 2.0370618 1.2151214 1.1493575 1.1757422 1.1795875 1.8893131 1.9460411 1.9958749 2.0935738 1.1892909 1.2171457 1.1873404 1.2294076 1.1776626 1.2294076 2.1001241 1.1738265 2.2609314 2.2135473 2.1618021 1.9901715 1.2439711 0.8263626 1.0095361 0.0000000 1.8137776 0.8851922 
taxon_29   1.1738265 2.0016221 1.2314708 1.2050811 2.0310377 2.1689795 2.1909325 2.1689795 1.2314708 1.2356145 1.1853949 1.2070784 2.1133988 2.3751871 1.9845110 2.1337620 1.9845110 2.0074136 1.2460749 2.0870803 1.2050811 1.2171457 1.1530702 1.2151214 2.2290118 1.1365054 1.1719157 1.8137776 0.0000000 1.3144041 
taxon_30   1.8458924 1.0080008 1.8794445 1.9043637 1.1475080 1.0637001 1.1795875 1.0637001 2.0132503 1.8745584 1.9622873 1.8843626 1.2356145 1.1853949 1.1132061 1.1365054 1.0441337 1.2191755 2.2290118 1.1310641 2.0806424 1.8648809 2.0679301 2.0935738 1.1530702 1.0854893 1.3719403 0.8851922 1.3144041 0.0000000 
