RF=0.893617
WRF=0.011913
