30
taxon_1    0.0000000 0.8411548 9.0000000 9.0000000 0.8219611 0.8289751 9.0000000 9.0000000 9.0000000 9.0000000 9.0000000 0.8013043 0.8380915 0.8524953 9.0000000 0.8081269 9.0000000 9.0000000 9.0000000 0.8299825 9.0000000 0.8380915 0.8789251 0.8714304 0.8340255 9.0000000 9.0000000 0.7945432 0.7993663 9.0000000 
taxon_2    0.8411548 0.0000000 1.8537453 1.4534565 0.5138842 0.6180116 1.4963253 1.1681086 9.0000000 9.0000000 9.0000000 0.7588671 0.8071484 0.8189751 9.0000000 0.8330127 9.0000000 9.0000000 9.0000000 0.8350397 9.0000000 0.8421787 0.8391112 0.8442307 0.8199691 9.0000000 9.0000000 0.8289751 0.8189751 9.0000000 
taxon_3    9.0000000 1.8537453 0.0000000 0.2867999 0.9975931 1.3998622 0.3177218 0.3106272 0.7625435 0.7552085 0.7945432 9.0000000 9.0000000 9.0000000 0.8370722 9.0000000 0.8330127 0.8100876 0.8189751 9.0000000 0.7955053 9.0000000 9.0000000 9.0000000 9.0000000 0.8169910 0.8462883 9.0000000 9.0000000 0.8209644 
taxon_4    9.0000000 1.4534565 0.2867999 0.0000000 0.7461395 1.0579403 0.1914918 0.1694439 0.7718143 0.7764930 0.7887961 9.0000000 9.0000000 9.0000000 0.8309912 9.0000000 0.8452588 0.8110699 0.8100876 9.0000000 0.8289751 9.0000000 9.0000000 9.0000000 9.0000000 0.8061712 0.8320013 9.0000000 9.0000000 0.8239584 
taxon_5    0.8219611 0.5138842 0.9975931 0.7461395 0.0000000 0.3759315 0.7213147 0.7023699 9.0000000 9.0000000 9.0000000 0.7653127 0.8120535 0.8061712 9.0000000 0.8483516 9.0000000 9.0000000 9.0000000 0.8169910 9.0000000 0.8179823 0.8130384 0.8421787 0.8229591 9.0000000 9.0000000 0.8150121 0.8279691 9.0000000 
taxon_6    0.8289751 0.6180116 1.3998622 1.0579403 0.3759315 0.0000000 0.9452604 1.0232366 9.0000000 9.0000000 9.0000000 0.7868901 0.8330127 0.8022751 9.0000000 0.8269644 9.0000000 9.0000000 9.0000000 0.8330127 9.0000000 0.8209644 0.7955053 0.8350397 0.8724965 9.0000000 9.0000000 0.7935822 0.7955053 9.0000000 
taxon_7    9.0000000 1.4963253 0.3177218 0.1914918 0.7213147 0.9452604 0.0000000 0.1727940 0.7533859 0.7625435 0.7830926 9.0000000 9.0000000 9.0000000 0.8504206 9.0000000 0.8452588 0.7964687 0.7993663 9.0000000 0.8209644 9.0000000 9.0000000 9.0000000 9.0000000 0.8051953 0.8189751 9.0000000 9.0000000 0.8189751 
taxon_8    9.0000000 1.1681086 0.3106272 0.1694439 0.7023699 1.0232366 0.1727940 0.0000000 0.7362887 0.7407503 0.7542967 4.1410953 9.0000000 9.0000000 0.8299825 9.0000000 0.8350397 0.8269644 0.8370722 9.0000000 0.8199691 9.0000000 9.0000000 9.0000000 9.0000000 0.7945432 0.8411548 9.0000000 9.0000000 0.8081269 
taxon_9    9.0000000 9.0000000 0.7625435 0.7718143 9.0000000 9.0000000 0.7533859 0.7362887 0.0000000 0.7634655 0.8140246 9.0000000 9.0000000 9.0000000 0.8130384 9.0000000 0.8309912 0.7907069 0.8091066 9.0000000 0.8239584 9.0000000 9.0000000 9.0000000 9.0000000 0.8350397 0.8309912 9.0000000 9.0000000 0.8032472 
taxon_10   9.0000000 9.0000000 0.7552085 0.7764930 9.0000000 9.0000000 0.7625435 0.7407503 0.7634655 0.0000000 0.7309695 2.6134342 9.0000000 9.0000000 0.8032472 9.0000000 0.8160009 0.8370722 0.8452588 9.0000000 0.8209644 9.0000000 9.0000000 9.0000000 9.0000000 0.8350397 0.8401323 9.0000000 9.0000000 0.8150121 
taxon_11   9.0000000 9.0000000 0.7945432 0.7887961 9.0000000 9.0000000 0.7830926 0.7542967 0.8140246 0.7309695 0.0000000 0.9595013 9.0000000 9.0000000 0.8340255 9.0000000 0.8259611 0.8360553 0.8360553 9.0000000 0.8199691 9.0000000 9.0000000 9.0000000 9.0000000 0.8110699 0.8535348 9.0000000 9.0000000 0.8279691 
taxon_12   0.8013043 0.7588671 9.0000000 9.0000000 0.7653127 0.7868901 9.0000000 4.1410953 9.0000000 2.6134342 0.9595013 0.0000000 0.7993663 0.8219611 9.0000000 0.8160009 9.0000000 9.0000000 9.0000000 0.8249591 9.0000000 0.7964687 0.7897509 0.8160009 0.8199691 9.0000000 9.0000000 0.8299825 0.8013043 9.0000000 
taxon_13   0.8380915 0.8071484 9.0000000 9.0000000 0.8120535 0.8330127 9.0000000 9.0000000 9.0000000 9.0000000 9.0000000 0.7993663 0.0000000 0.4962364 9.0000000 0.8140246 9.0000000 9.0000000 9.0000000 0.8504206 9.0000000 0.8140246 0.8042206 0.8401323 0.8179823 9.0000000 9.0000000 0.8081269 0.8071484 9.0000000 
taxon_14   0.8524953 0.8189751 9.0000000 9.0000000 0.8061712 0.8022751 9.0000000 9.0000000 9.0000000 9.0000000 9.0000000 0.8219611 0.4962364 0.0000000 9.0000000 0.7955053 9.0000000 9.0000000 9.0000000 0.8483516 9.0000000 0.8279691 0.8229591 0.7878425 0.8370722 9.0000000 9.0000000 0.8239584 0.8209644 9.0000000 
taxon_15   9.0000000 9.0000000 0.8370722 0.8309912 9.0000000 9.0000000 0.8504206 0.8299825 0.8130384 0.8032472 0.8340255 9.0000000 9.0000000 9.0000000 0.0000000 0.8179823 0.2208902 0.8289751 0.8239584 9.0000000 0.8003346 9.0000000 9.0000000 9.0000000 9.0000000 0.8061712 0.8110699 9.0000000 9.0000000 0.7859389 
taxon_16   0.8081269 0.8330127 9.0000000 9.0000000 0.8483516 0.8269644 9.0000000 9.0000000 9.0000000 9.0000000 9.0000000 0.8160009 0.8140246 0.7955053 0.8179823 0.0000000 0.5773412 9.0000000 9.0000000 0.8289751 9.0000000 0.8350397 0.8514572 0.8179823 0.8179823 9.0000000 9.0000000 0.8160009 0.8013043 9.0000000 
taxon_17   9.0000000 9.0000000 0.8330127 0.8452588 9.0000000 9.0000000 0.8452588 0.8350397 0.8309912 0.8160009 0.8259611 9.0000000 9.0000000 9.0000000 0.2208902 0.5773412 0.0000000 0.8269644 0.8199691 9.0000000 0.8229591 9.0000000 9.0000000 9.0000000 9.0000000 0.8061712 0.8320013 9.0000000 9.0000000 0.7830926 
taxon_18   9.0000000 9.0000000 0.8100876 0.8110699 9.0000000 9.0000000 0.7964687 0.8269644 0.7907069 0.8370722 0.8360553 9.0000000 9.0000000 9.0000000 0.8289751 9.0000000 0.8269644 0.0000000 0.0268065 3.0223545 0.6104510 4.9650549 2.1326161 9.0000000 9.0000000 0.8219611 0.8556181 9.0000000 9.0000000 0.8340255 
taxon_19   9.0000000 9.0000000 0.8189751 0.8100876 9.0000000 9.0000000 0.7993663 0.8370722 0.8091066 0.8452588 0.8360553 9.0000000 9.0000000 9.0000000 0.8239584 9.0000000 0.8199691 0.0268065 0.0000000 3.1442437 0.6044570 3.8653021 2.0827823 4.5819356 9.0000000 0.8219611 0.8556181 9.0000000 9.0000000 0.8360553 
taxon_20   0.8299825 0.8350397 9.0000000 9.0000000 0.8169910 0.8330127 9.0000000 9.0000000 9.0000000 9.0000000 9.0000000 0.8249591 0.8504206 0.8483516 9.0000000 0.8289751 9.0000000 3.0223545 3.1442437 0.0000000 1.2273494 0.6872179 0.5401319 0.7152347 0.7746180 9.0000000 9.0000000 0.8401323 0.8473193 9.0000000 
taxon_21   9.0000000 9.0000000 0.7955053 0.8289751 9.0000000 9.0000000 0.8209644 0.8199691 0.8239584 0.8209644 0.8199691 9.0000000 9.0000000 9.0000000 0.8003346 9.0000000 0.8229591 0.6104510 0.6044570 1.2273494 0.0000000 1.9920678 1.0648022 2.0411049 9.0000000 0.7945432 0.8022751 9.0000000 9.0000000 0.7812011 
taxon_22   0.8380915 0.8421787 9.0000000 9.0000000 0.8179823 0.8209644 9.0000000 9.0000000 9.0000000 9.0000000 9.0000000 0.7964687 0.8140246 0.8279691 9.0000000 0.8350397 9.0000000 4.9650549 3.8653021 0.6872179 1.9920678 0.0000000 0.5158710 0.7032208 0.8370722 9.0000000 9.0000000 0.8130384 0.8289751 9.0000000 
taxon_23   0.8789251 0.8391112 9.0000000 9.0000000 0.8130384 0.7955053 9.0000000 9.0000000 9.0000000 9.0000000 9.0000000 0.7897509 0.8042206 0.8229591 9.0000000 0.8514572 9.0000000 2.1326161 2.0827823 0.5401319 1.0648022 0.5158710 0.0000000 0.5644960 0.8299825 9.0000000 9.0000000 0.8524953 0.8081269 9.0000000 
taxon_24   0.8714304 0.8442307 9.0000000 9.0000000 0.8421787 0.8350397 9.0000000 9.0000000 9.0000000 9.0000000 9.0000000 0.8160009 0.8401323 0.7878425 9.0000000 0.8179823 9.0000000 9.0000000 4.5819356 0.7152347 2.0411049 0.7032208 0.5644960 0.0000000 0.8120535 9.0000000 9.0000000 0.7955053 0.7461395 3.7095725 
taxon_25   0.8340255 0.8199691 9.0000000 9.0000000 0.8229591 0.8724965 9.0000000 9.0000000 9.0000000 9.0000000 9.0000000 0.8199691 0.8179823 0.8370722 9.0000000 0.8179823 9.0000000 9.0000000 9.0000000 0.7746180 9.0000000 0.8370722 0.8299825 0.8120535 0.0000000 1.4173046 9.0000000 0.8120535 0.7336244 9.0000000 
taxon_26   9.0000000 9.0000000 0.8169910 0.8061712 9.0000000 9.0000000 0.8051953 0.7945432 0.8350397 0.8350397 0.8110699 9.0000000 9.0000000 9.0000000 0.8061712 9.0000000 0.8061712 0.8219611 0.8219611 9.0000000 0.7945432 9.0000000 9.0000000 9.0000000 1.4173046 0.0000000 0.7983992 9.0000000 9.0000000 0.7983992 
taxon_27   9.0000000 9.0000000 0.8462883 0.8320013 9.0000000 9.0000000 0.8189751 0.8411548 0.8309912 0.8401323 0.8535348 9.0000000 9.0000000 9.0000000 0.8110699 9.0000000 0.8320013 0.8556181 0.8556181 9.0000000 0.8022751 9.0000000 9.0000000 9.0000000 9.0000000 0.7983992 0.0000000 9.0000000 2.9014034 0.7524763 
taxon_28   0.7945432 0.8289751 9.0000000 9.0000000 0.8150121 0.7935822 9.0000000 9.0000000 9.0000000 9.0000000 9.0000000 0.8299825 0.8081269 0.8239584 9.0000000 0.8160009 9.0000000 9.0000000 9.0000000 0.8401323 9.0000000 0.8130384 0.8524953 0.7955053 0.8120535 9.0000000 9.0000000 0.0000000 0.6642402 3.0608244 
taxon_29   0.7993663 0.8189751 9.0000000 9.0000000 0.8279691 0.7955053 9.0000000 9.0000000 9.0000000 9.0000000 9.0000000 0.8013043 0.8071484 0.8209644 9.0000000 0.8013043 9.0000000 9.0000000 9.0000000 0.8473193 9.0000000 0.8289751 0.8081269 0.7461395 0.7336244 9.0000000 2.9014034 0.6642402 0.0000000 1.5366034 
taxon_30   9.0000000 9.0000000 0.8209644 0.8239584 9.0000000 9.0000000 0.8189751 0.8081269 0.8032472 0.8150121 0.8279691 9.0000000 9.0000000 9.0000000 0.7859389 9.0000000 0.7830926 0.8340255 0.8360553 9.0000000 0.7812011 9.0000000 9.0000000 3.7095725 9.0000000 0.7983992 0.7524763 3.0608244 1.5366034 0.0000000 
