RF=0.297872
WRF=0.051441
