RF=0.808511
WRF=0.013483
