RF=0.553191
WRF=0.037544
