RF=0.212766
WRF=0.049753
