50
taxon_1    0.0000000 0.2102265 0.2294411 0.2689361 0.2321618 0.2385487 0.2058276 0.2618136 0.2500909 0.3310783 0.3875769 0.3859021 0.3726372 0.3238568 0.3121418 0.3775841 0.3172128 0.3709955 0.3786879 0.3639226 0.3753815 0.3430953 0.4414402 0.3820089 0.4652324 0.4248125 0.4408400 0.4207125 0.3909376 0.4468641 0.4342689 0.3467912 0.4689606 0.4468641 0.4396410 0.4408400 0.4789942 0.4733338 0.4372486 0.4408400 0.4160541 0.4079709 0.4137357 0.4096957 0.4366517 0.4022500 0.3553080 0.4011111 0.4535470 0.4547685 
taxon_2    0.2102265 0.0000000 0.2213378 0.2575723 0.2271814 0.2344366 0.2036379 0.2632327 0.2454527 0.3279749 0.3853447 0.3709955 0.3748318 0.3177218 0.2996123 0.3764820 0.3096191 0.3693574 0.3759315 0.3505054 0.3748318 0.3415169 0.4420410 0.3892554 0.4621396 0.4259880 0.4444487 0.4254000 0.3999739 0.4529370 0.4313009 0.3510375 0.4714565 0.4505020 0.4324867 0.4390421 0.4702075 0.4758443 0.4408400 0.4414402 0.4224669 0.4172160 0.4160541 0.4230526 0.4366517 0.4045331 0.3585268 0.3971383 0.4474692 0.4529370 
taxon_3    0.2294411 0.2213378 0.0000000 0.2036379 0.1791160 0.1923529 0.1561912 0.2080238 0.1979742 0.2858233 0.3430953 0.3347153 0.3310783 0.2833875 0.2656039 0.3331544 0.2892469 0.3274589 0.3394175 0.3300424 0.3383700 0.3106272 0.4051050 0.3483807 0.4230526 0.3870182 0.3954421 0.3764820 0.3537037 0.3988384 0.3853447 0.3066030 0.4154738 0.3903764 0.3892554 0.3937498 0.4177976 0.4242254 0.3977046 0.4033907 0.3797933 0.3622998 0.3759315 0.3759315 0.4051050 0.3677228 0.3187408 0.3666350 0.4154738 0.4085454 
taxon_4    0.2689361 0.2575723 0.2036379 0.0000000 0.0823611 0.1919223 0.1525057 0.2119933 0.2005829 0.3207830 0.3731853 0.3748318 0.3715424 0.3172128 0.2981227 0.3715424 0.3106272 0.3558435 0.3742826 0.3542381 0.3671787 0.3347153 0.4277548 0.3803466 0.4535470 0.4207125 0.4248125 0.4039617 0.3926236 0.4313009 0.4242254 0.3357577 0.4547685 0.4336743 0.4295258 0.4342689 0.4615226 0.4559920 0.4324867 0.4420410 0.4154738 0.3994059 0.4125792 0.4177976 0.4313009 0.4005423 0.3515700 0.3977046 0.4486808 0.4566045 
taxon_5    0.2321618 0.2271814 0.1791160 0.0823611 0.0000000 0.1570127 0.1244426 0.1765808 0.1694439 0.2946585 0.3430953 0.3457334 0.3441494 0.2887568 0.2742027 0.3452050 0.2824153 0.3373240 0.3494423 0.3284912 0.3368016 0.3066030 0.4028202 0.3563794 0.4248125 0.3926236 0.4033907 0.3870182 0.3612198 0.4085454 0.3988384 0.3111317 0.4289350 0.4085454 0.3999739 0.4096957 0.4348639 0.4360553 0.4045331 0.4131572 0.3825639 0.3693574 0.3825639 0.3903764 0.4016803 0.3742826 0.3223183 0.3666350 0.4189622 0.4224669 
taxon_6    0.2385487 0.2344366 0.1923529 0.1919223 0.1570127 0.0000000 0.1287835 0.1837863 0.1736338 0.3106272 0.3585268 0.3505054 0.3574523 0.3061015 0.2848480 0.3633812 0.3040988 0.3515700 0.3596029 0.3473207 0.3537037 0.3161959 0.4079709 0.3596029 0.4324867 0.4051050 0.4091203 0.3909376 0.3731853 0.4195452 0.4016803 0.3177218 0.4402402 0.4207125 0.4189622 0.4096957 0.4492874 0.4505020 0.4073968 0.4318936 0.3999739 0.3859021 0.3948776 0.4022500 0.4108478 0.3886954 0.3336744 0.3737337 0.4254000 0.4318936 
taxon_7    0.2058276 0.2036379 0.1561912 0.1525057 0.1244426 0.1287835 0.0000000 0.1166137 0.1046381 0.2703688 0.3187408 0.3212945 0.3202720 0.2660790 0.2505563 0.3228308 0.2566330 0.3086124 0.3161959 0.3050995 0.3111317 0.2819297 0.3759315 0.3279749 0.3982712 0.3644643 0.3770329 0.3590647 0.3368016 0.3847877 0.3660918 0.2814444 0.4079709 0.3886954 0.3737337 0.3836750 0.4085454 0.4096957 0.3770329 0.3909376 0.3666350 0.3494423 0.3596029 0.3639226 0.3770329 0.3473207 0.3045990 0.3452050 0.4005423 0.3977046 
taxon_8    0.2618136 0.2632327 0.2080238 0.2119933 0.1765808 0.1837863 0.1166137 0.0000000 0.0985312 0.3279749 0.3720896 0.3693574 0.3699030 0.3238568 0.3056003 0.3731853 0.3151803 0.3666350 0.3737337 0.3633812 0.3660918 0.3399418 0.4224669 0.3742826 0.4474692 0.4166348 0.4154738 0.4073968 0.3836750 0.4248125 0.4073968 0.3295250 0.4492874 0.4336743 0.4242254 0.4248125 0.4572175 0.4627571 0.4307087 0.4378460 0.4189622 0.4051050 0.4125792 0.4212968 0.4283447 0.3994059 0.3558435 0.3914992 0.4517185 0.4402402 
taxon_9    0.2500909 0.2454527 0.1979742 0.2005829 0.1694439 0.1736338 0.1046381 0.0985312 0.0000000 0.3161959 0.3677228 0.3596029 0.3628403 0.3151803 0.2951524 0.3688121 0.3071048 0.3590647 0.3633812 0.3579894 0.3617596 0.3315968 0.4230526 0.3709955 0.4402402 0.4068232 0.4172160 0.4022500 0.3781358 0.4189622 0.4033907 0.3238568 0.4517185 0.4307087 0.4248125 0.4277548 0.4590595 0.4602900 0.4242254 0.4301170 0.4091203 0.3960071 0.3960071 0.4096957 0.4201286 0.3898157 0.3462621 0.3864600 0.4462595 0.4366517 
taxon_10   0.3310783 0.3279749 0.2858233 0.3207830 0.2946585 0.3106272 0.2703688 0.3279749 0.3161959 0.0000000 0.2390070 0.2380907 0.2838740 0.2376329 0.2222338 0.3378469 0.2872886 0.3436222 0.3336744 0.3197612 0.3462621 0.3121418 0.3948776 0.3352363 0.4212968 0.3792404 0.3864600 0.3786879 0.3526361 0.4056773 0.3914992 0.3021015 0.4301170 0.4068232 0.3937498 0.3965725 0.4348639 0.4248125 0.3931865 0.4096957 0.3842311 0.3726372 0.3775841 0.3847877 0.4079709 0.3737337 0.3192509 0.3558435 0.4108478 0.4085454 
taxon_11   0.3875769 0.3853447 0.3430953 0.3731853 0.3430953 0.3585268 0.3187408 0.3720896 0.3677228 0.2390070 0.0000000 0.2936716 0.3394175 0.2951524 0.2751642 0.3909376 0.3521028 0.3943135 0.3792404 0.3820089 0.3999739 0.3579894 0.4426422 0.3931865 0.4683380 0.4378460 0.4408400 0.4301170 0.4016803 0.4639937 0.4420410 0.3569157 0.4821575 0.4602900 0.4523275 0.4511100 0.4936568 0.4840618 0.4486808 0.4621396 0.4342689 0.4330803 0.4271654 0.4318936 0.4615226 0.4201286 0.3704491 0.4108478 0.4627571 0.4658525 
taxon_12   0.3859021 0.3709955 0.3347153 0.3748318 0.3457334 0.3505054 0.3212945 0.3693574 0.3596029 0.2380907 0.2936716 0.0000000 0.3383700 0.2926861 0.2804748 0.3948776 0.3326349 0.3775841 0.3688121 0.3764820 0.3820089 0.3521028 0.4402402 0.3920612 0.4572175 0.4259880 0.4283447 0.4224669 0.3875769 0.4402402 0.4242254 0.3436222 0.4664731 0.4462595 0.4301170 0.4277548 0.4714565 0.4658525 0.4408400 0.4541575 0.4172160 0.4073968 0.4218816 0.4301170 0.4498944 0.4108478 0.3622998 0.4062500 0.4596745 0.4596745 
taxon_13   0.3726372 0.3748318 0.3310783 0.3715424 0.3441494 0.3574523 0.3202720 0.3699030 0.3628403 0.2838740 0.3394175 0.3383700 0.0000000 0.2267303 0.2186560 0.3759315 0.3368016 0.3748318 0.3781358 0.3797933 0.3859021 0.3510375 0.4480748 0.3859021 0.4566045 0.4354593 0.4462595 0.4271654 0.3920612 0.4517185 0.4289350 0.3457334 0.4689606 0.4462595 0.4390421 0.4426422 0.4764732 0.4689606 0.4402402 0.4498944 0.4172160 0.3994059 0.4108478 0.4230526 0.4402402 0.4022500 0.3590647 0.3988384 0.4535470 0.4480748 
taxon_14   0.3238568 0.3177218 0.2833875 0.3172128 0.2887568 0.3061015 0.2660790 0.3238568 0.3151803 0.2376329 0.2951524 0.2926861 0.2267303 0.0000000 0.1042550 0.3378469 0.2751642 0.3305602 0.3321157 0.3305602 0.3336744 0.3006070 0.3988384 0.3430953 0.4254000 0.3870182 0.4011111 0.3831192 0.3537037 0.4120016 0.3988384 0.3111317 0.4324867 0.4091203 0.3898157 0.3943135 0.4301170 0.4259880 0.3971383 0.4201286 0.3737337 0.3650064 0.3709955 0.3836750 0.3948776 0.3639226 0.3187408 0.3650064 0.4143146 0.4108478 
taxon_15   0.3121418 0.2996123 0.2656039 0.2981227 0.2742027 0.2848480 0.2505563 0.3056003 0.2951524 0.2222338 0.2751642 0.2804748 0.2186560 0.1042550 0.0000000 0.3172128 0.2689361 0.3182311 0.3146730 0.3106272 0.3197612 0.2843608 0.3864600 0.3243703 0.4033907 0.3688121 0.3781358 0.3633812 0.3399418 0.3931865 0.3742826 0.2946585 0.4114245 0.3853447 0.3726372 0.3759315 0.4068232 0.4096957 0.3693574 0.3909376 0.3521028 0.3425688 0.3537037 0.3633812 0.3781358 0.3452050 0.2936716 0.3383700 0.3903764 0.3792404 
taxon_16   0.3775841 0.3764820 0.3331544 0.3715424 0.3452050 0.3633812 0.3228308 0.3731853 0.3688121 0.3378469 0.3909376 0.3948776 0.3759315 0.3378469 0.3172128 0.0000000 0.3061015 0.3666350 0.3797933 0.3601415 0.3748318 0.3368016 0.4450518 0.3709955 0.4596745 0.4271654 0.4390421 0.4201286 0.3825639 0.4372486 0.4248125 0.3341947 0.4486808 0.4336743 0.4230526 0.4271654 0.4541575 0.4578310 0.4348639 0.4480748 0.4177976 0.4068232 0.4102715 0.4195452 0.4402402 0.4028202 0.3563794 0.3994059 0.4523275 0.4438460 
taxon_17   0.3172128 0.3096191 0.2892469 0.3106272 0.2824153 0.3040988 0.2566330 0.3151803 0.3071048 0.2872886 0.3521028 0.3326349 0.3368016 0.2751642 0.2689361 0.3061015 0.0000000 0.2756454 0.2727627 0.2589834 0.2718042 0.2417626 0.3847877 0.3295250 0.4085454 0.3677228 0.3797933 0.3671787 0.3300424 0.3937498 0.3688121 0.2912102 0.4108478 0.3914992 0.3931865 0.3999739 0.4271654 0.4207125 0.3748318 0.3965725 0.3753815 0.3574523 0.3622998 0.3731853 0.3937498 0.3542381 0.3030995 0.3510375 0.4051050 0.4039617 
taxon_18   0.3709955 0.3693574 0.3274589 0.3558435 0.3373240 0.3515700 0.3086124 0.3666350 0.3590647 0.3436222 0.3943135 0.3775841 0.3748318 0.3305602 0.3182311 0.3666350 0.2756454 0.0000000 0.2102265 0.2986189 0.3021015 0.2742027 0.4342689 0.3764820 0.4553800 0.4120016 0.4277548 0.4120016 0.3809003 0.4348639 0.4224669 0.3373240 0.4639937 0.4414402 0.4313009 0.4426422 0.4789942 0.4733338 0.4318936 0.4511100 0.4236388 0.4108478 0.4079709 0.4265765 0.4426422 0.4073968 0.3558435 0.4028202 0.4517185 0.4529370 
taxon_19   0.3786879 0.3759315 0.3394175 0.3742826 0.3494423 0.3596029 0.3161959 0.3737337 0.3633812 0.3336744 0.3792404 0.3688121 0.3781358 0.3321157 0.3146730 0.3797933 0.2727627 0.2102265 0.0000000 0.2848480 0.2981227 0.2698909 0.4414402 0.3809003 0.4529370 0.4131572 0.4224669 0.4201286 0.3759315 0.4360553 0.4242254 0.3378469 0.4658525 0.4426422 0.4289350 0.4505020 0.4771027 0.4627571 0.4336743 0.4492874 0.4289350 0.4091203 0.4120016 0.4277548 0.4456554 0.4102715 0.3547728 0.4039617 0.4566045 0.4444487 
taxon_20   0.3639226 0.3505054 0.3300424 0.3542381 0.3284912 0.3473207 0.3050995 0.3633812 0.3579894 0.3197612 0.3820089 0.3764820 0.3797933 0.3305602 0.3106272 0.3601415 0.2589834 0.2986189 0.2848480 0.0000000 0.2235799 0.1971066 0.4265765 0.3699030 0.4480748 0.4079709 0.4254000 0.4011111 0.3786879 0.4360553 0.4183797 0.3331544 0.4535470 0.4330803 0.4301170 0.4438460 0.4677158 0.4664731 0.4242254 0.4438460 0.4120016 0.4033907 0.4039617 0.4230526 0.4330803 0.3971383 0.3494423 0.3977046 0.4462595 0.4444487 
taxon_21   0.3753815 0.3748318 0.3383700 0.3671787 0.3368016 0.3537037 0.3111317 0.3660918 0.3617596 0.3462621 0.3999739 0.3820089 0.3859021 0.3336744 0.3197612 0.3748318 0.2718042 0.3021015 0.2981227 0.2235799 0.0000000 0.0857169 0.4313009 0.3704491 0.4450518 0.4131572 0.4201286 0.4011111 0.3831192 0.4366517 0.4201286 0.3331544 0.4670942 0.4432438 0.4336743 0.4553800 0.4670942 0.4658525 0.4366517 0.4517185 0.4330803 0.4201286 0.4154738 0.4295258 0.4474692 0.4120016 0.3579894 0.4051050 0.4505020 0.4566045 
taxon_22   0.3430953 0.3415169 0.3106272 0.3347153 0.3066030 0.3161959 0.2819297 0.3399418 0.3315968 0.3121418 0.3579894 0.3521028 0.3510375 0.3006070 0.2843608 0.3368016 0.2417626 0.2742027 0.2698909 0.1971066 0.0857169 0.0000000 0.3971383 0.3394175 0.4120016 0.3809003 0.3931865 0.3715424 0.3553080 0.4102715 0.3881360 0.3056003 0.4307087 0.4096957 0.4033907 0.4183797 0.4342689 0.4330803 0.4045331 0.4248125 0.4005423 0.3859021 0.3792404 0.3943135 0.4166348 0.3759315 0.3264279 0.3737337 0.4212968 0.4230526 
taxon_23   0.4414402 0.4420410 0.4051050 0.4277548 0.4028202 0.4079709 0.3759315 0.4224669 0.4230526 0.3948776 0.4426422 0.4402402 0.4480748 0.3988384 0.3864600 0.4450518 0.3847877 0.4342689 0.4414402 0.4265765 0.4313009 0.3971383 0.0000000 0.1236560 0.3045990 0.2575723 0.2756454 0.2542900 0.2276328 0.2848480 0.2742027 0.1863460 0.4498944 0.4283447 0.4189622 0.4212968 0.4462595 0.4511100 0.4073968 0.4120016 0.3903764 0.3759315 0.3742826 0.3836750 0.3937498 0.3596029 0.3274589 0.3617596 0.4166348 0.4160541 
taxon_24   0.3820089 0.3892554 0.3483807 0.3803466 0.3563794 0.3596029 0.3279749 0.3742826 0.3709955 0.3352363 0.3931865 0.3920612 0.3859021 0.3430953 0.3243703 0.3709955 0.3295250 0.3764820 0.3809003 0.3699030 0.3704491 0.3394175 0.1236560 0.0000000 0.2417626 0.2023270 0.2177642 0.1988427 0.1673577 0.2226823 0.2115512 0.1268072 0.3898157 0.3682672 0.3526361 0.3558435 0.3814544 0.3864600 0.3467912 0.3639226 0.3279749 0.3111317 0.3202720 0.3357577 0.3473207 0.3121418 0.2651290 0.3030995 0.3542381 0.3537037 
taxon_25   0.4652324 0.4621396 0.4230526 0.4535470 0.4248125 0.4324867 0.3982712 0.4474692 0.4402402 0.4212968 0.4683380 0.4572175 0.4566045 0.4254000 0.4033907 0.4596745 0.4085454 0.4553800 0.4529370 0.4480748 0.4450518 0.4120016 0.3045990 0.2417626 0.0000000 0.1673577 0.2599256 0.2463780 0.2468412 0.3026003 0.2887568 0.2049510 0.4609060 0.4378460 0.4289350 0.4277548 0.4621396 0.4615226 0.4160541 0.4372486 0.4120016 0.3999739 0.3965725 0.4177976 0.4342689 0.3898157 0.3473207 0.3875769 0.4372486 0.4348639 
taxon_26   0.4248125 0.4259880 0.3870182 0.4207125 0.3926236 0.4051050 0.3644643 0.4166348 0.4068232 0.3792404 0.4378460 0.4259880 0.4354593 0.3870182 0.3688121 0.4271654 0.3677228 0.4120016 0.4131572 0.4079709 0.4131572 0.3809003 0.2575723 0.2023270 0.1673577 0.0000000 0.2280845 0.2075841 0.2045130 0.2632327 0.2477682 0.1644467 0.4259880 0.4039617 0.3988384 0.3977046 0.4295258 0.4313009 0.3937498 0.4016803 0.3644643 0.3601415 0.3628403 0.3803466 0.3988384 0.3537037 0.3101230 0.3467912 0.3982712 0.3960071 
taxon_27   0.4408400 0.4444487 0.3954421 0.4248125 0.4033907 0.4091203 0.3770329 0.4154738 0.4172160 0.3864600 0.4408400 0.4283447 0.4462595 0.4011111 0.3781358 0.4390421 0.3797933 0.4277548 0.4224669 0.4254000 0.4201286 0.3931865 0.2756454 0.2177642 0.2599256 0.2280845 0.0000000 0.2168735 0.2226823 0.2780563 0.2618136 0.1761591 0.4402402 0.4248125 0.4125792 0.4033907 0.4432438 0.4432438 0.4108478 0.4248125 0.3825639 0.3715424 0.3764820 0.3881360 0.4062500 0.3628403 0.3233436 0.3547728 0.4125792 0.4033907 
taxon_28   0.4207125 0.4254000 0.3764820 0.4039617 0.3870182 0.3909376 0.3590647 0.4073968 0.4022500 0.3786879 0.4301170 0.4224669 0.4271654 0.3831192 0.3633812 0.4201286 0.3671787 0.4120016 0.4201286 0.4011111 0.4011111 0.3715424 0.2542900 0.1988427 0.2463780 0.2075841 0.2168735 0.0000000 0.2053892 0.2603971 0.2440668 0.1590703 0.4242254 0.4028202 0.3960071 0.3994059 0.4224669 0.4295258 0.3926236 0.4056773 0.3606805 0.3526361 0.3547728 0.3639226 0.3859021 0.3467912 0.3045990 0.3409915 0.3909376 0.3943135 
taxon_29   0.3909376 0.3999739 0.3537037 0.3926236 0.3612198 0.3731853 0.3368016 0.3836750 0.3781358 0.3526361 0.4016803 0.3875769 0.3920612 0.3537037 0.3399418 0.3825639 0.3300424 0.3809003 0.3759315 0.3786879 0.3831192 0.3553080 0.2276328 0.1673577 0.2468412 0.2045130 0.2226823 0.2053892 0.0000000 0.2226823 0.2084638 0.1275971 0.3914992 0.3704491 0.3660918 0.3585268 0.3898157 0.3926236 0.3612198 0.3688121 0.3326349 0.3279749 0.3212945 0.3394175 0.3553080 0.3182311 0.2727627 0.3116366 0.3660918 0.3553080 
taxon_30   0.4468641 0.4529370 0.3988384 0.4313009 0.4085454 0.4195452 0.3847877 0.4248125 0.4189622 0.4056773 0.4639937 0.4402402 0.4517185 0.4120016 0.3931865 0.4372486 0.3937498 0.4348639 0.4360553 0.4360553 0.4366517 0.4102715 0.2848480 0.2226823 0.3026003 0.2632327 0.2780563 0.2603971 0.2226823 0.0000000 0.1500587 0.1084804 0.4511100 0.4307087 0.4183797 0.4172160 0.4492874 0.4474692 0.4212968 0.4259880 0.3870182 0.3792404 0.3859021 0.3965725 0.4183797 0.3759315 0.3336744 0.3704491 0.4230526 0.4137357 
taxon_31   0.4342689 0.4313009 0.3853447 0.4242254 0.3988384 0.4016803 0.3660918 0.4073968 0.4033907 0.3914992 0.4420410 0.4242254 0.4289350 0.3988384 0.3742826 0.4248125 0.3688121 0.4224669 0.4242254 0.4183797 0.4201286 0.3881360 0.2742027 0.2115512 0.2887568 0.2477682 0.2618136 0.2440668 0.2084638 0.1500587 0.0000000 0.0973917 0.4318936 0.4108478 0.4005423 0.3999739 0.4212968 0.4248125 0.4039617 0.4166348 0.3775841 0.3748318 0.3699030 0.3809003 0.4114245 0.3666350 0.3238568 0.3628403 0.4154738 0.4073968 
taxon_32   0.3467912 0.3510375 0.3066030 0.3357577 0.3111317 0.3177218 0.2814444 0.3295250 0.3238568 0.3021015 0.3569157 0.3436222 0.3457334 0.3111317 0.2946585 0.3341947 0.2912102 0.3373240 0.3378469 0.3331544 0.3331544 0.3056003 0.1863460 0.1268072 0.2049510 0.1644467 0.1761591 0.1590703 0.1275971 0.1084804 0.0973917 0.0000000 0.3526361 0.3326349 0.3218062 0.3187408 0.3462621 0.3478505 0.3167042 0.3295250 0.2931787 0.2867999 0.2887568 0.3006070 0.3202720 0.2804748 0.2358048 0.2751642 0.3274589 0.3223183 
taxon_33   0.4689606 0.4714565 0.4154738 0.4547685 0.4289350 0.4402402 0.4079709 0.4492874 0.4517185 0.4301170 0.4821575 0.4664731 0.4689606 0.4324867 0.4114245 0.4486808 0.4108478 0.4639937 0.4658525 0.4535470 0.4670942 0.4307087 0.4498944 0.3898157 0.4609060 0.4259880 0.4402402 0.4242254 0.3914992 0.4511100 0.4318936 0.3526361 0.0000000 0.0250814 0.2580424 0.2689361 0.2951524 0.2838740 0.3612198 0.3797933 0.3531697 0.3394175 0.3446770 0.3388936 0.3633812 0.3274589 0.2882671 0.3305602 0.3759315 0.3814544 
taxon_34   0.4468641 0.4505020 0.3903764 0.4336743 0.4085454 0.4207125 0.3886954 0.4336743 0.4307087 0.4068232 0.4602900 0.4462595 0.4462595 0.4091203 0.3853447 0.4336743 0.3914992 0.4414402 0.4426422 0.4330803 0.4432438 0.4096957 0.4283447 0.3682672 0.4378460 0.4039617 0.4248125 0.4028202 0.3704491 0.4307087 0.4108478 0.3326349 0.0250814 0.0000000 0.2376329 0.2519543 0.2761270 0.2656039 0.3394175 0.3596029 0.3336744 0.3233436 0.3223183 0.3197612 0.3467912 0.3071048 0.2684592 0.3121418 0.3547728 0.3601415 
taxon_35   0.4396410 0.4324867 0.3892554 0.4295258 0.3999739 0.4189622 0.3737337 0.4242254 0.4248125 0.3937498 0.4523275 0.4301170 0.4390421 0.3898157 0.3726372 0.4230526 0.3931865 0.4313009 0.4289350 0.4301170 0.4336743 0.4033907 0.4189622 0.3526361 0.4289350 0.3988384 0.4125792 0.3960071 0.3660918 0.4183797 0.4005423 0.3218062 0.2580424 0.2376329 0.0000000 0.2062664 0.2445285 0.2362614 0.3420427 0.3537037 0.3238568 0.3086124 0.3066030 0.3156879 0.3347153 0.2946585 0.2556949 0.2966361 0.3478505 0.3399418 
taxon_36   0.4408400 0.4390421 0.3937498 0.4342689 0.4096957 0.4096957 0.3836750 0.4248125 0.4277548 0.3965725 0.4511100 0.4277548 0.4426422 0.3943135 0.3759315 0.4271654 0.3999739 0.4426422 0.4505020 0.4438460 0.4553800 0.4183797 0.4212968 0.3558435 0.4277548 0.3977046 0.4033907 0.3994059 0.3585268 0.4172160 0.3999739 0.3187408 0.2689361 0.2519543 0.2062664 0.0000000 0.2124356 0.2067053 0.3425688 0.3655489 0.3300424 0.3212945 0.3218062 0.3279749 0.3478505 0.3106272 0.2660790 0.3086124 0.3521028 0.3569157 
taxon_37   0.4789942 0.4702075 0.4177976 0.4615226 0.4348639 0.4492874 0.4085454 0.4572175 0.4590595 0.4348639 0.4936568 0.4714565 0.4764732 0.4301170 0.4068232 0.4541575 0.4271654 0.4789942 0.4771027 0.4677158 0.4670942 0.4342689 0.4462595 0.3814544 0.4621396 0.4295258 0.4432438 0.4224669 0.3898157 0.4492874 0.4212968 0.3462621 0.2951524 0.2761270 0.2445285 0.2124356 0.0000000 0.1287835 0.3715424 0.3931865 0.3596029 0.3462621 0.3467912 0.3499737 0.3715424 0.3347153 0.2912102 0.3326349 0.3792404 0.3720896 
taxon_38   0.4733338 0.4758443 0.4242254 0.4559920 0.4360553 0.4505020 0.4096957 0.4627571 0.4602900 0.4248125 0.4840618 0.4658525 0.4689606 0.4259880 0.4096957 0.4578310 0.4207125 0.4733338 0.4627571 0.4664731 0.4658525 0.4330803 0.4511100 0.3864600 0.4615226 0.4313009 0.4432438 0.4295258 0.3926236 0.4474692 0.4248125 0.3478505 0.2838740 0.2656039 0.2362614 0.2067053 0.1287835 0.0000000 0.3644643 0.3786879 0.3558435 0.3430953 0.3368016 0.3368016 0.3558435 0.3218062 0.2819297 0.3259130 0.3737337 0.3671787 
taxon_39   0.4372486 0.4408400 0.3977046 0.4324867 0.4045331 0.4073968 0.3770329 0.4307087 0.4242254 0.3931865 0.4486808 0.4408400 0.4402402 0.3971383 0.3693574 0.4348639 0.3748318 0.4318936 0.4336743 0.4242254 0.4366517 0.4045331 0.4073968 0.3467912 0.4160541 0.3937498 0.4108478 0.3926236 0.3612198 0.4212968 0.4039617 0.3167042 0.3612198 0.3394175 0.3420427 0.3425688 0.3715424 0.3644643 0.0000000 0.2199957 0.2737224 0.2618136 0.2599256 0.2770910 0.2976268 0.2566330 0.2089041 0.2463780 0.3016030 0.3050995 
taxon_40   0.4408400 0.4414402 0.4033907 0.4420410 0.4131572 0.4318936 0.3909376 0.4378460 0.4301170 0.4096957 0.4621396 0.4541575 0.4498944 0.4201286 0.3909376 0.4480748 0.3965725 0.4511100 0.4492874 0.4438460 0.4517185 0.4248125 0.4120016 0.3639226 0.4372486 0.4016803 0.4248125 0.4056773 0.3688121 0.4259880 0.4166348 0.3295250 0.3797933 0.3596029 0.3537037 0.3655489 0.3931865 0.3786879 0.2199957 0.0000000 0.2907189 0.2780563 0.2722833 0.2833875 0.3111317 0.2637063 0.2249285 0.2632327 0.3187408 0.3192509 
taxon_41   0.4160541 0.4224669 0.3797933 0.4154738 0.3825639 0.3999739 0.3666350 0.4189622 0.4091203 0.3842311 0.4342689 0.4172160 0.4172160 0.3737337 0.3521028 0.4177976 0.3753815 0.4236388 0.4289350 0.4120016 0.4330803 0.4005423 0.3903764 0.3279749 0.4120016 0.3644643 0.3825639 0.3606805 0.3326349 0.3870182 0.3775841 0.2931787 0.3531697 0.3336744 0.3238568 0.3300424 0.3596029 0.3558435 0.2737224 0.2907189 0.0000000 0.0720162 0.2067053 0.2168735 0.2408430 0.2023270 0.1607205 0.2001474 0.2510220 0.2524208 
taxon_42   0.4079709 0.4172160 0.3622998 0.3994059 0.3693574 0.3859021 0.3494423 0.4051050 0.3960071 0.3726372 0.4330803 0.4073968 0.3994059 0.3650064 0.3425688 0.4068232 0.3574523 0.4108478 0.4091203 0.4033907 0.4201286 0.3859021 0.3759315 0.3111317 0.3999739 0.3601415 0.3715424 0.3526361 0.3279749 0.3792404 0.3748318 0.2867999 0.3394175 0.3233436 0.3086124 0.3212945 0.3462621 0.3430953 0.2618136 0.2780563 0.0720162 0.0000000 0.1949421 0.2053892 0.2262794 0.1850651 0.1472139 0.1867735 0.2436054 0.2426835 
taxon_43   0.4137357 0.4160541 0.3759315 0.4125792 0.3825639 0.3948776 0.3596029 0.4125792 0.3960071 0.3775841 0.4271654 0.4218816 0.4108478 0.3709955 0.3537037 0.4102715 0.3622998 0.4079709 0.4120016 0.4039617 0.4154738 0.3792404 0.3742826 0.3202720 0.3965725 0.3628403 0.3764820 0.3547728 0.3212945 0.3859021 0.3699030 0.2887568 0.3446770 0.3223183 0.3066030 0.3218062 0.3467912 0.3368016 0.2599256 0.2722833 0.2067053 0.1949421 0.0000000 0.1193445 0.1407519 0.1034893 0.1050215 0.1451886 0.1997123 0.1984083 
taxon_44   0.4096957 0.4230526 0.3759315 0.4177976 0.3903764 0.4022500 0.3639226 0.4212968 0.4096957 0.3847877 0.4318936 0.4301170 0.4230526 0.3836750 0.3633812 0.4195452 0.3731853 0.4265765 0.4277548 0.4230526 0.4295258 0.3943135 0.3836750 0.3357577 0.4177976 0.3803466 0.3881360 0.3639226 0.3394175 0.3965725 0.3809003 0.3006070 0.3388936 0.3197612 0.3156879 0.3279749 0.3499737 0.3368016 0.2770910 0.2833875 0.2168735 0.2053892 0.1193445 0.0000000 0.1347438 0.0939835 0.1162244 0.1570127 0.2049510 0.2106678 
taxon_45   0.4366517 0.4366517 0.4051050 0.4313009 0.4016803 0.4108478 0.3770329 0.4283447 0.4201286 0.4079709 0.4615226 0.4498944 0.4402402 0.3948776 0.3781358 0.4402402 0.3937498 0.4426422 0.4456554 0.4330803 0.4474692 0.4166348 0.3937498 0.3473207 0.4342689 0.3988384 0.4062500 0.3859021 0.3553080 0.4183797 0.4114245 0.3202720 0.3633812 0.3467912 0.3347153 0.3478505 0.3715424 0.3558435 0.2976268 0.3111317 0.2408430 0.2262794 0.1407519 0.1347438 0.0000000 0.0779101 0.1387438 0.1795394 0.2326162 0.2344366 
taxon_46   0.4022500 0.4045331 0.3677228 0.4005423 0.3742826 0.3886954 0.3473207 0.3994059 0.3898157 0.3737337 0.4201286 0.4108478 0.4022500 0.3639226 0.3452050 0.4028202 0.3542381 0.4073968 0.4102715 0.3971383 0.4120016 0.3759315 0.3596029 0.3121418 0.3898157 0.3537037 0.3628403 0.3467912 0.3182311 0.3759315 0.3666350 0.2804748 0.3274589 0.3071048 0.2946585 0.3106272 0.3347153 0.3218062 0.2566330 0.2637063 0.2023270 0.1850651 0.1034893 0.0939835 0.0779101 0.0000000 0.0981512 0.1403498 0.1902021 0.1914918 
taxon_47   0.3553080 0.3585268 0.3187408 0.3515700 0.3223183 0.3336744 0.3045990 0.3558435 0.3462621 0.3192509 0.3704491 0.3622998 0.3590647 0.3187408 0.2936716 0.3563794 0.3030995 0.3558435 0.3547728 0.3494423 0.3579894 0.3264279 0.3274589 0.2651290 0.3473207 0.3101230 0.3233436 0.3045990 0.2727627 0.3336744 0.3238568 0.2358048 0.2882671 0.2684592 0.2556949 0.2660790 0.2912102 0.2819297 0.2089041 0.2249285 0.1607205 0.1472139 0.1050215 0.1162244 0.1387438 0.0981512 0.0000000 0.0610883 0.1115684 0.1092512 
taxon_48   0.4011111 0.3971383 0.3666350 0.3977046 0.3666350 0.3737337 0.3452050 0.3914992 0.3864600 0.3558435 0.4108478 0.4062500 0.3988384 0.3650064 0.3383700 0.3994059 0.3510375 0.4028202 0.4039617 0.3977046 0.4051050 0.3737337 0.3617596 0.3030995 0.3875769 0.3467912 0.3547728 0.3409915 0.3116366 0.3704491 0.3628403 0.2751642 0.3305602 0.3121418 0.2966361 0.3086124 0.3326349 0.3259130 0.2463780 0.2632327 0.2001474 0.1867735 0.1451886 0.1570127 0.1795394 0.1403498 0.0610883 0.0000000 0.1268072 0.1228702 
taxon_49   0.4535470 0.4474692 0.4154738 0.4486808 0.4189622 0.4254000 0.4005423 0.4517185 0.4462595 0.4108478 0.4627571 0.4596745 0.4535470 0.4143146 0.3903764 0.4523275 0.4051050 0.4517185 0.4566045 0.4462595 0.4505020 0.4212968 0.4166348 0.3542381 0.4372486 0.3982712 0.4125792 0.3909376 0.3660918 0.4230526 0.4154738 0.3274589 0.3759315 0.3547728 0.3478505 0.3521028 0.3792404 0.3737337 0.3016030 0.3187408 0.2510220 0.2436054 0.1997123 0.2049510 0.2326162 0.1902021 0.1115684 0.1268072 0.0000000 0.1468084 
taxon_50   0.4547685 0.4529370 0.4085454 0.4566045 0.4224669 0.4318936 0.3977046 0.4402402 0.4366517 0.4085454 0.4658525 0.4596745 0.4480748 0.4108478 0.3792404 0.4438460 0.4039617 0.4529370 0.4444487 0.4444487 0.4566045 0.4230526 0.4160541 0.3537037 0.4348639 0.3960071 0.4033907 0.3943135 0.3553080 0.4137357 0.4073968 0.3223183 0.3814544 0.3601415 0.3399418 0.3569157 0.3720896 0.3671787 0.3050995 0.3192509 0.2524208 0.2426835 0.1984083 0.2106678 0.2344366 0.1914918 0.1092512 0.1228702 0.1468084 0.0000000 
