30
taxon_1    0.0000000 3.2023950 9.0000000 3.7399033 4.0995831 3.8149659 2.1758711 9.0000000 2.0310377 2.3333094 2.2907448 2.1080283 2.1497057 1.9414819 2.5619547 9.0000000 4.8162167 2.4141569 2.1080283 3.0177952 2.3443391 2.3668971 4.8162167 2.6913067 2.0762775 2.8925047 2.1758711 2.3784358 3.8983851 2.1244224 
taxon_2    3.2023950 0.0000000 0.9599690 1.0088994 0.7318105 2.6568179 9.0000000 2.2407263 9.0000000 9.0000000 9.0000000 2.1497057 3.2381161 4.0995831 2.4645960 2.6738640 2.5922619 2.7851791 3.8149659 2.8697757 9.0000000 4.5638625 2.4020598 2.3784358 9.0000000 2.3901548 3.2381161 3.6716745 2.4645960 2.8925047 
taxon_3    9.0000000 0.9599690 0.0000000 1.2022162 0.9058305 2.8262852 9.0000000 2.5922619 6.0232951 3.4478047 9.0000000 2.4389525 2.7274583 2.8262852 2.1847998 3.4009145 2.5186735 2.7654411 2.8477153 2.9159441 9.0000000 3.6091383 2.4911475 3.3567841 9.0000000 2.5922619 9.0000000 6.0232951 2.8054506 2.9651421 
taxon_4    3.7399033 1.0088994 1.2022162 0.0000000 0.7826774 2.5186735 4.2248737 2.3443391 3.2023950 9.0000000 9.0000000 2.2216170 4.0995831 9.0000000 2.4516647 2.6401505 9.0000000 2.8697757 3.6716745 3.0744259 9.0000000 9.0000000 2.5619547 3.8149659 3.2023950 2.7274583 9.0000000 2.7654411 2.5047842 9.0000000 
taxon_5    4.0995831 0.7318105 0.9058305 0.7826774 0.0000000 2.9651421 9.0000000 2.7091647 4.8162167 9.0000000 9.0000000 2.2029825 2.8262852 3.2756239 2.1847998 2.4777543 2.8697757 2.5328249 3.0455762 2.8054506 5.1993359 9.0000000 2.5047842 3.8149659 4.3753767 2.7091647 9.0000000 2.5328249 2.3443391 3.8983851 
taxon_6    3.8149659 2.6568179 2.8262852 2.5186735 2.9651421 0.0000000 2.2603353 2.1080283 1.9222500 3.2023950 2.6401505 1.4807071 9.0000000 9.0000000 2.7654411 2.4911475 2.3443391 3.4978233 9.0000000 2.7091647 9.0000000 9.0000000 2.5472484 9.0000000 4.8162167 3.1044299 3.6716745 3.4478047 2.9910067 3.7399033 
taxon_7    2.1758711 9.0000000 9.0000000 4.2248737 9.0000000 2.2603353 0.0000000 2.2603353 1.2268489 1.8107168 1.6900559 1.2343993 2.2407263 2.6738640 3.1682983 3.5514175 9.0000000 6.0232951 2.0840901 3.7399033 2.1758711 2.2122419 9.0000000 2.2907448 2.6238455 3.2381161 2.3224397 2.3443391 2.7091647 2.0165444 
taxon_8    9.0000000 2.2407263 2.5922619 2.3443391 2.7091647 2.1080283 2.2603353 0.0000000 1.2268489 2.2804707 2.0840901 1.3976578 9.0000000 3.5514175 2.3555333 2.8262852 2.3901548 2.6913067 6.0232951 2.5769552 3.4009145 3.8983851 2.2804707 3.7399033 4.5638625 2.2407263 3.0177952 9.0000000 2.3784358 2.9910067 
taxon_9    2.0310377 9.0000000 6.0232951 3.2023950 4.8162167 1.9222500 1.2268489 1.2268489 0.0000000 1.4667856 1.5622689 0.9426272 2.3668971 2.8054506 6.0232951 3.3567841 2.9910067 9.0000000 2.1080283 3.0455762 2.1583264 2.4141569 9.0000000 2.2907448 2.3011617 3.3151067 1.9746731 2.1938360 3.1044299 1.9814913 
taxon_10   2.3333094 9.0000000 3.4478047 9.0000000 9.0000000 3.2023950 1.8107168 2.2804707 1.4667856 0.0000000 1.7683027 1.2949585 2.3117252 2.4645960 9.0000000 3.7399033 2.5619547 3.6716745 2.5769552 9.0000000 2.2804707 2.5472484 9.0000000 2.2907448 2.4141569 3.3151067 2.3117252 2.2804707 3.2023950 2.1938360 
taxon_11   2.2907448 9.0000000 9.0000000 9.0000000 9.0000000 2.6401505 1.6900559 2.0840901 1.5622689 1.7683027 0.0000000 0.8210381 2.6078875 2.3011617 2.8697757 4.0995831 9.0000000 9.0000000 2.5328249 9.0000000 2.4516647 2.4141569 3.2023950 2.9401397 2.5472484 9.0000000 2.2216170 2.2407263 3.9922575 2.1411828 
taxon_12   2.1080283 2.1497057 2.4389525 2.2216170 2.2029825 1.4807071 1.2343993 1.3976578 0.9426272 1.2949585 0.8210381 0.0000000 2.5047842 2.8262852 2.0608923 3.0744259 2.1497057 2.3011617 2.2407263 2.0840901 2.9401397 2.9401397 2.2311108 2.4020598 2.7654411 2.2504667 2.3901548 2.4516647 2.3555333 2.2029825 
taxon_13   2.1497057 3.2381161 2.7274583 4.0995831 2.8262852 9.0000000 2.2407263 9.0000000 2.3668971 2.3117252 2.6078875 2.5047842 0.0000000 0.4574120 0.4138204 3.0455762 2.6401505 2.8054506 1.5429379 2.3784358 2.5328249 2.3117252 2.4020598 2.9651421 2.3117252 4.2248737 2.7274583 2.4141569 3.9922575 2.2804707 
taxon_14   1.9414819 4.0995831 2.8262852 9.0000000 3.2756239 9.0000000 2.6738640 3.5514175 2.8054506 2.4645960 2.3011617 2.8262852 0.4574120 0.0000000 0.2885298 2.6568179 2.5922619 2.1847998 1.4232466 2.5047842 2.0458165 2.0023260 2.3333094 2.3555333 2.1847998 4.3753767 2.4141569 2.7274583 2.6568179 1.8973515 
taxon_15   2.5619547 2.4645960 2.1847998 2.4516647 2.1847998 2.7654411 3.1682983 2.3555333 6.0232951 9.0000000 2.8697757 2.0608923 0.4138204 0.2885298 0.0000000 1.9159475 1.8217060 2.0094015 1.6537951 1.8556741 2.6238455 2.7851791 1.8499048 3.8149659 2.5619547 2.5047842 3.8149659 4.5638625 2.0840901 2.5922619 
taxon_16   9.0000000 2.6738640 3.4009145 2.6401505 2.4777543 2.4911475 3.5514175 2.8262852 3.3567841 3.7399033 4.0995831 3.0744259 3.0455762 2.6568179 1.9159475 0.0000000 1.8792054 2.1411828 2.1411828 2.5472484 3.4978233 3.0744259 2.0094015 3.5514175 3.2023950 2.2603353 3.8983851 9.0000000 2.0383907 2.5047842 
taxon_17   4.8162167 2.5922619 2.5186735 9.0000000 2.8697757 2.3443391 9.0000000 2.3901548 2.9910067 2.5619547 9.0000000 2.1497057 2.6401505 2.5922619 1.8217060 1.8792054 0.0000000 2.0999637 2.2029825 1.8614881 2.3555333 2.8925047 2.0608923 3.6716745 9.0000000 2.6913067 4.2248737 9.0000000 2.5047842 3.4978233 
taxon_18   2.4141569 2.7851791 2.7654411 2.8697757 2.5328249 3.4978233 6.0232951 2.6913067 9.0000000 3.6716745 9.0000000 2.3011617 2.8054506 2.1847998 2.0094015 2.1411828 2.0999637 0.0000000 1.8441796 1.6537951 2.9401397 2.5472484 1.9480036 4.8162167 9.0000000 2.4645960 9.0000000 4.3753767 2.4389525 2.6401505 
taxon_19   2.1080283 3.8149659 2.8477153 3.6716745 3.0455762 9.0000000 2.0840901 6.0232951 2.1080283 2.5769552 2.5328249 2.2407263 1.5429379 1.4232466 1.6537951 2.1411828 2.2029825 1.8441796 0.0000000 1.5391308 1.5942737 1.5130088 1.6854262 2.1411828 2.5619547 2.5619547 1.8732530 2.3117252 2.3224397 1.7330613 
taxon_20   3.0177952 2.8697757 2.9159441 3.0744259 2.8054506 2.7091647 3.7399033 2.5769552 3.0455762 9.0000000 9.0000000 2.0840901 2.3784358 2.5047842 1.8556741 2.5472484 1.8614881 1.6537951 1.5391308 0.0000000 1.8441796 1.9159475 1.6024930 5.1993359 9.0000000 2.1938360 2.4777543 4.0995831 2.1327558 2.2907448 
taxon_21   2.3443391 9.0000000 9.0000000 9.0000000 5.1993359 9.0000000 2.1758711 3.4009145 2.1583264 2.2804707 2.4516647 2.9401397 2.5328249 2.0458165 2.6238455 3.4978233 2.3555333 2.9401397 1.5942737 1.8441796 0.0000000 1.5983721 2.0094015 2.8477153 2.6401505 3.0177952 2.1244224 2.6738640 3.0744259 2.3117252 
taxon_22   2.3668971 4.5638625 3.6091383 9.0000000 9.0000000 9.0000000 2.2122419 3.8983851 2.4141569 2.5472484 2.4141569 2.9401397 2.3117252 2.0023260 2.7851791 3.0744259 2.8925047 2.5472484 1.5130088 1.9159475 1.5983721 0.0000000 0.9392065 2.6738640 2.6568179 4.3753767 2.4389525 2.3224397 2.8697757 2.0919849 
taxon_23   4.8162167 2.4020598 2.4911475 2.5619547 2.5047842 2.5472484 9.0000000 2.2804707 9.0000000 9.0000000 3.2023950 2.2311108 2.4020598 2.3333094 1.8499048 2.0094015 2.0608923 1.9480036 1.6854262 1.6024930 2.0094015 0.9392065 0.0000000 4.3753767 9.0000000 2.2407263 3.4978233 9.0000000 2.2504667 2.8262852 
taxon_24   2.6913067 2.3784358 3.3567841 3.8149659 3.8149659 9.0000000 2.2907448 3.7399033 2.2907448 2.2907448 2.9401397 2.4020598 2.9651421 2.3555333 3.8149659 3.5514175 3.6716745 4.8162167 2.1411828 5.1993359 2.8477153 2.6738640 4.3753767 0.0000000 1.8328586 4.0995831 2.6568179 2.3555333 3.6716745 2.2703354 
taxon_25   2.0762775 9.0000000 9.0000000 3.2023950 4.3753767 4.8162167 2.6238455 4.5638625 2.3011617 2.4141569 2.5472484 2.7654411 2.3117252 2.1847998 2.5619547 3.2023950 9.0000000 9.0000000 2.5619547 9.0000000 2.6401505 2.6568179 9.0000000 1.8328586 0.0000000 9.0000000 2.7274583 2.5328249 3.4978233 2.2311108 
taxon_26   2.8925047 2.3901548 2.5922619 2.7274583 2.7091647 3.1044299 3.2381161 2.2407263 3.3151067 3.3151067 9.0000000 2.2504667 4.2248737 4.3753767 2.5047842 2.2603353 2.6913067 2.4645960 2.5619547 2.1938360 3.0177952 4.3753767 2.2407263 4.0995831 9.0000000 0.0000000 0.3888320 3.3151067 1.9350163 2.4141569 
taxon_27   2.1758711 3.2381161 9.0000000 9.0000000 9.0000000 3.6716745 2.3224397 3.0177952 1.9746731 2.3117252 2.2216170 2.3901548 2.7274583 2.4141569 3.8149659 3.8983851 4.2248737 9.0000000 1.8732530 2.4777543 2.1244224 2.4389525 3.4978233 2.6568179 2.7274583 0.3888320 0.0000000 2.2122419 2.1583264 1.8328586 
taxon_28   2.3784358 3.6716745 6.0232951 2.7654411 2.5328249 3.4478047 2.3443391 9.0000000 2.1938360 2.2804707 2.2407263 2.4516647 2.4141569 2.7274583 4.5638625 9.0000000 9.0000000 4.3753767 2.3117252 4.0995831 2.6738640 2.3224397 9.0000000 2.3555333 2.5328249 3.3151067 2.2122419 0.0000000 2.6401505 1.8732530 
taxon_29   3.8983851 2.4645960 2.8054506 2.5047842 2.3443391 2.9910067 2.7091647 2.3784358 3.1044299 3.2023950 3.9922575 2.3555333 3.9922575 2.6568179 2.0840901 2.0383907 2.5047842 2.4389525 2.3224397 2.1327558 3.0744259 2.8697757 2.2504667 3.6716745 3.4978233 1.9350163 2.1583264 2.6401505 0.0000000 0.4112838 
taxon_30   2.1244224 2.8925047 2.9651421 9.0000000 3.8983851 3.7399033 2.0165444 2.9910067 1.9814913 2.1938360 2.1411828 2.2029825 2.2804707 1.8973515 2.5922619 2.5047842 3.4978233 2.6401505 1.7330613 2.2907448 2.3117252 2.0919849 2.8262852 2.2703354 2.2311108 2.4141569 1.8328586 1.8732530 0.4112838 0.0000000 
