30
taxon_1    0.0000000 1.8228138 2.2568665 1.8577039 1.9069018 2.2270612 2.2270612 1.6975233 2.7767269 3.9253341 3.8369969 2.4931773 2.8625346 2.7972761 1.9005727 1.4604333 9.0000000 2.4794154 9.0000000 9.0000000 9.0000000 9.0000000 9.0000000 9.0000000 9.0000000 3.9253341 3.0130376 4.0254827 9.0000000 2.8184042 
taxon_2    1.8228138 0.0000000 2.4931773 1.8458926 1.8757770 2.6299184 2.7767269 1.9802937 4.1410957 4.0254827 2.6299184 2.5360461 2.5071964 2.2774157 2.2368653 1.5696484 9.0000000 2.7182557 9.0000000 4.2778369 9.0000000 9.0000000 3.3600053 4.2778369 2.7182557 9.0000000 2.7372441 3.2015235 5.4849153 4.6609561 
taxon_3    2.2568665 2.4931773 0.0000000 0.8848668 0.7690214 3.9253341 2.9094249 2.2368653 9.0000000 2.8856134 3.0130376 3.1013749 4.0254827 3.3171365 2.2568665 2.0774442 9.0000000 2.9094249 3.7579765 3.6864938 4.2778369 9.0000000 3.5056223 2.8184042 9.0000000 3.4054737 3.0413429 2.9094249 9.0000000 9.0000000 
taxon_4    1.8577039 1.8458926 0.8848668 0.0000000 0.2401539 2.3895645 2.2568665 1.7523650 2.5508980 3.8369969 2.9094249 2.9857619 3.4538776 2.4267622 2.3657530 1.6028030 3.4538776 2.2985439 3.2381161 3.1666335 9.0000000 9.0000000 3.5056223 9.0000000 5.4849153 9.0000000 3.2765861 4.9650549 9.0000000 9.0000000 
taxon_5    1.9069018 1.8757770 0.7690214 0.2401539 0.0000000 2.4141569 2.1354842 1.8004241 2.6467731 3.0130376 3.0413429 2.9094249 3.1013749 2.1890784 2.0538821 1.4295365 3.5612033 2.4794154 4.0254827 2.7767269 9.0000000 4.0254827 2.7767269 4.1410957 9.0000000 4.1410957 3.3600053 9.0000000 9.0000000 9.0000000 
taxon_6    2.2270612 2.6299184 3.9253341 2.3895645 2.4141569 0.0000000 0.7859394 1.4362933 2.6640152 3.6864938 3.9253341 3.4054737 2.9594434 2.8184042 2.3426742 1.5943759 9.0000000 4.6609561 9.0000000 3.8369969 9.0000000 9.0000000 4.1410957 3.7579765 3.2765861 9.0000000 9.0000000 3.2015235 2.8856134 3.0130376 
taxon_7    2.2270612 2.7767269 2.9094249 2.2568665 2.1354842 0.7859394 0.0000000 1.3682120 2.5360461 3.7579765 3.4538776 2.8184042 2.7567257 3.4538776 2.1529268 1.3870414 2.9857619 3.0707584 3.2381161 3.9253341 3.4054737 9.0000000 9.0000000 9.0000000 9.0000000 3.7579765 3.2015235 4.9650549 3.5056223 3.2381161 
taxon_8    1.6975233 1.9802937 2.2368653 1.7523650 1.8004241 1.4362933 1.3682120 0.0000000 2.4931773 2.6997362 2.5815145 2.5071964 2.3657530 2.2173837 1.6374913 0.9458484 2.4659015 2.3775642 9.0000000 9.0000000 9.0000000 9.0000000 3.2381161 3.0413429 4.2778369 9.0000000 9.0000000 3.5612033 9.0000000 2.3775642 
taxon_9    2.7767269 4.1410957 9.0000000 2.5508980 2.6467731 2.6640152 2.5360461 2.4931773 0.0000000 3.1332946 5.4849153 3.6212353 3.4538776 9.0000000 3.0413429 2.0385754 3.4054737 2.5973046 9.0000000 4.9650549 2.8856134 2.6997362 9.0000000 4.9650549 5.4849153 4.9650549 9.0000000 3.2015235 9.0000000 9.0000000 
taxon_10   3.9253341 4.0254827 2.8856134 3.8369969 3.0130376 3.6864938 3.7579765 2.6997362 3.1332946 0.0000000 3.3600053 3.2765861 3.0130376 3.1332946 2.2774157 1.7269388 3.0707584 2.3895645 2.8184042 5.4849153 3.6212353 3.0130376 9.0000000 4.9650549 9.0000000 4.2778369 3.6864938 3.2015235 9.0000000 3.5612033 
taxon_11   3.8369969 2.6299184 3.0130376 2.9094249 3.0413429 3.9253341 3.4538776 2.5815145 5.4849153 3.3600053 0.0000000 1.0258498 0.9565121 4.6609561 1.9393744 1.9327665 3.2765861 2.6467731 9.0000000 2.8856134 9.0000000 9.0000000 3.0413429 3.1013749 2.8401449 9.0000000 2.8856134 3.1332946 9.0000000 9.0000000 
taxon_12   2.4931773 2.5360461 3.1013749 2.9857619 2.9094249 3.4054737 2.8184042 2.5071964 3.6212353 3.2765861 1.0258498 0.0000000 0.3277168 2.5508980 1.9005727 1.6975233 5.4849153 9.0000000 3.8369969 4.0254827 2.8184042 9.0000000 3.7579765 9.0000000 5.4849153 3.6864938 9.0000000 9.0000000 9.0000000 3.3600053 
taxon_13   2.8625346 2.5071964 4.0254827 3.4538776 3.1013749 2.9594434 2.7567257 2.3657530 3.4538776 3.0130376 0.9565121 0.3277168 0.0000000 2.2467992 1.9262162 1.5819103 3.4054737 4.1410957 9.0000000 3.1013749 3.2381161 9.0000000 3.3171365 4.4451945 3.1666335 9.0000000 9.0000000 3.2765861 9.0000000 3.6212353 
taxon_14   2.7972761 2.2774157 3.3171365 2.4267622 2.1890784 2.8184042 3.4538776 2.2173837 9.0000000 3.1332946 4.6609561 2.5508980 2.2467992 0.0000000 1.2508301 1.2429214 4.6609561 3.1666335 3.1666335 5.4849153 3.2765861 9.0000000 2.9857619 3.5612033 3.5056223 9.0000000 3.8369969 3.5612033 3.0130376 9.0000000 
taxon_15   1.9005727 2.2368653 2.2568665 2.3657530 2.0538821 2.3426742 2.1529268 1.6374913 3.0413429 2.2774157 1.9393744 1.9005727 1.9262162 1.2508301 0.0000000 0.7873666 9.0000000 1.8115354 2.9094249 2.7972761 4.1410957 3.4538776 2.4931773 2.8856134 9.0000000 2.7372441 2.5973046 3.9253341 3.5612033 9.0000000 
taxon_16   1.4604333 1.5696484 2.0774442 1.6028030 1.4295365 1.5943759 1.3870414 0.9458484 2.0385754 1.7269388 1.9327665 1.6975233 1.5819103 1.2429214 0.7873666 0.0000000 3.1013749 1.4604333 3.8369969 2.6816631 9.0000000 3.4054737 3.0130376 2.5360461 2.7182557 2.4794154 2.4017599 2.5508980 4.4451945 3.6864938 
taxon_17   9.0000000 9.0000000 9.0000000 3.4538776 3.5612033 9.0000000 2.9857619 2.4659015 3.4054737 3.0707584 3.2765861 5.4849153 3.4054737 4.6609561 9.0000000 3.1013749 0.0000000 1.7680450 4.6609561 9.0000000 2.7767269 4.4451945 3.7579765 2.8184042 2.8856134 2.9094249 2.5360461 4.6609561 4.0254827 2.7372441 
taxon_18   2.4794154 2.7182557 2.9094249 2.2985439 2.4794154 4.6609561 3.0707584 2.3775642 2.5973046 2.3895645 2.6467731 9.0000000 4.1410957 3.1666335 1.8115354 1.4604333 1.7680450 0.0000000 2.6299184 1.8342645 2.4267622 2.6467731 1.8697041 0.9215407 1.9262162 1.7072008 1.2020950 2.0385754 2.5660501 2.9857619 
taxon_19   9.0000000 9.0000000 3.7579765 3.2381161 4.0254827 9.0000000 3.2381161 9.0000000 9.0000000 2.8184042 9.0000000 3.8369969 9.0000000 3.1666335 2.9094249 3.8369969 4.6609561 2.6299184 0.0000000 9.0000000 3.2765861 9.0000000 5.4849153 3.4054737 4.4451945 3.4538776 3.1013749 9.0000000 2.6640152 3.2381161 
taxon_20   9.0000000 4.2778369 3.6864938 3.1666335 2.7767269 3.8369969 3.9253341 9.0000000 4.9650549 5.4849153 2.8856134 4.0254827 3.1013749 5.4849153 2.7972761 2.6816631 9.0000000 1.8342645 9.0000000 0.0000000 0.9458484 0.9673296 0.3409915 0.7802575 9.0000000 3.4054737 2.5071964 9.0000000 3.5612033 9.0000000 
taxon_21   9.0000000 9.0000000 4.2778369 9.0000000 9.0000000 9.0000000 3.4054737 9.0000000 2.8856134 3.6212353 9.0000000 2.8184042 3.2381161 3.2765861 4.1410957 9.0000000 2.7767269 2.4267622 3.2765861 0.9458484 0.0000000 1.1540016 0.9266836 1.4963253 4.6609561 9.0000000 4.9650549 4.9650549 2.4017599 9.0000000 
taxon_22   9.0000000 9.0000000 9.0000000 9.0000000 4.0254827 9.0000000 9.0000000 9.0000000 2.6997362 3.0130376 9.0000000 9.0000000 9.0000000 9.0000000 3.4538776 3.4054737 4.4451945 2.6467731 9.0000000 0.9673296 1.1540016 0.0000000 0.9655158 1.5417938 9.0000000 3.4054737 2.9857619 9.0000000 2.9594434 2.9594434 
taxon_23   9.0000000 3.3600053 3.5056223 3.5056223 2.7767269 4.1410957 9.0000000 3.2381161 9.0000000 9.0000000 3.0413429 3.7579765 3.3171365 2.9857619 2.4931773 3.0130376 3.7579765 1.8697041 5.4849153 0.3409915 0.9266836 0.9655158 0.0000000 0.8345334 3.4538776 3.2381161 2.4794154 9.0000000 3.6212353 3.0413429 
taxon_24   9.0000000 4.2778369 2.8184042 9.0000000 4.1410957 3.7579765 9.0000000 3.0413429 4.9650549 4.9650549 3.1013749 9.0000000 4.4451945 3.5612033 2.8856134 2.5360461 2.8184042 0.9215407 3.4054737 0.7802575 1.4963253 1.5417938 0.8345334 0.0000000 2.2670707 2.4931773 1.7170049 2.2879054 2.7567257 2.6816631 
taxon_25   9.0000000 2.7182557 9.0000000 5.4849153 9.0000000 3.2765861 9.0000000 4.2778369 5.4849153 9.0000000 2.8401449 5.4849153 3.1666335 3.5056223 9.0000000 2.7182557 2.8856134 1.9262162 4.4451945 9.0000000 4.6609561 9.0000000 3.4538776 2.2670707 0.0000000 1.4569368 0.9783054 2.6640152 2.6816631 9.0000000 
taxon_26   3.9253341 9.0000000 3.4054737 9.0000000 4.1410957 9.0000000 3.7579765 9.0000000 4.9650549 4.2778369 9.0000000 3.6864938 9.0000000 9.0000000 2.7372441 2.4794154 2.9094249 1.7072008 3.4538776 3.4054737 9.0000000 3.4054737 3.2381161 2.4931773 1.4569368 0.0000000 0.6897222 2.4794154 2.7972761 3.9253341 
taxon_27   3.0130376 2.7372441 3.0413429 3.2765861 3.3600053 9.0000000 3.2015235 9.0000000 9.0000000 3.6864938 2.8856134 9.0000000 9.0000000 3.8369969 2.5973046 2.4017599 2.5360461 1.2020950 3.1013749 2.5071964 4.9650549 2.9857619 2.4794154 1.7170049 0.9783054 0.6897222 0.0000000 1.6785349 2.2270612 2.6134342 
taxon_28   4.0254827 3.2015235 2.9094249 4.9650549 9.0000000 3.2015235 4.9650549 3.5612033 3.2015235 3.2015235 3.1332946 9.0000000 3.2765861 3.5612033 3.9253341 2.5508980 4.6609561 2.0385754 9.0000000 9.0000000 4.9650549 9.0000000 9.0000000 2.2879054 2.6640152 2.4794154 1.6785349 0.0000000 2.4267622 2.5973046 
taxon_29   9.0000000 5.4849153 9.0000000 9.0000000 9.0000000 2.8856134 3.5056223 9.0000000 9.0000000 9.0000000 9.0000000 9.0000000 9.0000000 3.0130376 3.5612033 4.4451945 4.0254827 2.5660501 2.6640152 3.5612033 2.4017599 2.9594434 3.6212353 2.7567257 2.6816631 2.7972761 2.2270612 2.4267622 0.0000000 1.2481846 
taxon_30   2.8184042 4.6609561 9.0000000 9.0000000 9.0000000 3.0130376 3.2381161 2.3775642 9.0000000 3.5612033 9.0000000 3.3600053 3.6212353 9.0000000 9.0000000 3.6864938 2.7372441 2.9857619 3.2381161 9.0000000 9.0000000 2.9594434 3.0413429 2.6816631 9.0000000 3.9253341 2.6134342 2.5973046 1.2481846 0.0000000 
