30
taxon_1    0.0000000 0.8785839 1.2949580 1.1262308 0.8023231 2.0237560 2.1161805 2.0533165 2.3333090 2.2703352 3.1682983 3.8983849 2.8697750 3.5514174 2.1670474 1.7683027 2.1497056 2.1758710 3.1356844 3.1044299 2.3224393 1.9883721 1.6994018 2.0919849 2.3117249 3.2381161 9.0000000 9.0000000 2.4020589 2.1758710 
taxon_2    0.8785839 0.0000000 1.1394859 0.9777213 0.7422364 1.7041188 2.2504666 2.1938360 2.6238455 2.2122418 2.3668965 2.5328249 3.6716744 9.0000000 2.0762775 1.6449973 2.0165444 2.1670474 3.0455762 2.2804705 2.5047842 1.6808250 1.6717064 2.3333090 2.1938360 9.0000000 6.0226461 2.9651421 2.3668965 2.3555328 
taxon_3    1.2949580 1.1394859 0.0000000 0.3646493 0.9959040 2.0094015 2.7274583 2.5472484 2.0023260 3.0455762 2.0533165 2.3443386 2.9159441 3.0455762 2.5047842 2.4141569 2.9159441 2.5769552 2.3011614 2.2216169 2.7091647 2.2804705 1.6994018 3.0177952 3.0177952 2.6078875 3.2381161 2.2804705 2.8925047 2.1938360 
taxon_4    1.1262308 0.9777213 0.3646493 0.0000000 0.8928852 1.7330613 2.6238455 2.4264522 1.8499048 2.9401397 2.0608923 2.1847997 3.5514174 3.4478047 2.8477149 2.2029824 2.7654410 2.2122418 2.6078875 2.3784351 2.7654410 2.2029824 1.5741112 3.4978232 3.0177952 3.3151066 3.0177952 2.3011614 3.3151066 2.1080282 
taxon_5    0.8023231 0.7422364 0.9959040 0.8928852 0.0000000 1.4396946 1.6493833 1.6406368 1.6626972 1.8161913 2.1244223 2.3224393 2.6738640 2.6568179 1.6149933 1.3144034 1.8614881 2.1583264 2.6401505 2.3901540 2.3443386 1.6277055 1.2575172 1.7892100 2.2603351 3.2023949 9.0000000 9.0000000 2.2603351 1.7786835 
taxon_6    2.0237560 1.7041188 2.0094015 1.7330613 1.4396946 0.0000000 1.8732530 2.4141569 1.6762518 2.7091647 2.4777543 2.3333090 2.1327558 1.9612198 2.0094015 1.9814913 2.2703352 2.7462092 2.3784351 2.1161805 2.4141569 1.9953166 1.5057094 2.3443386 3.0455762 2.9401397 2.7274583 2.8925047 2.9159441 2.0094015 
taxon_7    2.1161805 2.2504666 2.7274583 2.6238455 1.6493833 1.8732530 0.0000000 1.2653843 1.0183216 2.3333090 3.3567841 2.9651421 3.2756237 4.5638625 2.1497056 1.7580636 2.6568179 2.5186735 9.0000000 4.0995831 2.8477149 2.4516647 2.2122418 2.2504666 2.5047842 9.0000000 4.2248707 9.0000000 2.4645960 2.4389525 
taxon_8    2.0533165 2.1938360 2.5472484 2.4264522 1.6406368 2.4141569 1.2653843 0.0000000 0.9831299 3.1044299 9.0000000 9.0000000 3.3151066 3.5514174 1.9350163 1.9096974 2.3224393 2.4911475 3.8149659 9.0000000 2.9651421 2.2407262 2.1161805 2.3784351 2.2216169 3.8983849 9.0000000 5.1992826 2.6913067 2.6738640 
taxon_9    2.3333090 2.6238455 2.0023260 1.8499048 1.6626972 1.6762518 1.0183216 0.9831299 0.0000000 3.1044299 2.7091647 2.5922619 2.3668965 2.3555328 2.2122418 1.9883721 2.1847997 2.7091647 2.4777543 2.4645960 3.4009144 2.2504666 1.5901977 2.7274583 2.7462092 2.6078875 2.8697750 3.4009144 3.1044299 1.9222500 
taxon_10   2.2703352 2.2122418 3.0455762 2.9401397 1.8161913 2.7091647 2.3333090 3.1044299 3.1044299 0.0000000 0.8785839 0.7896348 3.6091382 2.7851790 1.6626972 1.5467645 1.9034991 2.0762775 2.3555328 2.1847997 2.1327558 1.6762518 1.3489583 1.9222500 2.5328249 3.3567841 9.0000000 4.2248707 2.4389525 2.3117249 
taxon_11   3.1682983 2.3668965 2.0533165 2.0608923 2.1244223 2.4777543 3.3567841 9.0000000 2.7091647 0.8785839 0.0000000 0.4396702 2.3333090 2.0094015 2.3011614 1.9286060 2.3784351 2.8925047 2.1670474 2.0383906 2.6568179 2.4020589 1.5701430 2.6738640 3.2756237 2.9159441 2.9910067 2.3011614 3.3567841 2.2804705 
taxon_12   3.8983849 2.5328249 2.3443386 2.1847997 2.3224393 2.3333090 2.9651421 9.0000000 2.5922619 0.7896348 0.4396702 0.0000000 2.4645960 2.2216169 2.3443386 1.8384978 2.5769552 2.6738640 2.0608923 1.9480036 2.8262850 2.1244223 1.4265075 2.4516647 2.5472484 2.6078875 3.3567841 2.3224393 3.0177952 1.9480036 
taxon_13   2.8697750 3.6716744 2.9159441 3.5514174 2.6738640 2.1327558 3.2756237 3.3151066 2.3668965 3.6091382 2.3333090 2.4645960 0.0000000 0.1956277 1.9883721 2.3784351 3.2023949 9.0000000 2.4264522 2.5328249 6.0226461 2.7654410 1.7998863 2.5619547 4.2248707 2.2504666 2.5619547 2.6401505 3.3151066 2.3011614 
taxon_14   3.5514174 9.0000000 3.0455762 3.4478047 2.6568179 1.9612198 4.5638625 3.5514174 2.3555328 2.7851790 2.0094015 2.2216169 0.1956277 0.0000000 1.8328586 2.1847997 2.7274583 3.8149659 2.3117249 2.1938360 3.0177952 2.3555328 1.6762518 2.4141569 9.0000000 2.6078875 2.8697750 2.4911475 3.0744257 2.3224393 
taxon_15   2.1670474 2.0762775 2.5047842 2.8477149 1.6149933 2.0094015 2.1497056 1.9350163 2.2122418 1.6626972 2.3011614 2.3443386 1.9883721 1.8328586 0.0000000 1.3257458 2.1161805 1.8556741 2.2603351 2.9910067 2.4264522 1.5901977 1.2471543 2.0094015 2.2907446 3.6716744 5.1992826 9.0000000 1.9883721 2.2311107 
taxon_16   1.7683027 1.6449973 2.4141569 2.2029824 1.3144034 1.9814913 1.7580636 1.9096974 1.9883721 1.5467645 1.9286060 1.8384978 2.3784351 2.1847997 1.3257458 0.0000000 1.3548755 1.5130088 1.8732530 1.8052820 1.6626972 1.0355857 0.7240851 1.6406368 2.2703352 2.8262850 4.5638625 4.0995831 2.0458164 1.9034991 
taxon_17   2.1497056 2.0165444 2.9159441 2.7654410 1.8614881 2.2703352 2.6568179 2.3224393 2.1847997 1.9034991 2.3784351 2.5769552 3.2023949 2.7274583 2.1161805 1.3548755 0.0000000 1.4199998 1.5901977 1.4877660 1.5057094 0.8080320 1.1439569 2.2407262 2.6568179 9.0000000 9.0000000 9.0000000 2.5619547 3.8149659 
taxon_18   2.1758710 2.1670474 2.5769552 2.2122418 2.1583264 2.7462092 2.5186735 2.4911475 2.7091647 2.0762775 2.8925047 2.6738640 9.0000000 3.8149659 1.8556741 1.5130088 1.4199998 0.0000000 1.5166852 1.4772024 1.8912539 1.1973850 1.5166852 2.2122418 2.5619547 9.0000000 6.0226461 9.0000000 2.7274583 2.9910067 
taxon_19   3.1356844 3.0455762 2.3011614 2.6078875 2.6401505 2.3784351 9.0000000 3.8149659 2.4777543 2.3555328 2.1670474 2.0608923 2.4264522 2.3117249 2.2603351 1.8732530 1.5901977 1.5166852 0.0000000 1.0940831 2.0094015 1.2813707 1.3698759 2.9910067 9.0000000 2.7274583 2.8477149 2.8054504 9.0000000 2.6568179 
taxon_20   3.1044299 2.2804705 2.2216169 2.3784351 2.3901540 2.1161805 4.0995831 9.0000000 2.4645960 2.1847997 2.0383906 1.9480036 2.5328249 2.1938360 2.9910067 1.8052820 1.4877660 1.4772024 1.0940831 0.0000000 2.0458164 1.2867761 1.3882826 2.7851790 3.1682983 2.9651421 2.9159441 2.5186735 3.4478047 2.5328249 
taxon_21   2.3224393 2.5047842 2.7091647 2.7654410 2.3443386 2.4141569 2.8477149 2.9651421 3.4009144 2.1327558 2.6568179 2.8262850 6.0226461 3.0177952 2.4264522 1.6626972 1.5057094 1.8912539 2.0094015 2.0458164 0.0000000 1.1372604 1.7232892 2.6078875 2.6401505 9.0000000 9.0000000 9.0000000 2.6738640 3.4978232 
taxon_22   1.9883721 1.6808250 2.2804705 2.2029824 1.6277055 1.9953166 2.4516647 2.2407262 2.2504666 1.6762518 2.4020589 2.1244223 2.7654410 2.3555328 1.5901977 1.0355857 0.8080320 1.1973850 1.2813707 1.2867761 1.1372604 0.0000000 0.8109028 1.9480036 2.5328249 9.0000000 9.0000000 9.0000000 2.2804705 2.6913067 
taxon_23   1.6994018 1.6717064 1.6994018 1.5741112 1.2575172 1.5057094 2.2122418 2.1161805 1.5901977 1.3489583 1.5701430 1.4265075 1.7998863 1.6762518 1.2471543 0.7240851 1.1439569 1.5166852 1.3698759 1.3882826 1.7232892 0.8109028 0.0000000 1.5240927 2.5186735 2.4516647 2.3784351 2.6913067 2.1497056 1.4984805 
taxon_24   2.0919849 2.3333090 3.0177952 3.4978232 1.7892100 2.3443386 2.2504666 2.3784351 2.7274583 1.9222500 2.6738640 2.4516647 2.5619547 2.4141569 2.0094015 1.6406368 2.2407262 2.2122418 2.9910067 2.7851790 2.6078875 1.9480036 1.5240927 0.0000000 1.7945291 3.1682983 2.8697750 2.9910067 1.8792054 1.3144034 
taxon_25   2.3117249 2.1938360 3.0177952 3.0177952 2.2603351 3.0455762 2.5047842 2.2216169 2.7462092 2.5328249 3.2756237 2.5472484 4.2248707 9.0000000 2.2907446 2.2703352 2.6568179 2.5619547 9.0000000 3.1682983 2.6401505 2.5328249 2.5186735 1.7945291 0.0000000 2.5922619 2.2122418 2.8054504 1.5467645 1.3144034 
taxon_26   3.2381161 9.0000000 2.6078875 3.3151066 3.2023949 2.9401397 9.0000000 3.8983849 2.6078875 3.3567841 2.9159441 2.6078875 2.2504666 2.6078875 3.6716744 2.8262850 9.0000000 9.0000000 2.7274583 2.9651421 9.0000000 9.0000000 2.4516647 3.1682983 2.5922619 0.0000000 1.5130088 2.2703352 1.6626972 2.0237560 
taxon_27   9.0000000 6.0226461 3.2381161 3.0177952 9.0000000 2.7274583 4.2248707 9.0000000 2.8697750 9.0000000 2.9910067 3.3567841 2.5619547 2.8697750 5.1992826 4.5638625 9.0000000 6.0226461 2.8477149 2.9159441 9.0000000 9.0000000 2.3784351 2.8697750 2.2122418 1.5130088 0.0000000 1.8912539 1.1878155 1.6192068 
taxon_28   9.0000000 2.9651421 2.2804705 2.3011614 9.0000000 2.8925047 9.0000000 5.1992826 3.4009144 4.2248707 2.3011614 2.3224393 2.6401505 2.4911475 9.0000000 4.0995831 9.0000000 9.0000000 2.8054504 2.5186735 9.0000000 9.0000000 2.6913067 2.9910067 2.8054504 2.2703352 1.8912539 0.0000000 1.5821113 1.9222500 
taxon_29   2.4020589 2.3668965 2.8925047 3.3151066 2.2603351 2.9159441 2.4645960 2.6913067 3.1044299 2.4389525 3.3567841 3.0177952 3.3151066 3.0744257 1.9883721 2.0458164 2.5619547 2.7274583 9.0000000 3.4478047 2.6738640 2.2804705 2.1497056 1.8792054 1.5467645 1.6626972 1.1878155 1.5821113 0.0000000 1.3759611 
taxon_30   2.1758710 2.3555328 2.1938360 2.1080282 1.7786835 2.0094015 2.4389525 2.6738640 1.9222500 2.3117249 2.2804705 1.9480036 2.3011614 2.3224393 2.2311107 1.9034991 3.8149659 2.9910067 2.6568179 2.5328249 3.4978232 2.6913067 1.4984805 1.3144034 1.3144034 2.0237560 1.6192068 1.9222500 1.3759611 0.0000000 
