RF=0.489362
WRF=0.042971
