6
taxon_1    0.0000000 0.0006670 0.0006670 0.0010007 0.0010007 0.0010007 
taxon_2    0.0006670 0.0000000 0.0000010 0.0003333 0.0003333 0.0003333 
taxon_3    0.0006670 0.0000010 0.0000000 0.0003333 0.0003333 0.0003333 
taxon_23   0.0010007 0.0003333 0.0003333 0.0000000 0.0006670 0.0006670 
taxon_40   0.0010007 0.0003333 0.0003333 0.0006670 0.0000000 0.0006670 
taxon_49   0.0010007 0.0003333 0.0003333 0.0006670 0.0006670 0.0000000 
