RF=0.765957
WRF=0.022841
