30
taxon_1    0.0000000 2.1670475 1.5391305 2.7274577 3.6716745 2.9401397 9.0000000 3.6091383 2.1244224 2.2122419 9.0000000 2.5186735 2.9651421 2.8262852 9.0000000 2.4020598 4.0995794 3.2756239 2.8054506 2.7274577 3.2756239 3.2756239 2.9159441 3.5514175 3.3567841 9.0000000 3.5514175 2.8925047 9.0000000 9.0000000 
taxon_2    2.1670475 0.0000000 1.0652731 2.4141569 9.0000000 2.1938360 5.1992826 9.0000000 1.9746731 2.4645960 5.1992826 2.9910067 3.0744259 2.5328248 3.1044299 2.3011617 3.8983851 3.0455762 9.0000000 2.3901548 3.9922575 2.3668971 2.6238454 2.7091642 5.1992826 3.8983851 2.3333094 2.6078873 4.3753767 3.1682982 
taxon_3    1.5391305 1.0652731 0.0000000 2.2216170 3.2381155 2.4020598 3.0744259 2.1411828 1.7232892 1.7839282 4.0995794 1.9953166 2.6078873 2.4645960 2.6401503 2.4389525 9.0000000 3.6091383 2.5619547 2.1938360 2.5619547 2.4264522 2.3668971 2.4645960 3.4978233 3.4009145 2.3011617 2.8262852 3.3567841 2.6401503 
taxon_4    2.7274577 2.4141569 2.2216170 0.0000000 1.5983716 2.0023260 2.1670475 1.6406362 2.3443390 2.2907448 5.1992826 3.3567841 4.5638625 2.3784358 5.1992826 4.2248735 4.3753767 2.9159441 9.0000000 2.4645960 9.0000000 4.2248735 2.3117252 2.9401397 9.0000000 3.4478046 2.3901548 2.8262852 2.9910067 3.0177952 
taxon_5    3.6716745 9.0000000 3.2381155 1.5983716 0.0000000 2.4777542 1.9350163 1.5983716 2.6568176 2.7851791 3.0744259 1.9953166 9.0000000 9.0000000 2.4777542 4.2248735 2.5769552 3.2023948 4.8162140 9.0000000 9.0000000 9.0000000 9.0000000 2.5472483 2.4777542 2.1670475 2.8477153 9.0000000 9.0000000 2.5328248 
taxon_6    2.9401397 2.1938360 2.4020598 2.0023260 2.4777542 0.0000000 0.4266339 1.2218572 2.1161805 2.0383907 4.5638625 4.5638625 2.4141569 2.7274577 4.8162140 2.8697757 9.0000000 3.3151067 9.0000000 2.8477153 6.0226461 2.7851791 2.5328248 9.0000000 3.6716745 9.0000000 3.3567841 2.7654401 9.0000000 3.6716745 
taxon_7    9.0000000 5.1992826 3.0744259 2.1670475 1.9350163 0.4266339 0.0000000 1.0033024 2.3333094 2.1411828 2.2703354 2.1670475 9.0000000 3.7399033 2.7091642 9.0000000 3.1356844 2.3117252 2.6238454 9.0000000 2.4516647 9.0000000 2.7851791 2.9401397 2.4645960 2.8925047 9.0000000 5.1992826 2.5186735 2.3011617 
taxon_8    3.6091383 9.0000000 2.1411828 1.6406362 1.5983716 1.2218572 1.0033024 0.0000000 1.5661952 1.5057092 2.1080283 1.5130085 9.0000000 2.5047842 2.2311108 2.4264522 2.2504667 2.0999637 2.4516647 2.6401503 2.0165444 2.6913063 2.4911475 2.1583264 3.7399033 2.3555333 4.8162140 3.4009145 2.8697757 2.0533165 
taxon_9    2.1244224 1.9746731 1.7232892 2.3443390 2.6568176 2.1161805 2.3333094 1.5661952 0.0000000 0.7164385 1.7136427 1.0051634 2.7274577 2.4389525 4.0995794 2.4020598 2.6568176 4.8162140 3.4009145 2.5047842 3.2023948 2.7274577 2.1161805 2.8477153 9.0000000 3.4009145 2.3784358 2.5186735 3.8149659 2.2122419 
taxon_10   2.2122419 2.4645960 1.7839282 2.2907448 2.7851791 2.0383907 2.1411828 1.5057092 0.7164385 0.0000000 1.5240924 0.7101253 2.6078873 2.3333094 2.8925047 2.2407263 3.0177952 3.0744259 3.1356844 2.2216170 3.1044299 2.8262852 1.9679163 2.7654401 4.8162140 2.8925047 2.0762775 2.2603353 3.7399033 2.2804707 
taxon_11   9.0000000 5.1992826 4.0995794 5.1992826 3.0744259 4.5638625 2.2703354 2.1080283 1.7136427 1.5240924 0.0000000 1.3976576 3.2756239 9.0000000 2.3011617 9.0000000 2.4911475 2.4020598 2.3443390 3.1044299 2.3901548 9.0000000 2.9401397 3.1356844 2.6238454 2.6238454 3.3151067 9.0000000 2.7091642 2.9401397 
taxon_12   2.5186735 2.9910067 1.9953166 3.3567841 1.9953166 4.5638625 2.1670475 1.5130085 1.0051634 0.7101253 1.3976576 0.0000000 9.0000000 2.9159441 2.3443390 3.4978233 2.3117252 2.7654401 2.3901548 4.2248735 2.8697757 4.5638625 2.3443390 2.0533165 2.7091642 2.2311108 2.5922618 3.1682982 2.8477153 2.1161805 
taxon_13   2.9651421 3.0744259 2.6078873 4.5638625 9.0000000 2.4141569 9.0000000 9.0000000 2.7274577 2.6078873 3.2756239 9.0000000 0.0000000 2.3443390 2.6738637 2.2804707 1.9545826 2.3443390 2.4516647 2.1080283 2.0919849 1.9034991 1.8973515 2.6913063 3.3151067 2.7851791 2.2603353 2.8925047 9.0000000 2.2504667 
taxon_14   2.8262852 2.5328248 2.4645960 2.3784358 9.0000000 2.7274577 3.7399033 2.5047842 2.4389525 2.3333094 9.0000000 2.9159441 2.3443390 0.0000000 1.3430882 2.0762775 2.0685455 2.8262852 2.5922618 2.1583264 2.4389525 2.2804707 1.8912539 3.2381155 3.0177952 2.9159441 2.3117252 3.2023948 4.0995794 2.2703354 
taxon_15   9.0000000 3.1044299 2.6401503 5.1992826 2.4777542 4.8162140 2.7091642 2.2311108 4.0995794 2.8925047 2.3011617 2.3443390 2.6738637 1.3430882 0.0000000 2.5047842 1.9414819 2.0237560 2.2029825 2.7851791 2.1758711 3.2023948 2.3117252 2.2703354 2.2603353 2.4645960 3.6716745 9.0000000 2.8054506 2.5186735 
taxon_16   2.4020598 2.3011617 2.4389525 4.2248735 4.2248735 2.8697757 9.0000000 2.4264522 2.4020598 2.2407263 9.0000000 3.4978233 2.2804707 2.0762775 2.5047842 0.0000000 1.2095214 2.5047842 2.2407263 2.5619547 2.9401397 2.2603353 1.6024925 2.5186735 2.7274577 3.2023948 2.1847998 2.5186735 4.8162140 2.0919849 
taxon_17   4.0995794 3.8983851 9.0000000 4.3753767 2.5769552 9.0000000 3.1356844 2.2504667 2.6568176 3.0177952 2.4911475 2.3117252 1.9545826 2.0685455 1.9414819 1.2095214 0.0000000 1.9096974 1.5544762 2.1327558 1.6493826 2.0094015 1.5093499 1.9746731 2.2603353 2.2311108 3.0455762 3.1044299 2.4516647 1.7088647 
taxon_18   3.2756239 3.0455762 3.6091383 2.9159441 3.2023948 3.3151067 2.3117252 2.0999637 4.8162140 3.0744259 2.4020598 2.7654401 2.3443390 2.8262852 2.0237560 2.5047842 1.9096974 0.0000000 1.0145385 1.3759619 0.9307222 2.3011617 1.9034991 2.2122419 2.6401503 2.3901548 3.1044299 9.0000000 2.4516647 1.9883721 
taxon_19   2.8054506 9.0000000 2.5619547 9.0000000 4.8162140 9.0000000 2.6238454 2.4516647 3.4009145 3.1356844 2.3443390 2.3901548 2.4516647 2.5922618 2.2029825 2.2407263 1.5544762 1.0145385 0.0000000 1.0898991 0.6914985 2.1670475 1.6234435 1.8732530 2.4264522 2.0165444 2.3443390 9.0000000 2.1938360 2.0023260 
taxon_20   2.7274577 2.3901548 2.1938360 2.4645960 9.0000000 2.8477153 9.0000000 2.6401503 2.5047842 2.2216170 3.1044299 4.2248735 2.1080283 2.1583264 2.7851791 2.5619547 2.1327558 1.3759619 1.0898991 0.0000000 0.3614831 1.8973515 1.7839282 2.4645960 9.0000000 2.2504667 1.9034991 2.4020598 4.2248735 2.2311108 
taxon_21   3.2756239 3.9922575 2.5619547 9.0000000 9.0000000 6.0226461 2.4516647 2.0165444 3.2023948 3.1044299 2.3901548 2.8697757 2.0919849 2.4389525 2.1758711 2.9401397 1.6493826 0.9307222 0.6914985 0.3614831 0.0000000 2.0310377 1.6149928 1.9480036 2.7462085 1.9159475 2.2804707 3.4978233 2.1080283 1.6493826 
taxon_22   3.2756239 2.3668971 2.4264522 4.2248735 9.0000000 2.7851791 9.0000000 2.6913063 2.7274577 2.8262852 9.0000000 4.5638625 1.9034991 2.2804707 3.2023948 2.2603353 2.0094015 2.3011617 2.1670475 1.8973515 2.0310377 0.0000000 0.8432290 2.3784358 2.2907448 6.0226461 2.4911475 2.7091642 2.7462085 1.8973515 
taxon_23   2.9159441 2.6238454 2.3668971 2.3117252 9.0000000 2.5328248 2.7851791 2.4911475 2.1161805 1.9679163 2.9401397 2.3443390 1.8973515 1.8912539 2.3117252 1.6024925 1.5093499 1.9034991 1.6234435 1.7839282 1.6149928 0.8432290 0.0000000 1.9414819 2.6738637 2.1244224 1.8161913 2.5186735 2.8697757 1.5429376 
taxon_24   3.5514175 2.7091642 2.4645960 2.9401397 2.5472483 9.0000000 2.9401397 2.1583264 2.8477153 2.7654401 3.1356844 2.0533165 2.6913063 3.2381155 2.2703354 2.5186735 1.9746731 2.2122419 1.8732530 2.4645960 1.9480036 2.3784358 1.9414819 0.0000000 1.0774850 0.8094660 0.7448657 2.3224397 1.7429624 0.8864954 
taxon_25   3.3567841 5.1992826 3.4978233 9.0000000 2.4777542 3.6716745 2.4645960 3.7399033 9.0000000 4.8162140 2.6238454 2.7091642 3.3151067 3.0177952 2.2603353 2.7274577 2.2603353 2.6401503 2.4264522 9.0000000 2.7462085 2.2907448 2.6738637 1.0774850 0.0000000 1.3729131 1.3976576 3.0744259 2.7462085 1.6192062 
taxon_26   9.0000000 3.8983851 3.4009145 3.4478046 2.1670475 9.0000000 2.8925047 2.3555333 3.4009145 2.8925047 2.6238454 2.2311108 2.7851791 2.9159441 2.4645960 3.2023948 2.2311108 2.3901548 2.0165444 2.2504667 1.9159475 6.0226461 2.1244224 0.8094660 1.3729131 0.0000000 0.1543612 2.9651421 2.1411828 1.2867766 
taxon_27   3.5514175 2.3333094 2.3011617 2.3901548 2.8477153 3.3567841 9.0000000 4.8162140 2.3784358 2.0762775 3.3151067 2.5922618 2.2603353 2.3117252 3.6716745 2.1847998 3.0455762 3.1044299 2.3443390 1.9034991 2.2804707 2.4911475 1.8161913 0.7448657 1.3976576 0.1543612 0.0000000 2.1497057 2.4645960 1.3004631 
taxon_28   2.8925047 2.6078873 2.8262852 2.8262852 9.0000000 2.7654401 5.1992826 3.4009145 2.5186735 2.2603353 9.0000000 3.1682982 2.8925047 3.2023948 9.0000000 2.5186735 3.1044299 9.0000000 9.0000000 2.4020598 3.4978233 2.7091642 2.5186735 2.3224397 3.0744259 2.9651421 2.1497057 0.0000000 3.9922575 1.4430278 
taxon_29   9.0000000 4.3753767 3.3567841 2.9910067 9.0000000 9.0000000 2.5186735 2.8697757 3.8149659 3.7399033 2.7091642 2.8477153 9.0000000 4.0995794 2.8054506 4.8162140 2.4516647 2.4516647 2.1938360 4.2248735 2.1080283 2.7462085 2.8697757 1.7429624 2.7462085 2.1411828 2.4645960 3.9922575 0.0000000 1.2420265 
taxon_30   9.0000000 3.1682982 2.6401503 3.0177952 2.5328248 3.6716745 2.3011617 2.0533165 2.2122419 2.2804707 2.9401397 2.1161805 2.2504667 2.2703354 2.5186735 2.0919849 1.7088647 1.9883721 2.0023260 2.2311108 1.6493826 1.8973515 1.5429376 0.8864954 1.6192062 1.2867766 1.3004631 1.4430278 1.2420265 0.0000000 
