30
taxon_1    0.0000000 1.8792054 2.5769552 2.7851791 3.2756239 4.5638625 2.9401397 2.6568179 4.0995831 2.3555333 2.3668971 2.4020598 2.6401505 2.5619547 2.3901548 2.3555333 2.7851791 9.0000000 2.1758711 2.3901548 3.0455762 3.5514175 9.0000000 2.7091647 2.3011617 1.9096974 1.4039736 1.2627532 4.8162167 1.3489591 
taxon_2    1.8792054 0.0000000 2.1847998 1.8973515 3.4478047 2.8477153 2.1080283 2.1938360 2.5472484 2.1583264 1.9480036 2.2311108 2.2216170 2.1497057 2.0762775 1.6900559 2.6568179 2.8054506 1.7945291 1.5166852 1.7998863 2.0919849 3.2756239 2.1327558 2.2216170 1.0774850 0.8770116 2.4911475 6.0232951 2.3668971 
taxon_3    2.5769552 2.1847998 0.0000000 1.1854423 2.7654411 2.0458165 2.2216170 2.2907448 3.1356844 2.0919849 2.0458165 2.1497057 2.2311108 2.3901548 2.4264522 1.7631657 9.0000000 2.4389525 1.9679163 1.6762518 2.0458165 2.6078875 3.1044299 2.6738640 2.2122419 2.2907448 2.3011617 9.0000000 4.0995831 9.0000000 
taxon_4    2.7851791 1.8973515 1.1854423 0.0000000 1.5391308 1.4599206 1.6108033 1.7136427 1.9350163 1.8732530 1.7529960 1.7479625 1.7232892 1.5942737 1.6994018 1.2193738 2.6238455 1.7734751 1.5861436 0.9977468 1.6582329 2.0840901 2.2703354 2.0237560 1.9746731 1.6192068 1.5781006 9.0000000 2.9401397 4.2248737 
taxon_5    3.2756239 3.4478047 2.7654411 1.5391308 0.0000000 1.5583626 1.9414819 2.5047842 2.0237560 2.5619547 2.9651421 2.5047842 2.3333094 2.6401505 2.6568179 1.9612198 3.0744259 2.4141569 2.2703354 1.5020862 1.7945291 2.3117252 2.3333094 2.8697757 4.3753767 1.9159475 1.9414819 3.0455762 2.6738640 4.0995831 
taxon_6    4.5638625 2.8477153 2.0458165 1.4599206 1.5583626 0.0000000 1.7892100 2.4264522 1.9222500 2.5472484 2.4911475 2.8697757 2.5922619 2.3668971 2.3784358 1.7945291 2.5047842 2.0310377 2.3333094 1.2840690 1.7786835 1.9883721 2.2029825 2.9159441 2.3443391 1.7088657 1.6947143 2.7654411 2.5769552 2.8054506 
taxon_7    2.9401397 2.1080283 2.2216170 1.6108033 1.9414819 1.7892100 0.0000000 1.2497321 0.9995941 1.0816003 1.0552462 1.7683027 1.6537951 1.8556741 1.8852055 1.2193738 1.9814913 1.7892100 1.8217060 0.9922321 1.4330721 1.6671883 2.2907448 2.3901548 2.6913067 1.3430883 1.4599206 2.6238455 3.9922575 2.1583264 
taxon_8    2.6568179 2.1938360 2.2907448 1.7136427 2.5047842 2.4264522 1.2497321 0.0000000 0.8477471 1.2653848 1.2894940 1.8912539 1.8973515 1.8732530 1.8384978 1.4737141 9.0000000 2.4264522 1.9883721 1.5701430 2.3901548 2.2603353 2.8477153 2.1583264 2.4645960 2.0685455 2.1411828 4.0995831 3.0177952 9.0000000 
taxon_9    4.0995831 2.5472484 3.1356844 1.9350163 2.0237560 1.9222500 0.9995941 0.8477471 0.0000000 1.3759620 1.2420265 2.1244224 2.0608923 1.9953166 1.9414819 1.5057094 2.5472484 1.8792054 2.1244224 1.2046434 1.7631657 1.8912539 2.1670475 2.5472484 3.1682983 1.6493833 1.6319912 2.8054506 2.5047842 3.2756239 
taxon_10   2.3555333 2.1583264 2.0919849 1.8732530 2.5619547 2.5472484 1.0816003 1.2653848 1.3759620 0.0000000 1.1284240 1.9746731 1.8852055 1.7734751 1.8107168 1.3976578 2.6568179 2.5619547 1.9159475 1.4807071 1.9545826 2.0840901 2.9401397 2.1497057 2.4264522 2.0762775 2.1327558 9.0000000 2.6913067 5.1993359 
taxon_11   2.3668971 1.9480036 2.0458165 1.7529960 2.9651421 2.4911475 1.0552462 1.2894940 1.2420265 1.1284240 0.0000000 1.9612198 1.8614881 1.7839282 1.7580636 1.3698768 3.2381161 2.4389525 1.7136427 1.4103431 2.1161805 2.2407263 3.4478047 2.2029825 2.1758711 1.9679163 1.9159475 5.1993359 9.0000000 9.0000000 
taxon_12   2.4020598 2.2311108 2.1497057 1.7479625 2.5047842 2.8697757 1.7683027 1.8912539 2.1244224 1.9746731 1.9612198 0.0000000 0.1267110 1.6493833 1.7136427 1.3257464 3.5514175 2.7462092 2.0094015 1.6277055 2.2029825 2.6078875 6.0232951 2.1244224 2.1847998 2.3011617 2.2311108 9.0000000 9.0000000 9.0000000 
taxon_13   2.6401505 2.2216170 2.2311108 1.7232892 2.3333094 2.5922619 1.6537951 1.8973515 2.0608923 1.8852055 1.8614881 0.1267110 0.0000000 1.6994018 1.6537951 1.2420265 3.9922575 2.5328249 1.9034991 1.5467645 2.1411828 2.4020598 3.1682983 1.9814913 2.0840901 2.2407263 2.3443391 9.0000000 9.0000000 4.3753767 
taxon_14   2.5619547 2.1497057 2.3901548 1.5942737 2.6401505 2.3668971 1.8556741 1.8732530 1.9953166 1.7734751 1.7839282 1.6493833 1.6994018 0.0000000 0.2617790 0.5757979 2.7851791 2.9910067 1.9414819 1.6363016 2.0919849 3.2023950 4.3753767 2.3784358 2.5922619 2.1411828 1.9545826 9.0000000 4.0995831 3.8149659 
taxon_15   2.3901548 2.0762775 2.4264522 1.6994018 2.6568179 2.3784358 1.8852055 1.8384978 1.9414819 1.8107168 1.7580636 1.7136427 1.6537951 0.2617790 0.0000000 0.5104080 2.8054506 2.5922619 2.1080283 1.5983721 2.0685455 2.9910067 3.8149659 2.6238455 2.4516647 2.1161805 1.9953166 9.0000000 3.2756239 4.2248737 
taxon_16   2.3555333 1.6900559 1.7631657 1.2193738 1.9612198 1.7945291 1.2193738 1.4737141 1.5057094 1.3976578 1.3698768 1.3257464 1.2420265 0.5757979 0.5104080 0.0000000 2.4911475 1.9612198 1.5203798 1.0014459 1.5203798 2.0023260 2.7851791 2.1670475 2.1080283 1.5093502 1.4948919 9.0000000 3.5514175 2.8054506 
taxon_17   2.7851791 2.6568179 9.0000000 2.6238455 3.0744259 2.5047842 1.9814913 9.0000000 2.5472484 2.6568179 3.2381161 3.5514175 3.9922575 2.7851791 2.8054506 2.4911475 0.0000000 1.2070784 2.2216170 1.3729133 1.8792054 2.2311108 2.4020598 3.6716745 2.9401397 1.9159475 1.8272616 2.6738640 3.1682983 2.4516647 
taxon_18   9.0000000 2.8054506 2.4389525 1.7734751 2.4141569 2.0310377 1.7892100 2.4264522 1.8792054 2.5619547 2.4389525 2.7462092 2.5328249 2.9910067 2.5922619 1.9612198 1.2070784 0.0000000 1.8384978 1.1372606 1.7892100 2.0237560 1.9814913 2.6738640 2.9401397 1.4363760 1.6363016 2.6738640 2.5186735 2.6913067 
taxon_19   2.1758711 1.7945291 1.9679163 1.5861436 2.2703354 2.3333094 1.8217060 1.9883721 2.1244224 1.9159475 1.7136427 2.0094015 1.9034991 1.9414819 2.1080283 1.5203798 2.2216170 1.8384978 0.0000000 0.8283624 1.8052820 2.4777543 2.9651421 2.3901548 2.1583264 1.5701430 1.5781006 3.8983851 3.8149659 4.3753767 
taxon_20   2.3901548 1.5166852 1.6762518 0.9977468 1.5020862 1.2840690 0.9922321 1.5701430 1.2046434 1.4807071 1.4103431 1.6277055 1.5467645 1.6363016 1.5983721 1.0014459 1.3729133 1.1372606 0.8283624 0.0000000 0.9240032 1.2601308 1.6319912 1.9350163 1.8499048 0.8447321 0.8691991 2.4389525 2.1327558 2.2907448 
taxon_21   3.0455762 1.7998863 2.0458165 1.6582329 1.7945291 1.7786835 1.4330721 2.3901548 1.7631657 1.9545826 2.1161805 2.2029825 2.1411828 2.0919849 2.0685455 1.5203798 1.8792054 1.7892100 1.8052820 0.9240032 0.0000000 1.4667856 2.0383907 1.9746731 2.1161805 1.1878157 1.1973852 2.9159441 2.1244224 2.0533165 
taxon_22   3.5514175 2.0919849 2.6078875 2.0840901 2.3117252 1.9883721 1.6671883 2.2603353 1.8912539 2.0840901 2.2407263 2.6078875 2.4020598 3.2023950 2.9910067 2.0023260 2.2311108 2.0237560 2.4777543 1.2601308 1.4667856 0.0000000 1.9096974 2.2603353 2.1327558 1.4396946 1.5166852 3.0455762 2.5047842 2.3443391 
taxon_23   9.0000000 3.2756239 3.1044299 2.2703354 2.3333094 2.2029825 2.2907448 2.8477153 2.1670475 2.9401397 3.4478047 6.0232951 3.1682983 4.3753767 3.8149659 2.7851791 2.4020598 1.9814913 2.9651421 1.6319912 2.0383907 1.9096974 0.0000000 1.4039736 1.3668526 1.9350163 1.7839282 2.2907448 2.7654411 2.3555333 
taxon_24   2.7091647 2.1327558 2.6738640 2.0237560 2.8697757 2.9159441 2.3901548 2.1583264 2.5472484 2.1497057 2.2029825 2.1244224 1.9814913 2.3784358 2.6238455 2.1670475 3.6716745 2.6738640 2.3901548 1.9350163 1.9746731 2.2603353 1.4039736 0.0000000 0.7001335 1.9679163 2.2907448 9.0000000 9.0000000 9.0000000 
taxon_25   2.3011617 2.2216170 2.2122419 1.9746731 4.3753767 2.3443391 2.6913067 2.4645960 3.1682983 2.4264522 2.1758711 2.1847998 2.0840901 2.5922619 2.4516647 2.1080283 2.9401397 2.9401397 2.1583264 1.8499048 2.1161805 2.1327558 1.3668526 0.7001335 0.0000000 1.8973515 1.9286060 9.0000000 4.5638625 3.8149659 
taxon_26   1.9096974 1.0774850 2.2907448 1.6192068 1.9159475 1.7088657 1.3430883 2.0685455 1.6493833 2.0762775 1.9679163 2.3011617 2.2407263 2.1411828 2.1161805 1.5093502 1.9159475 1.4363760 1.5701430 0.8447321 1.1878157 1.4396946 1.9350163 1.9679163 1.8973515 0.0000000 0.5191290 1.9612198 2.5047842 1.9545826 
taxon_27   1.4039736 0.8770116 2.3011617 1.5781006 1.9414819 1.6947143 1.4599206 2.1411828 1.6319912 2.1327558 1.9159475 2.2311108 2.3443391 1.9545826 1.9953166 1.4948919 1.8272616 1.6363016 1.5781006 0.8691991 1.1973852 1.5166852 1.7839282 2.2907448 1.9286060 0.5191290 0.0000000 1.7136427 2.5047842 1.6582329 
taxon_28   1.2627532 2.4911475 9.0000000 9.0000000 3.0455762 2.7654411 2.6238455 4.0995831 2.8054506 9.0000000 5.1993359 9.0000000 9.0000000 9.0000000 9.0000000 9.0000000 2.6738640 2.6738640 3.8983851 2.4389525 2.9159441 3.0455762 2.2907448 9.0000000 9.0000000 1.9612198 1.7136427 0.0000000 2.8477153 1.3519119 
taxon_29   4.8162167 6.0232951 4.0995831 2.9401397 2.6738640 2.5769552 3.9922575 3.0177952 2.5047842 2.6913067 9.0000000 9.0000000 9.0000000 4.0995831 3.2756239 3.5514175 3.1682983 2.5186735 3.8149659 2.1327558 2.1244224 2.5047842 2.7654411 9.0000000 4.5638625 2.5047842 2.5047842 2.8477153 0.0000000 1.4667856 
taxon_30   1.3489591 2.3668971 9.0000000 4.2248737 4.0995831 2.8054506 2.1583264 9.0000000 3.2756239 5.1993359 9.0000000 9.0000000 4.3753767 3.8149659 4.2248737 2.8054506 2.4516647 2.6913067 4.3753767 2.2907448 2.0533165 2.3443391 2.3555333 9.0000000 3.8149659 1.9545826 1.6582329 1.3519119 1.4667856 0.0000000 
