RF=0.723404
WRF=0.020642
