RF=0.234043
WRF=0.082531
