30
taxon_1    0.0000000 1.5678079 2.7354978 1.3117863 3.0845203 9.0000000 1.7690059 1.6330665 1.5284194 1.6290664 3.1422411 1.5751971 3.6927179 3.5253600 9.0000000 1.5678079 2.9340173 1.6055043 1.6914292 9.0000000 9.0000000 2.0588185 2.8482095 2.9340173 1.2686271 3.2730061 1.7453446 1.6411311 2.5508980 0.2779681 
taxon_2    1.5678079 0.0000000 1.0279947 1.0534826 9.0000000 9.0000000 1.6742856 1.6742856 1.6957771 1.7001502 9.0000000 1.7224071 9.0000000 9.0000000 9.0000000 1.9595550 9.0000000 1.8448280 1.7884875 9.0000000 9.0000000 9.0000000 9.0000000 9.0000000 1.7786835 9.0000000 1.8290379 1.7089739 9.0000000 1.5789192 
taxon_3    2.7354978 1.0279947 0.0000000 1.0190978 1.4617088 1.6828084 9.0000000 9.0000000 9.0000000 9.0000000 1.8886361 9.0000000 1.8034382 1.7453446 1.7547198 9.0000000 1.8448280 9.0000000 9.0000000 2.1176722 1.6914292 1.6658586 1.6914292 1.6957771 9.0000000 1.7134249 9.0000000 9.0000000 1.7884875 2.8282083 
taxon_4    1.3117863 1.0534826 1.0190978 0.0000000 2.3700261 3.1422411 1.4396946 1.7089739 1.7642136 1.6828084 9.0000000 1.5751971 9.0000000 9.0000000 9.0000000 1.8084887 9.0000000 1.8034382 1.7934380 9.0000000 9.0000000 9.0000000 9.0000000 9.0000000 1.5864193 9.0000000 1.7884875 1.6785349 9.0000000 1.2810652 
taxon_5    3.0845203 9.0000000 1.4617088 2.3700261 0.0000000 1.3196672 2.0042490 9.0000000 9.0000000 9.0000000 1.7500176 9.0000000 1.6957771 1.7786835 1.7500176 9.0000000 1.7001502 9.0000000 9.0000000 1.7360853 1.6330665 1.6132764 1.6658586 1.6785349 9.0000000 1.7547198 9.0000000 9.0000000 1.8084887 3.1128255 
taxon_6    9.0000000 9.0000000 1.6828084 3.1422411 1.3196672 0.0000000 1.8501661 9.0000000 9.0000000 9.0000000 1.7786835 9.0000000 1.7407007 1.7642136 2.0108570 9.0000000 1.6616803 9.0000000 9.0000000 1.8609576 1.7224071 1.7738291 1.8342644 1.7314981 9.0000000 1.7134249 9.0000000 9.0000000 1.7642136 9.0000000 
taxon_7    1.7690059 1.6742856 9.0000000 1.4396946 2.0042490 1.8501661 0.0000000 1.7835695 1.7547198 1.7835695 9.0000000 1.8774418 9.0000000 9.0000000 9.0000000 1.8999999 9.0000000 1.6451961 1.6093803 9.0000000 9.0000000 9.0000000 9.0000000 9.0000000 1.5751971 9.0000000 1.7001502 1.7045491 9.0000000 1.6492833 
taxon_8    1.6330665 1.6742856 9.0000000 1.7089739 9.0000000 9.0000000 1.7835695 0.0000000 0.9014660 1.7179026 9.0000000 1.5826599 9.0000000 9.0000000 9.0000000 1.6533929 9.0000000 1.7547198 1.8555425 9.0000000 9.0000000 9.0000000 9.0000000 9.0000000 1.6411311 9.0000000 1.5568588 1.7134249 9.0000000 1.6211299 
taxon_9    1.5284194 1.6957771 9.0000000 1.7642136 9.0000000 9.0000000 1.7547198 0.9014660 0.0000000 1.6211299 9.0000000 1.7314981 9.0000000 9.0000000 9.0000000 1.7314981 5.5562928 1.8034382 1.6914292 9.0000000 9.0000000 9.0000000 3.8294591 9.0000000 1.6957771 9.0000000 1.7547198 1.8290379 9.0000000 1.5678079 
taxon_10   1.6290664 1.7001502 9.0000000 1.6828084 9.0000000 9.0000000 1.7835695 1.7179026 1.6211299 0.0000000 2.8482095 1.5425043 9.0000000 3.4769562 9.0000000 1.5568588 5.0365284 1.6616803 1.6785349 9.0000000 9.0000000 2.9570960 3.4769562 3.0845203 1.5043899 9.0000000 1.8719067 1.7690059 9.0000000 1.6171928 
taxon_11   3.1422411 9.0000000 1.8886361 9.0000000 1.7500176 1.7786835 9.0000000 9.0000000 9.0000000 2.8482095 0.0000000 1.2612621 0.9260583 1.6132764 1.8290379 3.2730061 1.5789192 9.0000000 9.0000000 1.7835695 1.7179026 1.7224071 1.7001502 1.5604908 9.0000000 1.6914292 9.0000000 9.0000000 1.6211299 4.0969648 
taxon_12   1.5751971 1.7224071 9.0000000 1.5751971 9.0000000 9.0000000 1.8774418 1.5826599 1.7314981 1.5425043 1.2612621 0.0000000 0.3013761 5.0365284 9.0000000 1.4745846 3.9084795 1.6055043 1.6492833 9.0000000 9.0000000 9.0000000 5.5562928 9.0000000 1.6055043 9.0000000 1.7786835 1.8084887 9.0000000 1.5939951 
taxon_13   3.6927179 9.0000000 1.8034382 9.0000000 1.6957771 1.7407007 9.0000000 9.0000000 9.0000000 9.0000000 0.9260583 0.3013761 0.0000000 1.5641404 1.7690059 3.2047773 1.6616803 3.6927179 9.0000000 1.5354288 1.8774418 1.6828084 1.6093803 1.6616803 9.0000000 1.6828084 9.0000000 9.0000000 1.7453446 9.0000000 
taxon_14   3.5253600 9.0000000 1.7453446 9.0000000 1.7786835 1.7642136 9.0000000 9.0000000 9.0000000 3.4769562 1.6132764 5.0365284 1.5641404 0.0000000 1.6016483 4.3493185 1.5249391 9.0000000 9.0000000 1.8238476 1.6871064 1.5641404 1.6871064 1.6055043 3.7579765 1.6330665 9.0000000 3.5771044 1.6016483 3.8294591 
taxon_15   9.0000000 9.0000000 1.7547198 9.0000000 1.7500176 2.0108570 9.0000000 9.0000000 9.0000000 9.0000000 1.8290379 9.0000000 1.7690059 1.6016483 0.0000000 9.0000000 1.7001502 9.0000000 9.0000000 1.6785349 1.8448280 1.6492833 1.6330665 1.5641404 3.4769562 1.6871064 9.0000000 9.0000000 1.6700603 9.0000000 
taxon_16   1.5678079 1.9595550 9.0000000 1.8084887 9.0000000 9.0000000 1.8999999 1.6533929 1.7314981 1.5568588 3.2730061 1.4745846 3.2047773 4.3493185 9.0000000 0.0000000 1.4745846 1.6575251 1.8034382 9.0000000 9.0000000 9.0000000 9.0000000 4.7324387 1.6700603 5.5562928 1.7269388 1.7738291 4.5166771 1.6016483 
taxon_17   2.9340173 9.0000000 1.8448280 9.0000000 1.7001502 1.6616803 9.0000000 9.0000000 5.5562928 5.0365284 1.5789192 3.9084795 1.6616803 1.5249391 1.7001502 1.4745846 0.0000000 9.0000000 9.0000000 1.6451961 1.8342644 1.6492833 1.5425043 1.5214749 3.3886190 1.7500176 9.0000000 9.0000000 1.5714934 2.9570960 
taxon_18   1.6055043 1.8448280 9.0000000 1.8034382 9.0000000 9.0000000 1.6451961 1.7547198 1.8034382 1.6616803 9.0000000 1.6055043 3.6927179 9.0000000 9.0000000 1.6575251 9.0000000 0.0000000 1.0085590 1.4153022 9.0000000 2.6687872 9.0000000 9.0000000 1.6093803 9.0000000 1.5751971 1.7407007 9.0000000 1.6616803 
taxon_19   1.6914292 1.7884875 9.0000000 1.7934380 9.0000000 9.0000000 1.6093803 1.8555425 1.6914292 1.6785349 9.0000000 1.6492833 9.0000000 9.0000000 9.0000000 1.8034382 9.0000000 1.0085590 0.0000000 0.9612460 3.6326848 2.2985436 9.0000000 9.0000000 1.6171928 9.0000000 1.6785349 1.8238476 9.0000000 1.7594516 
taxon_20   9.0000000 9.0000000 2.1176722 9.0000000 1.7360853 1.8609576 9.0000000 9.0000000 9.0000000 9.0000000 1.7835695 9.0000000 1.5354288 1.8238476 1.6785349 9.0000000 1.6451961 1.4153022 0.9612460 0.0000000 1.5901976 1.3603644 1.6171928 1.6055043 9.0000000 1.6871064 9.0000000 9.0000000 1.6290664 9.0000000 
taxon_21   9.0000000 9.0000000 1.6914292 9.0000000 1.6330665 1.7224071 9.0000000 9.0000000 9.0000000 9.0000000 1.7179026 9.0000000 1.8774418 1.6871064 1.8448280 9.0000000 1.8342644 9.0000000 3.6326848 1.5901976 0.0000000 0.8805899 1.7407007 1.7984214 4.5166771 1.7179026 9.0000000 9.0000000 1.6575251 9.0000000 
taxon_22   2.0588185 9.0000000 1.6658586 9.0000000 1.6132764 1.7738291 9.0000000 9.0000000 9.0000000 2.9570960 1.7224071 9.0000000 1.6828084 1.5641404 1.6492833 9.0000000 1.6492833 2.6687872 2.2985436 1.3603644 0.8805899 0.0000000 1.4335218 1.3329891 1.8135735 1.5145941 9.0000000 9.0000000 1.4304543 2.1100579 
taxon_23   2.8482095 9.0000000 1.6914292 9.0000000 1.6658586 1.8342644 9.0000000 9.0000000 3.8294591 3.4769562 1.7001502 5.5562928 1.6093803 1.6871064 1.6330665 9.0000000 1.5425043 9.0000000 9.0000000 1.6171928 1.7407007 1.4335218 0.0000000 1.2070784 2.6849169 1.5077759 9.0000000 9.0000000 1.5077759 2.6223807 
taxon_24   2.9340173 9.0000000 1.6957771 9.0000000 1.6785349 1.7314981 9.0000000 9.0000000 9.0000000 3.0845203 1.5604908 9.0000000 1.6616803 1.6055043 1.5641404 4.7324387 1.5214749 9.0000000 9.0000000 1.6055043 1.7984214 1.3329891 1.2070784 0.0000000 2.5110647 1.4681191 9.0000000 9.0000000 1.3975148 2.7712189 
taxon_25   1.2686271 1.7786835 9.0000000 1.5864193 9.0000000 9.0000000 1.5751971 1.6411311 1.6957771 1.5043899 9.0000000 1.6055043 9.0000000 3.7579765 3.4769562 1.6700603 3.3886190 1.6093803 1.6171928 9.0000000 4.5166771 1.8135735 2.6849169 2.5110647 0.0000000 2.4856387 1.4976634 1.5789192 2.0803511 1.3196672 
taxon_26   3.2730061 9.0000000 1.7134249 9.0000000 1.7547198 1.7134249 9.0000000 9.0000000 9.0000000 9.0000000 1.6914292 9.0000000 1.6828084 1.6330665 1.6871064 5.5562928 1.7500176 9.0000000 9.0000000 1.6871064 1.7179026 1.5145941 1.5077759 1.4681191 2.4856387 0.0000000 1.9595550 2.0175237 0.8011284 3.4314878 
taxon_27   1.7453446 1.8290379 9.0000000 1.7884875 9.0000000 9.0000000 1.7001502 1.5568588 1.7547198 1.8719067 9.0000000 1.7786835 9.0000000 9.0000000 9.0000000 1.7269388 9.0000000 1.5751971 1.6785349 9.0000000 9.0000000 9.0000000 9.0000000 9.0000000 1.4976634 1.9595550 0.0000000 0.3425683 1.3687757 1.5604908 
taxon_28   1.6411311 1.7089739 9.0000000 1.6785349 9.0000000 9.0000000 1.7045491 1.7134249 1.8290379 1.7690059 9.0000000 1.8084887 9.0000000 3.5771044 9.0000000 1.7738291 9.0000000 1.7407007 1.8238476 9.0000000 9.0000000 9.0000000 9.0000000 9.0000000 1.5789192 2.0175237 0.3425683 0.0000000 1.3772824 1.5145941 
taxon_29   2.5508980 9.0000000 1.7884875 9.0000000 1.8084887 1.7642136 9.0000000 9.0000000 9.0000000 9.0000000 1.6211299 9.0000000 1.7453446 1.6016483 1.6700603 4.5166771 1.5714934 9.0000000 9.0000000 1.6290664 1.6575251 1.4304543 1.5077759 1.3975148 2.0803511 0.8011284 1.3687757 1.3772824 0.0000000 2.3700261 
taxon_30   0.2779681 1.5789192 2.8282083 1.2810652 3.1128255 9.0000000 1.6492833 1.6211299 1.5678079 1.6171928 4.0969648 1.5939951 9.0000000 3.8294591 9.0000000 1.6016483 2.9570960 1.6616803 1.7594516 9.0000000 9.0000000 2.1100579 2.6223807 2.7712189 1.3196672 3.4314878 1.5604908 1.5145941 2.3700261 0.0000000 
