30
taxon_1    0.0000000 0.5750415 9.0000000 9.0000000 9.0000000 9.0000000 3.2687326 0.9590223 1.1365054 9.0000000 1.1605519 1.1256619 9.0000000 9.0000000 1.1079306 9.0000000 9.0000000 1.0854893 1.1834544 1.1493577 1.1700098 9.0000000 1.1681086 1.1795884 1.1776629 9.0000000 1.2011023 9.0000000 9.0000000 9.0000000 
taxon_2    0.5750415 0.0000000 2.0806425 2.4552630 9.0000000 2.4766931 1.8745585 0.7629125 1.0018911 9.0000000 1.0250649 0.9419761 9.0000000 9.0000000 0.9547243 9.0000000 9.0000000 1.0141613 1.0604033 1.0297869 1.1026919 9.0000000 1.0425260 1.1365054 1.1383280 9.0000000 1.0940413 9.0000000 2.7646623 1.7786835 
taxon_3    9.0000000 2.0806425 0.0000000 0.6902241 0.8227602 0.7013504 0.6313514 1.2191755 9.0000000 1.0345387 9.0000000 4.4451945 1.1662123 1.0837905 9.0000000 1.1776629 1.1114434 9.0000000 9.0000000 9.0000000 9.0000000 1.0974896 9.0000000 9.0000000 9.0000000 1.1738266 9.0000000 1.1605519 1.0003713 0.8421787 
taxon_4    9.0000000 2.4552630 0.6902241 0.0000000 0.5052045 0.3517831 0.7346892 1.4590327 9.0000000 1.0888984 9.0000000 9.0000000 1.1383280 1.1061803 9.0000000 1.2524219 1.1738266 9.0000000 9.0000000 9.0000000 9.0000000 1.1662123 9.0000000 9.0000000 9.0000000 1.1912467 9.0000000 1.1220819 1.0250649 0.9335961 
taxon_5    9.0000000 9.0000000 0.8227602 0.5052045 0.0000000 0.3441494 0.8471130 1.9354027 9.0000000 1.0923231 9.0000000 9.0000000 1.1700098 1.1549339 9.0000000 1.2397812 1.1061803 9.0000000 9.0000000 9.0000000 9.0000000 1.1549339 9.0000000 9.0000000 9.0000000 1.1776629 9.0000000 1.1568019 1.1328735 1.0313675 
taxon_6    9.0000000 2.4766931 0.7013504 0.3517831 0.3441494 0.0000000 0.7209661 1.4315571 9.0000000 1.0753540 9.0000000 9.0000000 1.0992197 1.1009538 9.0000000 1.1892910 1.1114434 9.0000000 9.0000000 9.0000000 9.0000000 1.1719157 9.0000000 9.0000000 9.0000000 1.2090811 9.0000000 1.1401551 1.0172605 0.9184718 
taxon_7    3.2687326 1.8745585 0.6313514 0.7346892 0.8471130 0.7209661 0.0000000 0.5776292 9.0000000 1.0703373 9.0000000 9.0000000 1.1568019 1.1026919 9.0000000 1.1438226 1.1149729 9.0000000 9.0000000 9.0000000 9.0000000 1.0820956 9.0000000 9.0000000 9.0000000 1.1549339 9.0000000 1.1568019 0.9898184 0.8372768 
taxon_8    0.9590223 0.7629125 1.2191755 1.4590327 1.9354027 1.4315571 0.5776292 0.0000000 1.0489777 9.0000000 1.0571211 0.9958304 9.0000000 9.0000000 0.9647915 9.0000000 9.0000000 1.0489777 1.0940413 1.0888984 1.0554853 9.0000000 1.0141613 1.1493577 1.0837905 9.0000000 1.0571211 9.0000000 3.5728314 1.8553267 
taxon_9    1.1365054 1.0018911 9.0000000 9.0000000 9.0000000 9.0000000 9.0000000 1.0489777 0.0000000 1.0753540 1.1220819 1.0620499 9.0000000 9.0000000 1.0157093 9.0000000 9.0000000 1.1586745 1.1419866 1.2110891 1.1795884 9.0000000 1.1401551 1.1834544 1.1643207 9.0000000 1.1132061 9.0000000 9.0000000 9.0000000 
taxon_10   9.0000000 9.0000000 1.0345387 1.0888984 1.0923231 1.0753540 1.0703373 9.0000000 1.0753540 0.0000000 9.0000000 9.0000000 1.1310641 1.1061803 9.0000000 1.1795884 1.1256619 9.0000000 9.0000000 9.0000000 9.0000000 1.0720058 9.0000000 9.0000000 9.0000000 1.1662123 9.0000000 1.1512118 1.0361294 0.9575869 
taxon_11   1.1605519 1.0250649 9.0000000 9.0000000 9.0000000 9.0000000 9.0000000 1.0571211 1.1220819 9.0000000 0.0000000 0.6202947 9.0000000 9.0000000 1.0736780 9.0000000 9.0000000 1.1757423 1.1834544 1.1438226 1.2011023 9.0000000 1.1475081 1.1419866 1.1530705 9.0000000 1.2151214 9.0000000 9.0000000 3.6729800 
taxon_12   1.1256619 0.9419761 4.4451945 9.0000000 9.0000000 9.0000000 9.0000000 0.9958304 1.0620499 9.0000000 0.6202947 0.0000000 9.0000000 9.0000000 1.0250649 9.0000000 9.0000000 1.1149729 1.1605519 1.1256619 1.0837905 9.0000000 1.0906088 1.1624339 1.1951734 9.0000000 1.1605519 9.0000000 9.0000000 2.1406745 
taxon_13   9.0000000 9.0000000 1.1662123 1.1383280 1.1700098 1.0992197 1.1568019 9.0000000 9.0000000 1.1310641 9.0000000 9.0000000 0.0000000 0.4558696 1.2872108 1.1512118 1.1185190 9.0000000 9.0000000 9.0000000 9.0000000 1.1662123 9.0000000 9.0000000 9.0000000 1.1401551 9.0000000 1.1493577 1.1114434 1.0080011 
taxon_14   9.0000000 9.0000000 1.0837905 1.1061803 1.1549339 1.1009538 1.1026919 9.0000000 9.0000000 1.1061803 9.0000000 9.0000000 0.4558696 0.0000000 0.5130910 1.0837905 1.0720058 3.4439437 9.0000000 9.0000000 9.0000000 1.1346873 9.0000000 9.0000000 9.0000000 1.0906088 9.0000000 1.1328735 0.9447903 0.7933907 
taxon_15   1.1079306 0.9547243 9.0000000 9.0000000 9.0000000 9.0000000 9.0000000 0.9647915 1.0157093 9.0000000 1.0736780 1.0250649 1.2872108 0.5130910 0.0000000 9.0000000 9.0000000 0.8684533 1.0992197 1.0473595 1.1167438 9.0000000 1.0188149 1.1238698 1.1061803 9.0000000 1.0992197 9.0000000 2.5331106 1.5324769 
taxon_16   9.0000000 9.0000000 1.1776629 1.2524219 1.2397812 1.1892910 1.1438226 9.0000000 9.0000000 1.1795884 9.0000000 9.0000000 1.1512118 1.0837905 9.0000000 0.0000000 1.2030891 9.0000000 9.0000000 9.0000000 9.0000000 1.1096849 9.0000000 9.0000000 9.0000000 1.1662123 9.0000000 1.1438226 1.1310641 1.0234975 
taxon_17   9.0000000 9.0000000 1.1114434 1.1738266 1.1061803 1.1114434 1.1149729 9.0000000 9.0000000 1.1256619 9.0000000 9.0000000 1.1185190 1.0720058 9.0000000 1.2030891 0.0000000 3.4054737 9.0000000 9.0000000 9.0000000 1.1834544 9.0000000 9.0000000 9.0000000 1.1346873 9.0000000 1.1493577 1.0992197 0.9116967 
taxon_18   1.0854893 1.0141613 9.0000000 9.0000000 9.0000000 9.0000000 9.0000000 1.0489777 1.1586745 9.0000000 1.1757423 1.1149729 9.0000000 3.4439437 0.8684533 9.0000000 3.4054737 0.0000000 1.1365054 1.1044340 1.0854893 9.0000000 1.0172605 1.1586745 1.1643207 9.0000000 1.2011023 9.0000000 4.4451945 1.9568327 
taxon_19   1.1834544 1.0604033 9.0000000 9.0000000 9.0000000 9.0000000 9.0000000 1.0940413 1.1419866 9.0000000 1.1834544 1.1605519 9.0000000 9.0000000 1.0992197 9.0000000 9.0000000 1.1365054 0.0000000 0.9198342 1.2070784 9.0000000 1.0992197 1.1114434 1.1438226 9.0000000 1.1932075 9.0000000 9.0000000 3.1803953 
taxon_20   1.1493577 1.0297869 9.0000000 9.0000000 9.0000000 9.0000000 9.0000000 1.0888984 1.2110891 9.0000000 1.1438226 1.1256619 9.0000000 9.0000000 1.0473595 9.0000000 9.0000000 1.1044340 0.9198342 0.0000000 1.0957634 9.0000000 1.0637001 1.1256619 1.1401551 9.0000000 1.0940413 9.0000000 3.0529710 1.9197226 
taxon_21   1.1700098 1.1026919 9.0000000 9.0000000 9.0000000 9.0000000 9.0000000 1.0554853 1.1795884 9.0000000 1.2011023 1.0837905 9.0000000 9.0000000 1.1167438 9.0000000 9.0000000 1.0854893 1.2070784 1.0957634 0.0000000 1.4129061 0.4774806 1.1202983 1.0770337 9.0000000 1.0854893 9.0000000 4.0043545 2.1001241 
taxon_22   9.0000000 9.0000000 1.0974896 1.1662123 1.1549339 1.1719157 1.0820956 9.0000000 9.0000000 1.0720058 9.0000000 9.0000000 1.1662123 1.1346873 9.0000000 1.1096849 1.1834544 9.0000000 9.0000000 9.0000000 1.4129061 0.0000000 0.8191745 9.0000000 9.0000000 1.1991208 9.0000000 1.1493577 0.9883229 0.8348377 
taxon_23   1.1681086 1.0425260 9.0000000 9.0000000 9.0000000 9.0000000 9.0000000 1.0141613 1.1401551 9.0000000 1.1475081 1.0906088 9.0000000 9.0000000 1.0188149 9.0000000 9.0000000 1.0172605 1.0992197 1.0637001 0.4774806 0.8191745 0.0000000 0.9764649 0.8471130 9.0000000 1.0219334 9.0000000 2.1133988 1.3029535 
taxon_24   1.1795884 1.1365054 9.0000000 9.0000000 9.0000000 9.0000000 9.0000000 1.1493577 1.1834544 9.0000000 1.1419866 1.1624339 9.0000000 9.0000000 1.1238698 9.0000000 9.0000000 1.1586745 1.1114434 1.1256619 1.1202983 9.0000000 0.9764649 0.0000000 0.8458764 9.0000000 1.1757423 9.0000000 9.0000000 2.6888402 
taxon_25   1.1776629 1.1383280 9.0000000 9.0000000 9.0000000 9.0000000 9.0000000 1.0837905 1.1643207 9.0000000 1.1530705 1.1951734 9.0000000 9.0000000 1.1061803 9.0000000 9.0000000 1.1643207 1.1438226 1.1401551 1.0770337 9.0000000 0.8471130 0.8458764 0.0000000 9.0000000 1.0992197 9.0000000 9.0000000 2.1337620 
taxon_26   9.0000000 9.0000000 1.1738266 1.1912467 1.1776629 1.2090811 1.1549339 9.0000000 9.0000000 1.1662123 9.0000000 9.0000000 1.1401551 1.0906088 9.0000000 1.1662123 1.1346873 9.0000000 9.0000000 9.0000000 9.0000000 1.1991208 9.0000000 9.0000000 9.0000000 0.0000000 2.0492572 1.0313675 0.7074896 0.9184718 
taxon_27   1.2011023 1.0940413 9.0000000 9.0000000 9.0000000 9.0000000 9.0000000 1.0571211 1.1132061 9.0000000 1.2151214 1.1605519 9.0000000 9.0000000 1.0992197 9.0000000 9.0000000 1.2011023 1.1932075 1.0940413 1.0854893 9.0000000 1.0219334 1.1757423 1.0992197 2.0492572 0.0000000 9.0000000 1.3669733 2.1406745 
taxon_28   9.0000000 9.0000000 1.1605519 1.1220819 1.1568019 1.1401551 1.1568019 9.0000000 9.0000000 1.1512118 9.0000000 9.0000000 1.1493577 1.1328735 9.0000000 1.1438226 1.1493577 9.0000000 9.0000000 9.0000000 9.0000000 1.1493577 9.0000000 9.0000000 9.0000000 1.0313675 9.0000000 0.0000000 0.6444604 0.8684533 
taxon_29   9.0000000 2.7646623 1.0003713 1.0250649 1.1328735 1.0172605 0.9898184 3.5728314 9.0000000 1.0361294 9.0000000 9.0000000 1.1114434 0.9447903 2.5331106 1.1310641 1.0992197 4.4451945 9.0000000 3.0529710 4.0043545 0.9883229 2.1133988 9.0000000 9.0000000 0.7074896 1.3669733 0.6444604 0.0000000 0.3986115 
taxon_30   9.0000000 1.7786835 0.8421787 0.9335961 1.0313675 0.9184718 0.8372768 1.8553267 9.0000000 0.9575869 3.6729800 2.1406745 1.0080011 0.7933907 1.5324769 1.0234975 0.9116967 1.9568327 3.1803953 1.9197226 2.1001241 0.8348377 1.3029535 2.6888402 2.1337620 0.9184718 2.1406745 0.8684533 0.3986115 0.0000000 
