30
taxon_1    0.0000000 9.0000000 9.0000000 1.1220817 1.1512115 9.0000000 1.0770336 9.0000000 1.1892907 9.0000000 9.0000000 1.1149726 9.0000000 9.0000000 9.0000000 1.1149726 1.0923229 1.1643204 9.0000000 1.1700095 1.1365052 9.0000000 1.2252975 9.0000000 9.0000000 1.1530702 1.1438223 9.0000000 1.2011019 9.0000000 
taxon_2    9.0000000 0.0000000 0.9294409 9.0000000 9.0000000 1.0923229 3.3006521 1.1009536 4.1928403 1.0538529 0.9943228 2.1067321 1.1114432 1.0425259 0.8825925 9.0000000 2.5815145 9.0000000 1.1912463 9.0000000 9.0000000 1.1512115 9.0000000 1.0837904 1.0720056 9.0000000 9.0000000 1.1549336 9.0000000 1.0203724 
taxon_3    9.0000000 0.9294409 0.0000000 0.8038317 1.2050807 0.5819619 0.7126442 0.7808238 1.5802637 0.9049822 0.6539662 0.9691477 1.0297867 1.0219333 0.7808238 9.0000000 2.5569222 9.0000000 1.1220817 9.0000000 5.1324010 1.1328732 9.0000000 1.0425259 0.9958303 9.0000000 9.0000000 1.1475078 9.0000000 0.9662407 
taxon_4    1.1220817 9.0000000 0.8038317 0.0000000 0.2939676 0.6130131 0.5044204 2.3381417 0.8167935 3.7285609 1.7829815 0.6075979 9.0000000 9.0000000 1.8412197 1.0854891 0.9604603 1.1202981 9.0000000 1.1185187 1.0871917 9.0000000 1.0957632 9.0000000 9.0000000 1.1991204 1.2131021 9.0000000 1.0636999 9.0000000 
taxon_5    1.1512115 9.0000000 1.2050807 0.2939676 0.0000000 0.9958303 0.6665067 3.2087005 0.9335960 9.0000000 2.4876422 0.7980132 9.0000000 9.0000000 2.5449219 1.1991204 1.0571209 1.1438223 9.0000000 1.1624336 1.1568016 9.0000000 1.2131021 9.0000000 9.0000000 1.2110887 1.2252975 9.0000000 1.1149726 9.0000000 
taxon_6    9.0000000 1.0923229 0.5819619 0.6130131 0.9958303 0.0000000 1.5111773 0.9883228 2.7034037 1.0393207 0.8838912 1.6348332 1.0703371 1.1044338 0.8748472 9.0000000 9.0000000 9.0000000 1.1549336 9.0000000 9.0000000 1.1991204 9.0000000 1.1951730 1.0804044 9.0000000 9.0000000 1.1834541 9.0000000 1.1256616 
taxon_7    1.0770336 3.3006521 0.7126442 0.5044204 0.6665067 1.5111773 0.0000000 2.0806425 0.8108740 3.2087005 1.7534002 0.6031149 9.0000000 9.0000000 1.9568327 1.0753538 0.9547242 1.1185187 9.0000000 1.1662120 1.0736779 9.0000000 1.1292588 9.0000000 9.0000000 1.1346870 1.1700095 9.0000000 1.1757420 9.0000000 
taxon_8    9.0000000 1.1009536 0.7808238 2.3381417 3.2087005 0.9883228 2.0806425 0.0000000 1.2566827 0.9633450 0.8397237 1.4155423 1.1419863 1.0820954 0.8684533 5.1324010 4.6125508 9.0000000 1.1365052 9.0000000 9.0000000 1.1132059 9.0000000 1.1292588 1.0720056 9.0000000 9.0000000 1.1853946 9.0000000 1.0686723 
taxon_9    1.1892907 4.1928403 1.5802637 0.8167935 0.9335960 2.7034037 0.8108740 1.2566827 0.0000000 3.2087005 1.6636830 0.5471509 4.6125508 9.0000000 2.1201253 1.0250648 0.9391723 1.0871917 9.0000000 1.1605516 1.0203724 9.0000000 1.1853946 9.0000000 9.0000000 1.1167436 1.1757420 9.0000000 1.1549336 9.0000000 
taxon_10   9.0000000 1.0538529 0.9049822 3.7285609 9.0000000 1.0393207 3.2087005 0.9633450 3.2087005 0.0000000 0.5854463 1.2273495 1.0787171 1.0854891 0.9838540 9.0000000 9.0000000 9.0000000 1.1738262 9.0000000 9.0000000 1.1605516 9.0000000 1.1662120 1.1328732 9.0000000 9.0000000 1.1549336 9.0000000 1.0736779 
taxon_11   9.0000000 0.9943228 0.6539662 1.7829815 2.4876422 0.8838912 1.7534002 0.8397237 1.6636830 0.5854463 0.0000000 0.6378772 1.0940411 1.0329513 0.8227601 9.0000000 2.4552630 9.0000000 1.1795881 9.0000000 9.0000000 1.0957632 9.0000000 1.1079303 1.0473594 9.0000000 9.0000000 1.1419863 9.0000000 0.9883228 
taxon_12   1.1149726 2.1067321 0.9691477 0.6075979 0.7980132 1.6348332 0.6031149 1.4155423 0.5471509 1.2273495 0.6378772 0.0000000 2.9857619 2.5100319 1.3744361 0.9294409 0.7673503 1.0653537 9.0000000 1.1044338 1.0441336 9.0000000 1.0974894 9.0000000 2.9046017 1.0992195 1.1586742 9.0000000 1.1238695 2.4141569 
taxon_13   9.0000000 1.1114432 1.0297867 9.0000000 9.0000000 1.0703371 9.0000000 1.1419863 4.6125508 1.0787171 1.0940411 2.9857619 0.0000000 0.6416319 0.9547242 9.0000000 9.0000000 9.0000000 1.1795881 9.0000000 9.0000000 1.1512115 9.0000000 1.0992195 1.0957632 9.0000000 9.0000000 1.1932071 9.0000000 1.0940411 
taxon_14   9.0000000 1.0425259 1.0219333 9.0000000 9.0000000 1.1044338 9.0000000 1.0820954 9.0000000 1.0854891 1.0329513 2.5100319 0.6416319 0.0000000 0.9184718 9.0000000 3.7285609 9.0000000 1.1026917 9.0000000 9.0000000 1.1475078 9.0000000 1.0554851 1.1061801 9.0000000 9.0000000 1.2110887 9.0000000 1.0554851 
taxon_15   9.0000000 0.8825925 0.7808238 1.8412197 2.5449219 0.8748472 1.9568327 0.8684533 2.1201253 0.9838540 0.8227601 1.3744361 0.9547242 0.9184718 0.0000000 2.0016221 1.2961653 9.0000000 1.0974894 9.0000000 3.7285609 1.0587603 9.0000000 1.0049398 0.9391723 9.0000000 9.0000000 1.0753538 9.0000000 0.9322084 
taxon_16   1.1149726 9.0000000 9.0000000 1.0854891 1.1991204 9.0000000 1.0753538 5.1324010 1.0250648 9.0000000 9.0000000 0.9294409 9.0000000 9.0000000 2.0016221 0.0000000 0.7314999 1.1310638 9.0000000 1.1912463 1.1256616 9.0000000 1.1310638 9.0000000 9.0000000 1.1512115 1.1892907 9.0000000 1.1456628 9.0000000 
taxon_17   1.0923229 2.5815145 2.5569222 0.9604603 1.0571209 9.0000000 0.9547242 4.6125508 0.9391723 9.0000000 2.4552630 0.7673503 9.0000000 3.7285609 1.2961653 0.7314999 0.0000000 1.0957632 9.0000000 1.0906086 1.0219333 9.0000000 1.0554851 9.0000000 4.6125508 1.0770336 1.1853946 9.0000000 1.1328732 2.9240833 
taxon_18   1.1643204 9.0000000 9.0000000 1.1202981 1.1438223 9.0000000 1.1185187 9.0000000 1.0871917 9.0000000 9.0000000 1.0653537 9.0000000 9.0000000 9.0000000 1.1310638 1.0957632 0.0000000 9.0000000 1.0425259 0.9808896 9.0000000 1.0906086 9.0000000 5.6522725 1.1932071 1.2273495 9.0000000 1.2070780 9.0000000 
taxon_19   9.0000000 1.1912463 1.1220817 9.0000000 9.0000000 1.1549336 9.0000000 1.1365052 9.0000000 1.1738262 1.1795881 9.0000000 1.1795881 1.1026917 1.0974894 9.0000000 9.0000000 9.0000000 0.0000000 2.5569222 9.0000000 1.0871917 9.0000000 0.9913168 0.9928183 9.0000000 9.0000000 1.1624336 9.0000000 1.0804044 
taxon_20   1.1700095 9.0000000 9.0000000 1.1185187 1.1624336 9.0000000 1.1662120 9.0000000 1.1605516 9.0000000 9.0000000 1.1044338 9.0000000 9.0000000 9.0000000 1.1912463 1.0906086 1.0425259 2.5569222 0.0000000 1.0538529 9.0000000 1.0787171 9.0000000 9.0000000 1.1512115 1.1991204 9.0000000 1.1662120 9.0000000 
taxon_21   1.1365052 9.0000000 5.1324010 1.0871917 1.1568016 9.0000000 1.0736779 9.0000000 1.0203724 9.0000000 9.0000000 1.0441336 9.0000000 9.0000000 3.7285609 1.1256616 1.0219333 0.9808896 9.0000000 1.0538529 0.0000000 5.6522725 1.0250648 2.8141302 2.1909325 1.1991204 1.1795881 9.0000000 1.1912463 9.0000000 
taxon_22   9.0000000 1.1512115 1.1328732 9.0000000 9.0000000 1.1991204 9.0000000 1.1132059 9.0000000 1.1605516 1.0957632 9.0000000 1.1512115 1.1475078 1.0587603 9.0000000 9.0000000 9.0000000 1.0871917 9.0000000 5.6522725 0.0000000 9.0000000 1.0604032 0.9266835 9.0000000 9.0000000 1.1009536 9.0000000 1.0064688 
taxon_23   1.2252975 9.0000000 9.0000000 1.0957632 1.2131021 9.0000000 1.1292588 9.0000000 1.1853946 9.0000000 9.0000000 1.0974894 9.0000000 9.0000000 9.0000000 1.1310638 1.0554851 1.0906086 9.0000000 1.0787171 1.0250648 9.0000000 0.0000000 2.3202839 1.8697041 1.1220817 1.2397807 9.0000000 1.2212103 9.0000000 
taxon_24   9.0000000 1.0837904 1.0425259 9.0000000 9.0000000 1.1951730 9.0000000 1.1292588 9.0000000 1.1662120 1.1079303 9.0000000 1.0992195 1.0554851 1.0049398 9.0000000 9.0000000 9.0000000 0.9913168 9.0000000 2.8141302 1.0604032 2.3202839 0.0000000 0.5380799 9.0000000 9.0000000 1.2151210 9.0000000 0.9604603 
taxon_25   9.0000000 1.0720056 0.9958303 9.0000000 9.0000000 1.0804044 9.0000000 1.0720056 9.0000000 1.1328732 1.0473594 2.9046017 1.0957632 1.1061801 0.9391723 9.0000000 4.6125508 5.6522725 0.9928183 9.0000000 2.1909325 0.9266835 1.8697041 0.5380799 0.0000000 9.0000000 9.0000000 1.0736779 9.0000000 0.9335960 
taxon_26   1.1530702 9.0000000 9.0000000 1.1991204 1.2110887 9.0000000 1.1346870 9.0000000 1.1167436 9.0000000 9.0000000 1.0992195 9.0000000 9.0000000 9.0000000 1.1512115 1.0770336 1.1932071 9.0000000 1.1512115 1.1991204 9.0000000 1.1220817 9.0000000 9.0000000 0.0000000 0.9377743 2.0310376 1.1700095 2.7034037 
taxon_27   1.1438223 9.0000000 9.0000000 1.2131021 1.2252975 9.0000000 1.1700095 9.0000000 1.1757420 9.0000000 9.0000000 1.1586742 9.0000000 9.0000000 9.0000000 1.1892907 1.1853946 1.2273495 9.0000000 1.1991204 1.1795881 9.0000000 1.2397807 9.0000000 9.0000000 0.9377743 0.0000000 0.6112037 1.1530702 4.3084517 
taxon_28   9.0000000 1.1549336 1.1475078 9.0000000 9.0000000 1.1834541 9.0000000 1.1853946 9.0000000 1.1549336 1.1419863 9.0000000 1.1932071 1.2110887 1.0753538 9.0000000 9.0000000 9.0000000 1.1624336 9.0000000 9.0000000 1.1009536 9.0000000 1.2151210 1.0736779 2.0310376 0.6112037 0.0000000 9.0000000 0.8838912 
taxon_29   1.2011019 9.0000000 9.0000000 1.0636999 1.1149726 9.0000000 1.1757420 9.0000000 1.1549336 9.0000000 9.0000000 1.1238695 9.0000000 9.0000000 9.0000000 1.1456628 1.1328732 1.2070780 9.0000000 1.1662120 1.1912463 9.0000000 1.2212103 9.0000000 9.0000000 1.1700095 1.1530702 9.0000000 0.0000000 3.2687325 
taxon_30   9.0000000 1.0203724 0.9662407 9.0000000 9.0000000 1.1256616 9.0000000 1.0686723 9.0000000 1.0736779 0.9883228 2.4141569 1.0940411 1.0554851 0.9322084 9.0000000 2.9240833 9.0000000 1.0804044 9.0000000 9.0000000 1.0064688 9.0000000 0.9604603 0.9335960 2.7034037 4.3084517 0.8838912 3.2687325 0.0000000 
