50
taxon_1    0.0000000 0.2032006 0.1719550 0.1492448 0.1177828 0.1744746 0.0857169 0.1876291 0.1910616 0.3151802 0.3223183 0.3177217 0.3061014 0.2838739 0.2996122 0.2675062 0.2049509 0.3045989 0.3141660 0.2991154 0.2524208 0.2660790 0.3202719 0.3035989 0.2440668 0.2966360 0.2713254 0.2843608 0.3006069 0.2917018 0.2594543 0.2991154 0.2882671 0.2848480 0.2780562 0.2966360 0.2848480 0.2298938 0.2790227 0.2660790 0.2589833 0.2746832 0.2552263 0.2858233 0.3096190 0.3066029 0.2542900 0.2431443 0.3116365 0.3001094 
taxon_2    0.2032006 0.0000000 0.2010185 0.1825097 0.1488382 0.2362614 0.1508735 0.2838739 0.2824153 0.4242252 0.4301169 0.4295256 0.4125791 0.3914991 0.4137356 0.3786878 0.3197612 0.4096956 0.4230525 0.4085453 0.3660917 0.3842310 0.4242252 0.4108476 0.3505053 0.4016802 0.3809002 0.3948775 0.4143145 0.4045330 0.3709954 0.4108476 0.4039616 0.3994058 0.3886953 0.4212967 0.4073967 0.3499736 0.3977044 0.3814543 0.3792403 0.3909375 0.3720895 0.4005421 0.4148939 0.4207124 0.3709954 0.3601414 0.4253999 0.4177975 
taxon_3    0.1719550 0.2010185 0.0000000 0.1146691 0.0831056 0.2089041 0.1209094 0.2500909 0.2566330 0.4016802 0.3931864 0.3948775 0.3803465 0.3553079 0.3809002 0.3425687 0.2829012 0.3892552 0.3960070 0.3853446 0.3373239 0.3542380 0.3965724 0.3825638 0.3233436 0.3836749 0.3521027 0.3715423 0.3859020 0.3720895 0.3409914 0.3875768 0.3650063 0.3688120 0.3574523 0.3836749 0.3660917 0.3131532 0.3677227 0.3510374 0.3430952 0.3531696 0.3336743 0.3666349 0.3892552 0.3909375 0.3295249 0.3218062 0.3931864 0.3853446 
taxon_4    0.1492448 0.1825097 0.1146691 0.0000000 0.0425159 0.1850650 0.1019602 0.2376329 0.2445284 0.3770328 0.3666349 0.3650063 0.3558434 0.3336743 0.3542380 0.3197612 0.2599256 0.3612198 0.3709954 0.3569156 0.3126473 0.3248841 0.3671786 0.3569156 0.2926861 0.3499736 0.3269432 0.3425687 0.3553079 0.3430952 0.3111316 0.3553079 0.3430952 0.3420426 0.3315967 0.3601414 0.3415168 0.2907188 0.3430952 0.3279748 0.3151802 0.3295249 0.3091155 0.3388935 0.3650063 0.3639225 0.3076070 0.3006069 0.3709954 0.3558434 
taxon_5    0.1177828 0.1488382 0.0831056 0.0425159 0.0000000 0.1533231 0.0687211 0.2018906 0.2097854 0.3430952 0.3425687 0.3436221 0.3279748 0.3050994 0.3233436 0.2882671 0.2308002 0.3279748 0.3394175 0.3264279 0.2799904 0.2926861 0.3362794 0.3197612 0.2618135 0.3218062 0.2946584 0.3091155 0.3253984 0.3141660 0.2809594 0.3233436 0.3096190 0.3106271 0.2996122 0.3274588 0.3111316 0.2585127 0.3116365 0.2966360 0.2867998 0.2986188 0.2795064 0.3121417 0.3347153 0.3347153 0.2761269 0.2698909 0.3399418 0.3259129 
taxon_6    0.1744746 0.2362614 0.2089041 0.1850650 0.1533231 0.0000000 0.1061727 0.2510220 0.2641802 0.3971382 0.3988382 0.3937496 0.3903763 0.3677227 0.3898156 0.3547727 0.2897372 0.3864599 0.3954420 0.3764819 0.3352363 0.3467911 0.3960070 0.3853446 0.3243703 0.3892552 0.3553079 0.3693573 0.3909375 0.3677227 0.3388935 0.3775840 0.3693573 0.3650063 0.3553079 0.3836749 0.3693573 0.3172128 0.3617595 0.3473206 0.3415168 0.3526360 0.3388935 0.3666349 0.3965724 0.3926235 0.3388935 0.3305601 0.3994058 0.3820088 
taxon_7    0.0857169 0.1508735 0.1209094 0.1019602 0.0687211 0.1061727 0.0000000 0.1690262 0.1774249 0.3056003 0.3121417 0.3086123 0.2926861 0.2698909 0.2946584 0.2580423 0.1971066 0.2966360 0.3050994 0.2902278 0.2445284 0.2646545 0.3071048 0.2926861 0.2330708 0.2897372 0.2651290 0.2737223 0.2907188 0.2829012 0.2496258 0.2907188 0.2766088 0.2737223 0.2641802 0.2941649 0.2804748 0.2253785 0.2761269 0.2594543 0.2524208 0.2641802 0.2459152 0.2766088 0.3035989 0.3011048 0.2486964 0.2413026 0.3106271 0.2971312 
taxon_8    0.1876291 0.2838739 0.2500909 0.2376329 0.2018906 0.2510220 0.1690262 0.0000000 0.2594543 0.4079708 0.4253999 0.4114243 0.3960070 0.3715423 0.4016802 0.3628402 0.3011048 0.4062499 0.4108476 0.3920611 0.3499736 0.3720895 0.4068231 0.4045330 0.3352363 0.3875768 0.3677227 0.3737336 0.3960070 0.3781357 0.3483807 0.3960070 0.3759314 0.3792403 0.3660917 0.3977044 0.3898156 0.3305601 0.3759314 0.3628402 0.3547727 0.3655488 0.3415168 0.3704490 0.4022499 0.4051049 0.3489113 0.3404664 0.4160540 0.3994058 
taxon_9    0.1910616 0.2824153 0.2566330 0.2445284 0.2097854 0.2641802 0.1774249 0.2594543 0.0000000 0.4248123 0.4265763 0.4183796 0.3948775 0.3704490 0.3971382 0.3590646 0.2986188 0.4028200 0.4051049 0.3931864 0.3510374 0.3682672 0.4091202 0.3892552 0.3383700 0.3903763 0.3666349 0.3781357 0.3926235 0.3870181 0.3558434 0.3898156 0.3786878 0.3737336 0.3612198 0.3960070 0.3886953 0.3326348 0.3781357 0.3633811 0.3494422 0.3617595 0.3430952 0.3803465 0.4011110 0.3977044 0.3542380 0.3452049 0.4148939 0.4028200 
taxon_10   0.3151802 0.4242252 0.4016802 0.3770328 0.3430952 0.3971382 0.3056003 0.4079708 0.4248123 0.0000000 0.3639225 0.3489113 0.3478504 0.3264279 0.3430952 0.3086123 0.2482322 0.3462620 0.3563793 0.3436221 0.3021014 0.3197612 0.3617595 0.3617595 0.2887568 0.3441493 0.3295249 0.3368015 0.3420426 0.3436221 0.3081095 0.3362794 0.3279748 0.3233436 0.3177217 0.3859020 0.3628402 0.3111316 0.3585268 0.3462620 0.3274588 0.3489113 0.3269432 0.3547727 0.3759314 0.3731852 0.3202719 0.3126473 0.3937496 0.3753814 
taxon_11   0.3223183 0.4301169 0.3931864 0.3666349 0.3425687 0.3988382 0.3121417 0.4253999 0.4265763 0.3639225 0.0000000 0.1034893 0.3628402 0.3404664 0.3639225 0.3279748 0.2646545 0.3579893 0.3748317 0.3515699 0.3136594 0.3378468 0.3842310 0.3748317 0.3096190 0.3639225 0.3347153 0.3441493 0.3446769 0.3579893 0.3238567 0.3563793 0.3553079 0.3462620 0.3383700 0.3886953 0.3731852 0.3218062 0.3617595 0.3441493 0.3430952 0.3590646 0.3388935 0.3660917 0.3903763 0.3926235 0.3362794 0.3243703 0.3999737 0.3836749 
taxon_12   0.3177217 0.4295256 0.3948775 0.3650063 0.3436221 0.3937496 0.3086123 0.4114243 0.4183796 0.3489113 0.1034893 0.0000000 0.3596028 0.3357576 0.3590646 0.3274588 0.2637063 0.3574523 0.3731852 0.3521027 0.3111316 0.3347153 0.3842310 0.3688120 0.3081095 0.3622997 0.3357576 0.3436221 0.3436221 0.3579893 0.3248841 0.3537036 0.3499736 0.3483807 0.3368015 0.3847876 0.3726372 0.3207830 0.3547727 0.3394175 0.3373239 0.3505053 0.3331544 0.3590646 0.3892552 0.3853446 0.3274588 0.3161958 0.3920611 0.3792403 
taxon_13   0.3061014 0.4125791 0.3803465 0.3558434 0.3279748 0.3903763 0.2926861 0.3960070 0.3948775 0.3478504 0.3628402 0.3596028 0.0000000 0.0358430 0.1644466 0.1264126 0.1034893 0.3300423 0.3331544 0.3218062 0.2829012 0.3035989 0.3394175 0.3430952 0.2785393 0.3269432 0.3141660 0.3243703 0.3274588 0.3131532 0.2795064 0.3259129 0.3207830 0.3151802 0.3071048 0.3553079 0.3404664 0.2833874 0.3521027 0.3378468 0.3202719 0.3341946 0.3187408 0.3452049 0.3612198 0.3677227 0.3076070 0.3001094 0.3809002 0.3742825 
taxon_14   0.2838739 0.3914991 0.3553079 0.3336743 0.3050994 0.3677227 0.2698909 0.3715423 0.3704490 0.3264279 0.3404664 0.3357576 0.0358430 0.0000000 0.1411541 0.1034893 0.0819892 0.3111316 0.3091155 0.2976268 0.2589833 0.2799904 0.3141660 0.3167041 0.2542900 0.2981226 0.2902278 0.2976268 0.3026003 0.2872886 0.2538222 0.3030994 0.2966360 0.2912102 0.2829012 0.3378468 0.3243703 0.2646545 0.3253984 0.3116365 0.2956466 0.3086123 0.2931787 0.3228308 0.3409914 0.3467911 0.2872886 0.2780562 0.3574523 0.3473206 
taxon_15   0.2996122 0.4137356 0.3809002 0.3542380 0.3233436 0.3898156 0.2946584 0.4016802 0.3971382 0.3430952 0.3639225 0.3590646 0.1644466 0.1411541 0.0000000 0.0375933 0.1038720 0.3326348 0.3473206 0.3279748 0.2843608 0.3035989 0.3420426 0.3310783 0.2665544 0.3238567 0.3071048 0.3161958 0.3172128 0.3136594 0.2853355 0.3228308 0.3218062 0.3197612 0.3086123 0.3606804 0.3478504 0.2867998 0.3404664 0.3284912 0.3182311 0.3295249 0.3141660 0.3452049 0.3606804 0.3606804 0.3136594 0.3035989 0.3737336 0.3622997 
taxon_16   0.2675062 0.3786878 0.3425687 0.3197612 0.2882671 0.3547727 0.2580423 0.3628402 0.3590646 0.3086123 0.3279748 0.3274588 0.1264126 0.1034893 0.0375933 0.0000000 0.0676259 0.2986188 0.3111316 0.2921938 0.2491609 0.2694133 0.3091155 0.2991154 0.2339810 0.2912102 0.2790227 0.2848480 0.2853355 0.2819297 0.2510220 0.2917018 0.2902278 0.2863114 0.2770910 0.3233436 0.3106271 0.2519542 0.3131532 0.2981226 0.2853355 0.2951523 0.2795064 0.3096190 0.3238567 0.3238567 0.2751642 0.2660790 0.3409914 0.3274588 
taxon_17   0.2049509 0.3197612 0.2829012 0.2599256 0.2308002 0.2897372 0.1971066 0.3011048 0.2986188 0.2482322 0.2646545 0.2637063 0.1034893 0.0819892 0.1038720 0.0676259 0.0000000 0.2367183 0.2463780 0.2303469 0.1833605 0.2102264 0.2463780 0.2413026 0.1803868 0.2303469 0.2159838 0.2235799 0.2312538 0.2258288 0.1897726 0.2335258 0.2253785 0.2199957 0.2111093 0.2689361 0.2547580 0.1971066 0.2482322 0.2339810 0.2226822 0.2339810 0.2186560 0.2482322 0.2679825 0.2665544 0.2146512 0.2058276 0.2824153 0.2651290 
taxon_18   0.3045989 0.4096956 0.3892552 0.3612198 0.3279748 0.3864599 0.2966360 0.4062499 0.4028200 0.3462620 0.3579893 0.3574523 0.3300423 0.3111316 0.3326348 0.2986188 0.2367183 0.0000000 0.2142076 0.1975402 0.1508735 0.2431443 0.2966360 0.2751642 0.2262794 0.2785393 0.2542900 0.2670301 0.2761269 0.2732423 0.2394655 0.2780562 0.2751642 0.2627593 0.2552263 0.3671786 0.3569156 0.3001094 0.3383700 0.3233436 0.3177217 0.3315967 0.3187408 0.3531696 0.3628402 0.3596028 0.3116365 0.3086123 0.3715423 0.3671786 
taxon_19   0.3141660 0.4230525 0.3960070 0.3709954 0.3394175 0.3954420 0.3050994 0.4108476 0.4051049 0.3563793 0.3748317 0.3731852 0.3331544 0.3091155 0.3473206 0.3111316 0.2463780 0.2142076 0.0000000 0.0782800 0.1423622 0.2514880 0.3035989 0.2892468 0.2271814 0.2897372 0.2641802 0.2698909 0.2795064 0.2809594 0.2426834 0.2877777 0.2829012 0.2713254 0.2646545 0.3748317 0.3644642 0.3050994 0.3446769 0.3315967 0.3243703 0.3321156 0.3187408 0.3531696 0.3682672 0.3677227 0.3172128 0.3091155 0.3825638 0.3742825 
taxon_20   0.2991154 0.4085453 0.3853446 0.3569156 0.3264279 0.3764819 0.2902278 0.3920611 0.3931864 0.3436221 0.3515699 0.3521027 0.3218062 0.2976268 0.3279748 0.2921938 0.2303469 0.1975402 0.0782800 0.0000000 0.1244425 0.2339810 0.2912102 0.2742026 0.2133211 0.2775734 0.2500909 0.2575722 0.2675062 0.2651290 0.2285364 0.2737223 0.2679825 0.2528877 0.2473045 0.3606804 0.3489113 0.2907188 0.3347153 0.3197612 0.3096190 0.3233436 0.3056003 0.3394175 0.3515699 0.3537036 0.3040988 0.3001094 0.3682672 0.3563793 
taxon_21   0.2524208 0.3660917 0.3373239 0.3126473 0.2799904 0.3352363 0.2445284 0.3499736 0.3510374 0.3021014 0.3136594 0.3111316 0.2829012 0.2589833 0.2843608 0.2491609 0.1833605 0.1508735 0.1423622 0.1244425 0.0000000 0.1919222 0.2417626 0.2312538 0.1740541 0.2317076 0.2053891 0.2128782 0.2231309 0.2267302 0.1876291 0.2339810 0.2235799 0.2164285 0.2058276 0.3172128 0.3066029 0.2496258 0.2887568 0.2751642 0.2694133 0.2843608 0.2665544 0.2976268 0.3116365 0.3106271 0.2660790 0.2589833 0.3284912 0.3248841 
taxon_22   0.2660790 0.3842310 0.3542380 0.3248841 0.2926861 0.3467911 0.2646545 0.3720895 0.3682672 0.3197612 0.3378468 0.3347153 0.3035989 0.2799904 0.3035989 0.2694133 0.2102264 0.2431443 0.2514880 0.2339810 0.1919222 0.0000000 0.2491609 0.2353484 0.1812352 0.2308002 0.2093446 0.2249284 0.2262794 0.2262794 0.1940780 0.2348923 0.2285364 0.2204428 0.2115511 0.3336743 0.3228308 0.2679825 0.3182311 0.3071048 0.2976268 0.2996122 0.2921938 0.3156878 0.3404664 0.3441493 0.2838739 0.2785393 0.3446769 0.3404664 
taxon_23   0.3202719 0.4242252 0.3965724 0.3671786 0.3362794 0.3960070 0.3071048 0.4068231 0.4091202 0.3617595 0.3842310 0.3842310 0.3394175 0.3141660 0.3420426 0.3091155 0.2463780 0.2966360 0.3035989 0.2912102 0.2417626 0.2491609 0.0000000 0.2276328 0.2071446 0.2713254 0.2371754 0.2547580 0.2599256 0.2684592 0.2294411 0.2651290 0.2533548 0.2538222 0.2436054 0.3825638 0.3677227 0.3151802 0.3633811 0.3483807 0.3430952 0.3478504 0.3347153 0.3639225 0.3781357 0.3775840 0.3331544 0.3274588 0.3931864 0.3847876 
taxon_24   0.3035989 0.4108476 0.3825638 0.3569156 0.3197612 0.3853446 0.2926861 0.4045330 0.3892552 0.3617595 0.3748317 0.3688120 0.3430952 0.3167041 0.3310783 0.2991154 0.2413026 0.2751642 0.2892468 0.2742026 0.2312538 0.2353484 0.2276328 0.0000000 0.1919222 0.2542900 0.2280844 0.2385487 0.2477682 0.2486964 0.2137642 0.2524208 0.2436054 0.2413026 0.2271814 0.3720895 0.3574523 0.3011048 0.3478504 0.3352363 0.3151802 0.3253984 0.3141660 0.3505053 0.3655488 0.3622997 0.3096190 0.3045989 0.3820088 0.3731852 
taxon_25   0.2440668 0.3505053 0.3233436 0.2926861 0.2618135 0.3243703 0.2330708 0.3352363 0.3383700 0.2887568 0.3096190 0.3081095 0.2785393 0.2542900 0.2665544 0.2339810 0.1803868 0.2262794 0.2271814 0.2133211 0.1740541 0.1812352 0.2071446 0.1919222 0.0000000 0.1632025 0.1419593 0.1681914 0.1744746 0.1791160 0.1431686 0.1812352 0.1727940 0.1702800 0.1598949 0.3106271 0.2956466 0.2417626 0.2882671 0.2775734 0.2632326 0.2761269 0.2627593 0.2926861 0.3106271 0.3121417 0.2486964 0.2454527 0.3207830 0.3081095 
taxon_26   0.2966360 0.4016802 0.3836749 0.3499736 0.3218062 0.3892552 0.2897372 0.3875768 0.3903763 0.3441493 0.3639225 0.3622997 0.3269432 0.2981226 0.3238567 0.2912102 0.2303469 0.2785393 0.2897372 0.2775734 0.2317076 0.2308002 0.2713254 0.2542900 0.1632025 0.0000000 0.1850650 0.2276328 0.2348923 0.2312538 0.1940780 0.2367183 0.2289886 0.2280844 0.2159838 0.3628402 0.3510374 0.2951523 0.3394175 0.3284912 0.3167041 0.3233436 0.3106271 0.3462620 0.3682672 0.3655488 0.3011048 0.2951523 0.3770328 0.3628402 
taxon_27   0.2713254 0.3809002 0.3521027 0.3269432 0.2946584 0.3553079 0.2651290 0.3677227 0.3666349 0.3295249 0.3347153 0.3357576 0.3141660 0.2902278 0.3071048 0.2790227 0.2159838 0.2542900 0.2641802 0.2500909 0.2053891 0.2093446 0.2371754 0.2280844 0.1419593 0.1850650 0.0000000 0.2040753 0.2119932 0.2119932 0.1765808 0.2222338 0.2062663 0.2045130 0.1953745 0.3378468 0.3264279 0.2703688 0.3146730 0.3026003 0.2936716 0.3045989 0.2917018 0.3202719 0.3362794 0.3341946 0.2756454 0.2737223 0.3526360 0.3373239 
taxon_28   0.2843608 0.3948775 0.3715423 0.3425687 0.3091155 0.3693573 0.2737223 0.3737336 0.3781357 0.3368015 0.3441493 0.3436221 0.3243703 0.2976268 0.3161958 0.2848480 0.2235799 0.2670301 0.2698909 0.2575722 0.2128782 0.2249284 0.2547580 0.2385487 0.1681914 0.2276328 0.2040753 0.0000000 0.1854918 0.2093446 0.1719550 0.2164285 0.2027637 0.2005828 0.1940780 0.3579893 0.3462620 0.2897372 0.3284912 0.3141660 0.3061014 0.3091155 0.2986188 0.3336743 0.3547727 0.3515699 0.2912102 0.2863114 0.3579893 0.3452049 
taxon_29   0.3006069 0.4143145 0.3859020 0.3553079 0.3253984 0.3909375 0.2907188 0.3960070 0.3926235 0.3420426 0.3446769 0.3436221 0.3274588 0.3026003 0.3172128 0.2853355 0.2312538 0.2761269 0.2795064 0.2675062 0.2231309 0.2262794 0.2599256 0.2477682 0.1744746 0.2348923 0.2119932 0.1854918 0.0000000 0.2137642 0.1795394 0.2267302 0.2155393 0.2102264 0.2010185 0.3590646 0.3494422 0.2981226 0.3425687 0.3300423 0.3177217 0.3269432 0.3136594 0.3462620 0.3628402 0.3704490 0.3050994 0.3021014 0.3715423 0.3596028 
taxon_30   0.2917018 0.4045330 0.3720895 0.3430952 0.3141660 0.3677227 0.2829012 0.3781357 0.3870181 0.3436221 0.3579893 0.3579893 0.3131532 0.2872886 0.3136594 0.2819297 0.2258288 0.2732423 0.2809594 0.2651290 0.2267302 0.2262794 0.2684592 0.2486964 0.1791160 0.2312538 0.2119932 0.2093446 0.2137642 0.0000000 0.0538906 0.2032006 0.1842123 0.1829350 0.1719550 0.3505053 0.3404664 0.2853355 0.3399418 0.3259129 0.3106271 0.3223183 0.3076070 0.3373239 0.3633811 0.3606804 0.2926861 0.2887568 0.3617595 0.3526360 
taxon_31   0.2594543 0.3709954 0.3409914 0.3111316 0.2809594 0.3388935 0.2496258 0.3483807 0.3558434 0.3081095 0.3238567 0.3248841 0.2795064 0.2538222 0.2853355 0.2510220 0.1897726 0.2394655 0.2426834 0.2285364 0.1876291 0.1940780 0.2294411 0.2137642 0.1431686 0.1940780 0.1765808 0.1719550 0.1795394 0.0538906 0.0000000 0.1677744 0.1512812 0.1488382 0.1375416 0.3207830 0.3081095 0.2533548 0.3086123 0.2946584 0.2780562 0.2848480 0.2737223 0.3045989 0.3253984 0.3248841 0.2603971 0.2561638 0.3357576 0.3192508 
taxon_32   0.2991154 0.4108476 0.3875768 0.3553079 0.3233436 0.3775840 0.2907188 0.3960070 0.3898156 0.3362794 0.3563793 0.3537036 0.3259129 0.3030994 0.3228308 0.2917018 0.2335258 0.2780562 0.2877777 0.2737223 0.2339810 0.2348923 0.2651290 0.2524208 0.1812352 0.2367183 0.2222338 0.2164285 0.2267302 0.2032006 0.1677744 0.0000000 0.1889145 0.1927838 0.1833605 0.3489113 0.3368015 0.2843608 0.3321156 0.3197612 0.3126473 0.3274588 0.3106271 0.3415168 0.3650063 0.3590646 0.2956466 0.2912102 0.3628402 0.3526360 
taxon_33   0.2882671 0.4039616 0.3650063 0.3430952 0.3096190 0.3693573 0.2766088 0.3759314 0.3786878 0.3279748 0.3553079 0.3499736 0.3207830 0.2966360 0.3218062 0.2902278 0.2253785 0.2751642 0.2829012 0.2679825 0.2235799 0.2285364 0.2533548 0.2436054 0.1727940 0.2289886 0.2062663 0.2027637 0.2155393 0.1842123 0.1512812 0.1889145 0.0000000 0.1046381 0.0985312 0.3563793 0.3368015 0.2877777 0.3310783 0.3151802 0.3096190 0.3187408 0.3071048 0.3357576 0.3436221 0.3457333 0.2917018 0.2867998 0.3655488 0.3473206 
taxon_34   0.2848480 0.3994058 0.3688120 0.3420426 0.3106271 0.3650063 0.2737223 0.3792403 0.3737336 0.3233436 0.3462620 0.3483807 0.3151802 0.2912102 0.3197612 0.2863114 0.2199957 0.2627593 0.2713254 0.2528877 0.2164285 0.2204428 0.2538222 0.2413026 0.1702800 0.2280844 0.2045130 0.2005828 0.2102264 0.1829350 0.1488382 0.1927838 0.1046381 0.0000000 0.0720162 0.3505053 0.3368015 0.2824153 0.3305601 0.3151802 0.3030994 0.3141660 0.3016029 0.3310783 0.3420426 0.3483807 0.2887568 0.2824153 0.3644642 0.3430952 
taxon_35   0.2780562 0.3886953 0.3574523 0.3315967 0.2996122 0.3553079 0.2641802 0.3660917 0.3612198 0.3177217 0.3383700 0.3368015 0.3071048 0.2829012 0.3086123 0.2770910 0.2111093 0.2552263 0.2646545 0.2473045 0.2058276 0.2115511 0.2436054 0.2271814 0.1598949 0.2159838 0.1953745 0.1940780 0.2010185 0.1719550 0.1375416 0.1833605 0.0985312 0.0720162 0.0000000 0.3378468 0.3243703 0.2746832 0.3243703 0.3086123 0.2931787 0.3045989 0.2941649 0.3233436 0.3388935 0.3388935 0.2785393 0.2742026 0.3494422 0.3315967 
taxon_36   0.2966360 0.4212967 0.3836749 0.3601414 0.3274588 0.3836749 0.2941649 0.3977044 0.3960070 0.3859020 0.3886953 0.3847876 0.3553079 0.3378468 0.3606804 0.3233436 0.2689361 0.3671786 0.3748317 0.3606804 0.3172128 0.3336743 0.3825638 0.3720895 0.3106271 0.3628402 0.3378468 0.3579893 0.3590646 0.3505053 0.3207830 0.3489113 0.3563793 0.3505053 0.3378468 0.0000000 0.0524593 0.0716493 0.3441493 0.3284912 0.3071048 0.3233436 0.3061014 0.3425687 0.3483807 0.3515699 0.3086123 0.3021014 0.3775840 0.3633811 
taxon_37   0.2848480 0.4073967 0.3660917 0.3415168 0.3111316 0.3693573 0.2804748 0.3898156 0.3886953 0.3628402 0.3731852 0.3726372 0.3404664 0.3243703 0.3478504 0.3106271 0.2547580 0.3569156 0.3644642 0.3489113 0.3066029 0.3228308 0.3677227 0.3574523 0.2956466 0.3510374 0.3264279 0.3462620 0.3494422 0.3404664 0.3081095 0.3368015 0.3368015 0.3368015 0.3243703 0.0524593 0.0000000 0.0571210 0.3223183 0.3076070 0.2887568 0.3056003 0.2877777 0.3223183 0.3326348 0.3383700 0.2931787 0.2858233 0.3569156 0.3446769 
taxon_38   0.2298938 0.3499736 0.3131532 0.2907188 0.2585127 0.3172128 0.2253785 0.3305601 0.3326348 0.3111316 0.3218062 0.3207830 0.2833874 0.2646545 0.2867998 0.2519542 0.1971066 0.3001094 0.3050994 0.2907188 0.2496258 0.2679825 0.3151802 0.3011048 0.2417626 0.2951523 0.2703688 0.2897372 0.2981226 0.2853355 0.2533548 0.2843608 0.2877777 0.2824153 0.2746832 0.0716493 0.0571210 0.0000000 0.2660790 0.2519542 0.2367183 0.2528877 0.2358047 0.2689361 0.2819297 0.2833874 0.2394655 0.2317076 0.3050994 0.2892468 
taxon_39   0.2790227 0.3977044 0.3677227 0.3430952 0.3116365 0.3617595 0.2761269 0.3759314 0.3781357 0.3585268 0.3617595 0.3547727 0.3521027 0.3253984 0.3404664 0.3131532 0.2482322 0.3383700 0.3446769 0.3347153 0.2887568 0.3182311 0.3633811 0.3478504 0.2882671 0.3394175 0.3146730 0.3284912 0.3425687 0.3399418 0.3086123 0.3321156 0.3310783 0.3305601 0.3243703 0.3441493 0.3223183 0.2660790 0.0000000 0.0212996 0.1854918 0.1945099 0.1812352 0.2150952 0.2459152 0.2362614 0.2376329 0.2271814 0.2976268 0.2722832 
taxon_40   0.2660790 0.3814543 0.3510374 0.3279748 0.2966360 0.3473206 0.2594543 0.3628402 0.3633811 0.3462620 0.3441493 0.3394175 0.3378468 0.3116365 0.3284912 0.2981226 0.2339810 0.3233436 0.3315967 0.3197612 0.2751642 0.3071048 0.3483807 0.3352363 0.2775734 0.3284912 0.3026003 0.3141660 0.3300423 0.3259129 0.2946584 0.3197612 0.3151802 0.3151802 0.3086123 0.3284912 0.3076070 0.2519542 0.0212996 0.0000000 0.1723744 0.1795394 0.1665248 0.2010185 0.2308002 0.2235799 0.2222338 0.2133211 0.2804748 0.2542900 
taxon_41   0.2589833 0.3792403 0.3430952 0.3151802 0.2867998 0.3415168 0.2524208 0.3547727 0.3494422 0.3274588 0.3430952 0.3373239 0.3202719 0.2956466 0.3182311 0.2853355 0.2226822 0.3177217 0.3243703 0.3096190 0.2694133 0.2976268 0.3430952 0.3151802 0.2632326 0.3167041 0.2936716 0.3061014 0.3177217 0.3106271 0.2780562 0.3126473 0.3096190 0.3030994 0.2931787 0.3071048 0.2887568 0.2367183 0.1854918 0.1723744 0.0000000 0.1111817 0.0981512 0.1859188 0.2164285 0.2133211 0.2106678 0.2014544 0.2737223 0.2496258 
taxon_42   0.2746832 0.3909375 0.3531696 0.3295249 0.2986188 0.3526360 0.2641802 0.3655488 0.3617595 0.3489113 0.3590646 0.3505053 0.3341946 0.3086123 0.3295249 0.2951523 0.2339810 0.3315967 0.3321156 0.3233436 0.2843608 0.2996122 0.3478504 0.3253984 0.2761269 0.3233436 0.3045989 0.3091155 0.3269432 0.3223183 0.2848480 0.3274588 0.3187408 0.3141660 0.3045989 0.3233436 0.3056003 0.2528877 0.1945099 0.1795394 0.1111817 0.0000000 0.0676259 0.1962400 0.2226822 0.2195488 0.2217857 0.2146512 0.2799904 0.2665544 
taxon_43   0.2552263 0.3720895 0.3336743 0.3091155 0.2795064 0.3388935 0.2459152 0.3415168 0.3430952 0.3269432 0.3388935 0.3331544 0.3187408 0.2931787 0.3141660 0.2795064 0.2186560 0.3187408 0.3187408 0.3056003 0.2665544 0.2921938 0.3347153 0.3141660 0.2627593 0.3106271 0.2917018 0.2986188 0.3136594 0.3076070 0.2737223 0.3106271 0.3071048 0.3016029 0.2941649 0.3061014 0.2877777 0.2358047 0.1812352 0.1665248 0.0981512 0.0676259 0.0000000 0.1859188 0.2128782 0.2089041 0.2067053 0.1992774 0.2646545 0.2463780 
taxon_44   0.2858233 0.4005421 0.3666349 0.3388935 0.3121417 0.3666349 0.2766088 0.3704490 0.3803465 0.3547727 0.3660917 0.3590646 0.3452049 0.3228308 0.3452049 0.3096190 0.2482322 0.3531696 0.3531696 0.3394175 0.2976268 0.3156878 0.3639225 0.3505053 0.2926861 0.3462620 0.3202719 0.3336743 0.3462620 0.3373239 0.3045989 0.3415168 0.3357576 0.3310783 0.3233436 0.3425687 0.3223183 0.2689361 0.2150952 0.2010185 0.1859188 0.1962400 0.1859188 0.0000000 0.2312538 0.2294411 0.2367183 0.2303469 0.3006069 0.2824153 
taxon_45   0.3096190 0.4148939 0.3892552 0.3650063 0.3347153 0.3965724 0.3035989 0.4022499 0.4011110 0.3759314 0.3903763 0.3892552 0.3612198 0.3409914 0.3606804 0.3238567 0.2679825 0.3628402 0.3682672 0.3515699 0.3116365 0.3404664 0.3781357 0.3655488 0.3106271 0.3682672 0.3362794 0.3547727 0.3628402 0.3633811 0.3253984 0.3650063 0.3436221 0.3420426 0.3388935 0.3483807 0.3326348 0.2819297 0.2459152 0.2308002 0.2164285 0.2226822 0.2128782 0.2312538 0.0000000 0.0742210 0.2613411 0.2500909 0.3228308 0.3030994 
taxon_46   0.3066029 0.4207124 0.3909375 0.3639225 0.3347153 0.3926235 0.3011048 0.4051049 0.3977044 0.3731852 0.3926235 0.3853446 0.3677227 0.3467911 0.3606804 0.3238567 0.2665544 0.3596028 0.3677227 0.3537036 0.3106271 0.3441493 0.3775840 0.3622997 0.3121417 0.3655488 0.3341946 0.3515699 0.3704490 0.3606804 0.3248841 0.3590646 0.3457333 0.3483807 0.3388935 0.3515699 0.3383700 0.2833874 0.2362614 0.2235799 0.2133211 0.2195488 0.2089041 0.2294411 0.0742210 0.0000000 0.2599256 0.2486964 0.3233436 0.3030994 
taxon_47   0.2542900 0.3709954 0.3295249 0.3076070 0.2761269 0.3388935 0.2486964 0.3489113 0.3542380 0.3202719 0.3362794 0.3274588 0.3076070 0.2872886 0.3136594 0.2751642 0.2146512 0.3116365 0.3172128 0.3040988 0.2660790 0.2838739 0.3331544 0.3096190 0.2486964 0.3011048 0.2756454 0.2912102 0.3050994 0.2926861 0.2603971 0.2956466 0.2917018 0.2887568 0.2785393 0.3086123 0.2931787 0.2394655 0.2376329 0.2222338 0.2106678 0.2217857 0.2067053 0.2367183 0.2613411 0.2599256 0.0000000 0.0404023 0.2585127 0.2385487 
taxon_48   0.2431443 0.3601414 0.3218062 0.3006069 0.2698909 0.3305601 0.2413026 0.3404664 0.3452049 0.3126473 0.3243703 0.3161958 0.3001094 0.2780562 0.3035989 0.2660790 0.2058276 0.3086123 0.3091155 0.3001094 0.2589833 0.2785393 0.3274588 0.3045989 0.2454527 0.2951523 0.2737223 0.2863114 0.3021014 0.2887568 0.2561638 0.2912102 0.2867998 0.2824153 0.2742026 0.3021014 0.2858233 0.2317076 0.2271814 0.2133211 0.2014544 0.2146512 0.1992774 0.2303469 0.2500909 0.2486964 0.0404023 0.0000000 0.2459152 0.2285364 
taxon_49   0.3116365 0.4253999 0.3931864 0.3709954 0.3399418 0.3994058 0.3106271 0.4160540 0.4148939 0.3937496 0.3999737 0.3920611 0.3809002 0.3574523 0.3737336 0.3409914 0.2824153 0.3715423 0.3825638 0.3682672 0.3284912 0.3446769 0.3931864 0.3820088 0.3207830 0.3770328 0.3526360 0.3579893 0.3715423 0.3617595 0.3357576 0.3628402 0.3655488 0.3644642 0.3494422 0.3775840 0.3569156 0.3050994 0.2976268 0.2804748 0.2737223 0.2799904 0.2646545 0.3006069 0.3228308 0.3233436 0.2585127 0.2459152 0.0000000 0.1669411 
taxon_50   0.3001094 0.4177975 0.3853446 0.3558434 0.3259129 0.3820088 0.2971312 0.3994058 0.4028200 0.3753814 0.3836749 0.3792403 0.3742825 0.3473206 0.3622997 0.3274588 0.2651290 0.3671786 0.3742825 0.3563793 0.3248841 0.3404664 0.3847876 0.3731852 0.3081095 0.3628402 0.3373239 0.3452049 0.3596028 0.3526360 0.3192508 0.3526360 0.3473206 0.3430952 0.3315967 0.3633811 0.3446769 0.2892468 0.2722832 0.2542900 0.2496258 0.2665544 0.2463780 0.2824153 0.3030994 0.3030994 0.2385487 0.2285364 0.1669411 0.0000000 
