30
taxon_1    0.0000000 1.9953166 1.4948919 1.0693216 0.5695174 2.3011614 2.5769552 2.3784351 2.4777543 2.4645960 2.5619547 2.8477149 2.9651421 4.3753767 2.4264522 2.4141569 2.6568179 2.4389525 2.4389525 2.6078875 2.2907446 2.9159441 4.3753767 3.0744257 2.0762775 2.2804705 2.2907446 3.1044299 9.0000000 3.4478047 
taxon_2    1.9953166 0.0000000 1.2523179 1.8384978 1.7479625 2.8054504 3.0455762 2.8054504 9.0000000 4.0995831 3.6091382 4.5638625 2.5328249 9.0000000 2.4020589 9.0000000 9.0000000 3.4478047 2.5769552 2.8262850 2.7274583 9.0000000 5.1992826 9.0000000 2.5922619 2.6913067 2.7462092 9.0000000 9.0000000 9.0000000 
taxon_3    1.4948919 1.2523179 0.0000000 0.8993299 1.0652730 3.3567841 2.9910067 4.3753767 2.3224393 2.3117249 2.8925047 2.6913067 9.0000000 2.5769552 3.0744257 2.8697750 3.1356844 9.0000000 9.0000000 4.5638625 3.3567841 3.3567841 2.7654410 2.7654410 3.1044299 9.0000000 3.5514174 2.7274583 2.9159441 2.4389525 
taxon_4    1.0693216 1.8384978 0.8993299 0.0000000 0.7063628 3.3567841 3.1682983 3.2756237 2.1244223 2.2407262 2.0310376 2.5619547 2.4777543 2.3443386 2.3668965 1.9679163 2.1847997 3.0177952 4.8162140 3.2756237 2.7091647 2.3224393 2.4777543 2.5328249 2.9651421 2.9401397 2.6568179 2.5186735 2.8054504 2.3784351 
taxon_5    0.5695174 1.7479625 1.0652730 0.7063628 0.0000000 2.1670474 2.0383906 2.1080282 2.1327558 2.2504666 1.9679163 2.6913067 2.1161805 2.1938360 2.0237560 2.0919849 2.5769552 2.4389525 2.3443386 2.2703352 1.9883721 3.6091382 3.0744257 3.1356844 1.9034991 2.4020589 2.3443386 2.3668965 3.8149659 2.8262850 
taxon_6    2.3011614 2.8054504 3.3567841 3.3567841 2.1670474 0.0000000 2.0023260 1.9883721 2.2029824 2.0999637 2.8477149 2.6913067 2.2603351 2.7851790 2.4264522 2.0919849 3.3567841 2.3333090 2.5047842 2.1758710 2.2907446 9.0000000 4.2248707 9.0000000 2.4777543 2.8054504 2.7091647 3.9922575 3.4478047 9.0000000 
taxon_7    2.5769552 3.0455762 2.9910067 3.1682983 2.0383906 2.0023260 0.0000000 1.6449973 1.4984805 1.5166852 1.8217060 2.2907446 2.0762775 2.0919849 1.7631657 1.4702418 3.3567841 2.6401505 2.3555328 3.3567841 2.6568179 9.0000000 9.0000000 9.0000000 2.2122418 2.5922619 2.2703352 9.0000000 3.4978232 9.0000000 
taxon_8    2.3784351 2.8054504 4.3753767 3.2756237 2.1080282 1.9883721 1.6449973 0.0000000 1.4363760 1.2760040 1.7136427 2.2603351 1.8217060 2.0165444 1.6363016 1.3144034 3.8149659 2.6238455 2.9910067 2.4911475 2.7091647 9.0000000 9.0000000 9.0000000 3.2756237 4.3753767 4.3753767 9.0000000 4.5638625 3.4478047 
taxon_9    2.4777543 9.0000000 2.3224393 2.1244223 2.1327558 2.2029824 1.4984805 1.4363760 0.0000000 0.6485956 1.1417181 1.5701430 1.6277055 1.3314819 1.3668517 0.7279378 2.7091647 3.3151066 2.9910067 5.1992826 3.3151066 2.2907446 2.0762775 2.9651421 4.8162140 9.0000000 4.3753767 2.6738640 2.7654410 2.9159441 
taxon_10   2.4645960 4.0995831 2.3117249 2.2407262 2.2504666 2.0999637 1.5166852 1.2760040 0.6485956 0.0000000 1.0297868 1.6234441 1.4071516 1.2445858 1.2445858 0.6336869 2.6238455 9.0000000 3.1682983 4.3753767 3.3151066 3.1044299 2.7654410 2.7462092 3.1682983 9.0000000 3.1682983 2.7462092 2.7851790 2.4020589 
taxon_11   2.5619547 3.6091382 2.8925047 2.0310376 1.9679163 2.8477149 1.8217060 1.7136427 1.1417181 1.0297868 0.0000000 1.0754357 1.0317148 0.7952476 0.8313122 1.0070290 2.6401505 3.1682983 3.6091382 9.0000000 2.8697750 3.7399033 2.5186735 3.0177952 3.3567841 3.1044299 3.4478047 3.0744257 2.7274583 2.3901540 
taxon_12   2.8477149 4.5638625 2.6913067 2.5619547 2.6913067 2.6913067 2.2907446 2.2603351 1.5701430 1.6234441 1.0754357 0.0000000 1.5240927 1.2497317 1.3729123 1.5203798 2.1758710 4.8162140 3.6716744 9.0000000 9.0000000 2.7851790 3.1682983 2.6913067 4.8162140 9.0000000 9.0000000 4.5638625 2.7274583 2.3901540 
taxon_13   2.9651421 2.5328249 9.0000000 2.4777543 2.1161805 2.2603351 2.0762775 1.8217060 1.6277055 1.4071516 1.0317148 1.5240927 0.0000000 1.2601304 1.0572408 1.4297826 9.0000000 2.2603351 2.5186735 2.2029824 2.2311107 9.0000000 9.0000000 3.0455762 2.6078875 2.8262850 2.5047842 9.0000000 3.9922575 3.8983849 
taxon_14   4.3753767 9.0000000 2.5769552 2.3443386 2.1938360 2.7851790 2.0919849 2.0165444 1.3314819 1.2445858 0.7952476 1.2497317 1.2601304 0.0000000 0.8944912 1.2627528 2.4911475 3.6716744 9.0000000 3.5514174 4.2248707 4.2248707 3.2023949 3.4478047 3.2023949 9.0000000 9.0000000 2.8697750 3.0455762 2.2907446 
taxon_15   2.4264522 2.4020589 3.0744257 2.3668965 2.0237560 2.4264522 1.7631657 1.6363016 1.3668517 1.2445858 0.8313122 1.3729123 1.0572408 0.8944912 0.0000000 1.2218569 3.4009144 2.2907446 2.1847997 2.8477149 2.9159441 9.0000000 4.8162140 9.0000000 2.4516647 2.6913067 2.7274583 9.0000000 9.0000000 3.9922575 
taxon_16   2.4141569 9.0000000 2.8697750 1.9679163 2.0919849 2.0919849 1.4702418 1.3144034 0.7279378 0.6336869 1.0070290 1.5203798 1.4297826 1.2627528 1.2218569 0.0000000 2.6401505 6.0226461 3.0177952 9.0000000 3.4478047 2.7654410 2.4645960 2.4645960 3.4978232 9.0000000 3.6091382 2.7274583 2.4264522 2.4264522 
taxon_17   2.6568179 9.0000000 3.1356844 2.1847997 2.5769552 3.3567841 3.3567841 3.8149659 2.7091647 2.6238455 2.6401505 2.1758710 9.0000000 2.4911475 3.4009144 2.6401505 0.0000000 1.8384978 1.1973850 2.1758710 2.0999637 2.5769552 2.0383906 2.1583264 3.9922575 3.3567841 3.2381161 2.5472484 3.3151066 2.3333090 
taxon_18   2.4389525 3.4478047 9.0000000 3.0177952 2.4389525 2.3333090 2.6401505 2.6238455 3.3151066 9.0000000 3.1682983 4.8162140 2.2603351 3.6716744 2.2907446 6.0226461 1.8384978 0.0000000 0.9025732 2.0237560 2.0999637 2.8697750 2.7654410 4.2248707 2.3668965 2.5619547 2.7091647 9.0000000 9.0000000 3.4478047 
taxon_19   2.4389525 2.5769552 9.0000000 4.8162140 2.3443386 2.5047842 2.3555328 2.9910067 2.9910067 3.1682983 3.6091382 3.6716744 2.5186735 9.0000000 2.1847997 3.0177952 1.1973850 0.9025732 0.0000000 1.5583626 1.6149933 2.1161805 1.9222500 3.7399033 1.8973515 2.5328249 2.2603351 3.0455762 3.9922575 3.1682983 
taxon_20   2.6078875 2.8262850 4.5638625 3.2756237 2.2703352 2.1758710 3.3567841 2.4911475 5.1992826 4.3753767 9.0000000 9.0000000 2.2029824 3.5514174 2.8477149 9.0000000 2.1758710 2.0237560 1.5583626 0.0000000 0.7568128 2.1847997 2.4645960 9.0000000 3.3567841 2.5619547 2.6568179 3.4978232 9.0000000 3.4978232 
taxon_21   2.2907446 2.7274583 3.3567841 2.7091647 1.9883721 2.2907446 2.6568179 2.7091647 3.3151066 3.3151066 2.8697750 9.0000000 2.2311107 4.2248707 2.9159441 3.4478047 2.0999637 2.0999637 1.6149933 0.7568128 0.0000000 2.4911475 2.2122418 2.7462092 2.7654410 2.9401397 2.8477149 3.4009144 9.0000000 4.5638625 
taxon_22   2.9159441 9.0000000 3.3567841 2.3224393 3.6091382 9.0000000 9.0000000 9.0000000 2.2907446 3.1044299 3.7399033 2.7851790 9.0000000 4.2248707 9.0000000 2.7654410 2.5769552 2.8697750 2.1161805 2.1847997 2.4911475 0.0000000 1.7786835 2.2804705 4.5638625 3.8983849 3.6091382 3.1356844 3.4978232 2.9159441 
taxon_23   4.3753767 5.1992826 2.7654410 2.4777543 3.0744257 4.2248707 9.0000000 9.0000000 2.0762775 2.7654410 2.5186735 3.1682983 9.0000000 3.2023949 4.8162140 2.4645960 2.0383906 2.7654410 1.9222500 2.4645960 2.2122418 1.7786835 0.0000000 3.1356844 5.1992826 9.0000000 9.0000000 2.8925047 2.1847997 2.8477149 
taxon_24   3.0744257 9.0000000 2.7654410 2.5328249 3.1356844 9.0000000 9.0000000 9.0000000 2.9651421 2.7462092 3.0177952 2.6913067 3.0455762 3.4478047 9.0000000 2.4645960 2.1583264 4.2248707 3.7399033 9.0000000 2.7462092 2.2804705 3.1356844 0.0000000 2.9159441 9.0000000 2.6738640 2.0023260 2.3443386 2.2407262 
taxon_25   2.0762775 2.5922619 3.1044299 2.9651421 1.9034991 2.4777543 2.2122418 3.2756237 4.8162140 3.1682983 3.3567841 4.8162140 2.6078875 3.2023949 2.4516647 3.4978232 3.9922575 2.3668965 1.8973515 3.3567841 2.7654410 4.5638625 5.1992826 2.9159441 0.0000000 1.4807071 1.1598185 2.4645960 4.3753767 2.5328249 
taxon_26   2.2804705 2.6913067 9.0000000 2.9401397 2.4020589 2.8054504 2.5922619 4.3753767 9.0000000 9.0000000 3.1044299 9.0000000 2.8262850 9.0000000 2.6913067 9.0000000 3.3567841 2.5619547 2.5328249 2.5619547 2.9401397 3.8983849 9.0000000 9.0000000 1.4807071 0.0000000 0.7868441 2.4389525 3.4478047 2.9401397 
taxon_27   2.2907446 2.7462092 3.5514174 2.6568179 2.3443386 2.7091647 2.2703352 4.3753767 4.3753767 3.1682983 3.4478047 9.0000000 2.5047842 9.0000000 2.7274583 3.6091382 3.2381161 2.7091647 2.2603351 2.6568179 2.8477149 3.6091382 9.0000000 2.6738640 1.1598185 0.7868441 0.0000000 2.6238455 3.6716744 2.4020589 
taxon_28   3.1044299 9.0000000 2.7274583 2.5186735 2.3668965 3.9922575 9.0000000 9.0000000 2.6738640 2.7462092 3.0744257 4.5638625 9.0000000 2.8697750 9.0000000 2.7274583 2.5472484 9.0000000 3.0455762 3.4978232 3.4009144 3.1356844 2.8925047 2.0023260 2.4645960 2.4389525 2.6238455 0.0000000 1.9096974 1.5901977 
taxon_29   9.0000000 9.0000000 2.9159441 2.8054504 3.8149659 3.4478047 3.4978232 4.5638625 2.7654410 2.7851790 2.7274583 2.7274583 3.9922575 3.0455762 9.0000000 2.4264522 3.3151066 9.0000000 3.9922575 9.0000000 9.0000000 3.4978232 2.1847997 2.3443386 4.3753767 3.4478047 3.6716744 1.9096974 0.0000000 1.6066367 
taxon_30   3.4478047 9.0000000 2.4389525 2.3784351 2.8262850 9.0000000 9.0000000 3.4478047 2.9159441 2.4020589 2.3901540 2.3901540 3.8983849 2.2907446 3.9922575 2.4264522 2.3333090 3.4478047 3.1682983 3.4978232 4.5638625 2.9159441 2.8477149 2.2407262 2.5328249 2.9401397 2.4020589 1.5901977 1.6066367 0.0000000 
