RF=0.617021
WRF=0.046121
