30
taxon_1    0.0000000 1.7045491 2.3593872 2.3700265 1.8084887 1.6055043 1.7547198 2.4028785 2.3917671 2.2069668 2.4256075 2.2698770 1.7360853 2.3808180 1.7642136 1.8238476 1.7269388 1.5214749 2.2156375 1.7738291 1.8942965 2.5508971 2.4610471 2.6223807 1.6132763 2.0517762 2.0517762 1.5249391 1.9533814 1.4063558 
taxon_2    1.7045491 0.0000000 1.9351626 1.8238476 1.2937131 1.2886283 1.6171925 2.4732425 2.3283490 2.2513585 1.8830181 2.8482095 1.9291865 2.5646599 1.7089739 1.8999999 1.8664122 1.8609577 2.4856395 1.6828084 1.8555425 3.3886190 2.5646599 3.0309260 1.8555425 2.3283490 2.4372356 1.6658584 2.1100580 1.5714934 
taxon_3    2.3593872 1.9351626 0.0000000 1.5604905 1.6871065 1.8290380 2.2332853 1.6575252 1.8186930 1.6957771 1.6914292 1.8290380 2.2332853 1.8135735 2.1100580 2.3700265 2.2985439 2.4490469 1.7134249 2.2605610 2.7014010 1.8084887 1.7835695 1.6957771 2.2985439 1.7314981 1.8084887 2.2332853 1.7224071 2.3808180 
taxon_4    2.3700265 1.8238476 1.5604905 0.0000000 0.4093295 1.7453447 2.2244085 1.6616803 1.4811064 1.5978119 1.7360853 1.9057471 2.7531456 1.8342645 2.2793120 2.2793120 2.5646599 2.5241092 1.8238476 2.3283490 2.1489268 1.7594517 1.9291865 1.7134249 2.4610471 1.5826599 1.7690059 2.3385532 1.7786835 2.4028785 
taxon_5    1.8084887 1.2937131 1.6871065 0.4093295 0.0000000 1.1935645 1.5678071 2.1489268 1.9847670 1.9720547 1.9847670 2.6075287 1.8084887 2.6075287 1.6957771 1.7500176 1.7179026 1.7884875 2.7712186 1.7407007 1.7224071 2.4856395 2.5508971 2.4141569 1.7547198 2.0242501 2.1253647 1.6290665 2.2605610 1.6132763 
taxon_6    1.6055043 1.2886283 1.8290380 1.7453447 1.1935645 0.0000000 1.0798673 2.1409903 1.7594517 1.3945909 1.0244233 1.8774418 1.7642136 1.9847670 1.5010191 1.7089739 1.5939951 1.4063558 2.1331368 1.6250877 1.5864193 2.1983953 2.4141569 2.1650562 1.5641399 1.4428001 2.0876683 1.5568586 1.9351626 1.2348592 
taxon_7    1.7547198 1.6171925 2.2332853 2.2244085 1.5678071 1.0798673 0.0000000 2.6529972 1.9411858 1.6132763 1.5678071 2.2605610 1.8774418 2.0803512 1.5319159 1.7594517 1.6370879 1.4681184 2.4982447 1.7453447 1.7835695 2.2698770 2.5110655 2.8687587 1.5978119 1.8342645 2.3700265 1.7690059 2.0731047 1.5496472 
taxon_8    2.4028785 2.4732425 1.6575252 1.6616803 2.1489268 2.1409903 2.6529972 0.0000000 0.8503257 1.6411310 1.7547198 1.7500176 2.4856395 1.7884875 2.4028785 2.3593872 2.2332853 2.4856395 1.6451960 2.7354978 2.6375327 1.7934380 1.8501661 1.7984215 2.5646599 1.8135735 1.8942965 2.4490469 1.8555425 2.8898869 
taxon_9    2.3917671 2.3283490 1.8186930 1.4811064 1.9847670 1.7594517 1.9411858 0.8503257 0.0000000 1.5789192 1.5111773 1.7453447 2.3488979 1.7134249 2.2698770 2.4028785 2.2513585 2.2605610 2.0042488 2.8087259 2.6849169 1.9115386 1.7547198 1.9232576 2.4141569 1.6211290 1.6616803 2.1409903 1.6871065 2.4028785 
taxon_10   2.2069668 2.2513585 1.6957771 1.5978119 1.9720547 1.3945909 1.6132763 1.6411310 1.5789192 0.0000000 0.9029796 1.8186930 2.7531456 1.6411310 2.0876683 2.2513585 2.1899206 2.0731047 1.8084887 2.8898869 2.4256075 1.6871065 1.7884875 1.6871065 2.1650562 1.3716006 1.8238476 2.4372356 1.8290380 1.9847670 
taxon_11   2.4256075 1.8830181 1.6914292 1.7360853 1.9847670 1.0244233 1.5678071 1.7547198 1.5111773 0.9029796 0.0000000 1.7594517 2.4256075 1.6330665 2.1100580 2.1732532 1.9847670 1.8555425 1.8238476 2.3488979 2.1815407 1.6451960 1.7884875 1.7089739 2.1650562 1.3465518 1.7407007 2.3182818 1.6533929 1.8342645 
taxon_12   2.2698770 2.8482095 1.8290380 1.9057471 2.6075287 1.8774418 2.2605610 1.7500176 1.7453447 1.8186930 1.7594517 0.0000000 1.7407007 0.9060160 1.7269388 2.1331368 2.0447994 1.2937131 1.8034382 2.2513585 2.6223807 1.7001503 1.8084887 1.5978119 2.5646599 1.4745846 1.8084887 2.3385532 1.8501661 2.0378869 
taxon_13   1.7360853 1.9291865 2.2332853 2.7531456 1.8084887 1.7642136 1.8774418 2.4856395 2.3488979 2.7531456 2.4256075 1.7407007 0.0000000 0.9794790 1.7547198 1.6250877 1.6370879 1.3196672 2.5646599 1.7134249 1.8034382 2.4732425 2.3917671 2.3917671 1.8238476 2.2605610 2.2793120 1.6785349 2.5373836 1.7690059 
taxon_14   2.3808180 2.5646599 1.8135735 1.8342645 2.6075287 1.9847670 2.0803512 1.7884875 1.7134249 1.6411310 1.6330665 0.9060160 0.9794790 0.0000000 1.7134249 1.9173752 1.7835695 0.9514845 1.8664122 2.3083479 2.3917671 1.7642136 1.8290380 1.8084887 2.4141569 1.3687757 1.7690059 2.1331368 1.7224071 2.1100580 
taxon_15   1.7642136 1.7089739 2.1100580 2.2793120 1.6957771 1.5010191 1.5319159 2.4028785 2.2698770 2.0876683 2.1100580 1.7269388 1.7547198 1.7134249 0.0000000 1.1192464 0.7537171 1.0479475 2.7897379 1.7453447 1.7179026 2.1983953 2.4372356 2.6375327 1.6575252 1.8774418 2.6687872 1.7690059 2.0950575 1.6742856 
taxon_16   1.8238476 1.8999999 2.3700265 2.2793120 1.7500176 1.7089739 1.7594517 2.3593872 2.4028785 2.2513585 2.1732532 2.1331368 1.6250877 1.9173752 1.1192464 0.0000000 0.5235056 1.2491452 2.5646599 1.7884875 1.8290380 2.5373836 3.1422411 2.6075287 1.7269388 2.1732532 2.1569474 1.5864193 2.3083479 1.6370879 
taxon_17   1.7269388 1.8664122 2.2985439 2.5646599 1.7179026 1.5939951 1.6370879 2.2332853 2.2513585 2.1899206 1.9847670 2.0447994 1.6370879 1.7835695 0.7537171 0.5235056 0.0000000 1.0351890 2.6223807 1.7835695 1.8034382 2.4256075 2.5929651 2.5373836 1.7642136 1.9720547 2.1409903 1.6171925 2.3283490 1.6370879 
taxon_18   1.5214749 1.8609577 2.4490469 2.5241092 1.7884875 1.4063558 1.4681184 2.4856395 2.2605610 2.0731047 1.8555425 1.2937131 1.3196672 0.9514845 1.0479475 1.2491452 1.0351890 0.0000000 2.5929651 1.6957771 1.7360853 2.1025203 2.4732425 2.8898869 1.6132763 1.3631577 2.1650562 1.5714934 2.0108568 1.4123082 
taxon_19   2.2156375 2.4856395 1.7134249 1.8238476 2.7712186 2.1331368 2.4982447 1.6451960 2.0042488 1.8084887 1.8238476 1.8034382 2.5646599 1.8664122 2.7897379 2.5646599 2.6223807 2.5929651 0.0000000 1.4123082 1.4004503 1.3014055 1.7738291 1.5826599 2.3182818 1.5319159 1.7738291 2.3593872 1.7738291 2.4256075 
taxon_20   1.7738291 1.6828084 2.2605610 2.3283490 1.7407007 1.6250877 1.7453447 2.7354978 2.8087259 2.8898869 2.3488979 2.2513585 1.7134249 2.3083479 1.7453447 1.7884875 1.7835695 1.6957771 1.4123082 0.0000000 0.6126426 1.7786835 1.9472588 1.9847670 1.6828084 1.9351626 2.2156375 1.6492829 2.2069668 1.6658584 
taxon_21   1.8942965 1.8555425 2.7014010 2.1489268 1.7224071 1.5864193 1.7835695 2.6375327 2.6849169 2.4256075 2.1815407 2.6223807 1.8034382 2.3917671 1.7179026 1.8290380 1.8034382 1.7360853 1.4004503 0.6126426 0.0000000 1.6616803 1.7738291 1.9533814 1.7045491 1.8448280 2.0803512 1.7594517 2.0803512 1.6016482 
taxon_22   2.5508971 3.3886190 1.8084887 1.7594517 2.4856395 2.1983953 2.2698770 1.7934380 1.9115386 1.6871065 1.6451960 1.7001503 2.4732425 1.7642136 2.1983953 2.5373836 2.4256075 2.1025203 1.3014055 1.7786835 1.6616803 0.0000000 1.3575815 1.3223128 2.0175236 1.1586745 1.8501661 2.7182557 1.7134249 2.1253647 
taxon_23   2.4610471 2.5646599 1.7835695 1.9291865 2.5508971 2.4141569 2.5110655 1.8501661 1.7547198 1.7884875 1.7884875 1.8084887 2.3917671 1.8290380 2.4372356 3.1422411 2.5929651 2.4732425 1.7738291 1.9472588 1.7738291 1.3575815 0.0000000 1.5145941 2.2422675 1.4811064 1.8886361 3.1128248 1.8886361 2.4372356 
taxon_24   2.6223807 3.0309260 1.6957771 1.7134249 2.4141569 2.1650562 2.8687587 1.7984215 1.9232576 1.6871065 1.7089739 1.5978119 2.3917671 1.8084887 2.6375327 2.6075287 2.5373836 2.8898869 1.5826599 1.9847670 1.9533814 1.3223128 1.5145941 0.0000000 2.2985439 1.4713440 1.7594517 2.3083479 1.8135735 2.2985439 
taxon_25   1.6132763 1.8555425 2.2985439 2.4610471 1.7547198 1.5641399 1.5978119 2.5646599 2.4141569 2.1650562 2.1650562 2.5646599 1.8238476 2.4141569 1.6575252 1.7269388 1.7642136 1.6132763 2.3182818 1.6828084 1.7045491 2.0175236 2.2422675 2.2985439 0.0000000 1.2661636 2.4141569 1.7134249 2.2513585 1.5043899 
taxon_26   2.0517762 2.3283490 1.7314981 1.5826599 2.0242501 1.4428001 1.8342645 1.8135735 1.6211290 1.3716006 1.3465518 1.4745846 2.2605610 1.3687757 1.8774418 2.1732532 1.9720547 1.3631577 1.5319159 1.9351626 1.8448280 1.1586745 1.4811064 1.4713440 1.2661636 0.0000000 1.6171925 1.9057471 1.5214749 1.4304542 
taxon_27   2.0517762 2.4372356 1.8084887 1.7690059 2.1253647 2.0876683 2.3700265 1.8942965 1.6616803 1.8238476 1.7407007 1.8084887 2.2793120 1.7690059 2.6687872 2.1569474 2.1409903 2.1650562 1.7738291 2.2156375 2.0803512 1.8501661 1.8886361 1.7594517 2.4141569 1.6171925 0.0000000 0.3425688 0.5457569 1.0103052 
taxon_28   1.5249391 1.6658584 2.2332853 2.3385532 1.6290665 1.5568586 1.7690059 2.4490469 2.1409903 2.4372356 2.3182818 2.3385532 1.6785349 2.1331368 1.7690059 1.5864193 1.6171925 1.5714934 2.3593872 1.6492829 1.7594517 2.7182557 3.1128248 2.3083479 1.7134249 1.9057471 0.3425688 0.0000000 0.5244197 0.7562047 
taxon_29   1.9533814 2.1100580 1.7224071 1.7786835 2.2605610 1.9351626 2.0731047 1.8555425 1.6871065 1.8290380 1.6533929 1.8501661 2.5373836 1.7224071 2.0950575 2.3083479 2.3283490 2.0108568 1.7738291 2.2069668 2.0803512 1.7134249 1.8886361 1.8135735 2.2513585 1.5214749 0.5457569 0.5244197 0.0000000 0.8171714 
taxon_30   1.4063558 1.5714934 2.3808180 2.4028785 1.6132763 1.2348592 1.5496472 2.8898869 2.4028785 1.9847670 1.8342645 2.0378869 1.7690059 2.1100580 1.6742856 1.6370879 1.6370879 1.4123082 2.4256075 1.6658584 1.6016482 2.1253647 2.4372356 2.2985439 1.5043899 1.4304542 1.0103052 0.7562047 0.8171714 0.0000000 
