30
taxon_1    0.0000000 1.5425043 1.5604908 1.4649071 2.3593880 1.3117863 1.7547198 2.1815407 3.0572445 1.6914292 1.4943226 1.5460673 3.5771049 1.6290665 9.0000000 1.5214749 1.4778384 2.6075287 9.0000000 2.5508980 1.5214749 3.3095987 1.7269388 1.8664122 9.0000000 3.8294591 1.5978119 1.7500176 2.4982448 1.2661641 
taxon_2    1.5425043 0.0000000 1.6171929 1.3716006 2.5508980 9.0000000 2.1331368 9.0000000 9.0000000 1.7594517 1.9533821 2.0108571 9.0000000 1.8664122 9.0000000 1.8555425 1.7934380 9.0000000 9.0000000 9.0000000 1.8135735 9.0000000 1.8034382 9.0000000 9.0000000 9.0000000 1.7179026 2.0108571 9.0000000 9.0000000 
taxon_3    1.5604908 1.6171929 0.0000000 0.6014103 1.0442801 9.0000000 1.7642136 9.0000000 9.0000000 1.8609577 1.7045491 1.8238476 9.0000000 1.8342645 9.0000000 1.8609577 1.7594517 9.0000000 9.0000000 9.0000000 1.8609577 9.0000000 1.7224071 9.0000000 9.0000000 9.0000000 1.9657791 1.9472597 9.0000000 9.0000000 
taxon_4    1.4649071 1.3716006 0.6014103 0.0000000 0.4077621 3.2047773 1.8501661 9.0000000 9.0000000 1.7453447 1.8034382 1.9847675 9.0000000 1.7738291 9.0000000 1.7001503 1.7984215 9.0000000 9.0000000 9.0000000 1.6451961 9.0000000 1.7134249 9.0000000 9.0000000 9.0000000 1.7884875 1.8448280 4.0969653 3.5253603 
taxon_5    2.3593880 2.5508980 1.0442801 0.4077621 0.0000000 1.5111773 9.0000000 1.6616803 1.7407007 9.0000000 9.0000000 9.0000000 1.6828084 9.0000000 1.7407007 9.0000000 9.0000000 1.8664122 1.7738291 1.6871065 9.0000000 1.8664122 9.0000000 1.7001503 1.6290665 1.6785349 9.0000000 9.0000000 1.5789192 1.5604908 
taxon_6    1.3117863 9.0000000 9.0000000 3.2047773 1.5111773 0.0000000 9.0000000 1.5249391 1.6451961 9.0000000 9.0000000 9.0000000 1.6871065 9.0000000 1.6914292 9.0000000 9.0000000 1.5826599 1.6914292 1.6700603 9.0000000 1.8290380 9.0000000 1.5901977 1.6914292 1.7453447 9.0000000 9.0000000 1.6055043 1.3887769 
taxon_7    1.7547198 2.1331368 1.7642136 1.8501661 9.0000000 9.0000000 0.0000000 1.6290665 2.4732425 1.6411311 1.5864193 1.5532444 9.0000000 1.6871065 9.0000000 1.5425043 2.0175238 9.0000000 9.0000000 9.0000000 1.7690059 9.0000000 1.9232576 9.0000000 9.0000000 9.0000000 1.6700603 1.7407007 9.0000000 9.0000000 
taxon_8    2.1815407 9.0000000 9.0000000 9.0000000 1.6616803 1.5249391 1.6290665 0.0000000 0.8574220 2.0042491 2.0042491 2.0659277 1.0934160 2.4490469 1.2937131 1.4428002 9.0000000 1.6658586 1.7984215 1.6785349 9.0000000 1.7134249 9.0000000 1.5826599 1.6828084 1.7690059 9.0000000 9.0000000 1.7547198 1.4093261 
taxon_9    3.0572445 9.0000000 9.0000000 9.0000000 1.7407007 1.6451961 2.4732425 0.8574220 0.0000000 2.3182818 2.1176723 2.7182557 1.2162249 3.0572445 1.4183083 1.7500176 9.0000000 1.5864193 1.7642136 1.8448280 9.0000000 1.7934380 9.0000000 1.6290665 1.6093803 1.7453447 9.0000000 9.0000000 1.7594517 1.4909967 
taxon_10   1.6914292 1.7594517 1.8609577 1.7453447 9.0000000 9.0000000 1.6411311 2.0042491 2.3182818 0.0000000 1.1715688 1.5901977 2.7712189 1.6785349 9.0000000 1.3303057 1.8290380 9.0000000 9.0000000 9.0000000 1.8501661 9.0000000 1.8084887 9.0000000 9.0000000 9.0000000 1.7453447 1.9232576 9.0000000 9.0000000 
taxon_11   1.4943226 1.9533821 1.7045491 1.8034382 9.0000000 9.0000000 1.5864193 2.0042491 2.1176723 1.1715688 0.0000000 1.5978119 2.8687587 1.7001503 9.0000000 1.3916782 1.7001503 9.0000000 9.0000000 9.0000000 1.6616803 9.0000000 1.6785349 9.0000000 9.0000000 9.0000000 1.6871065 1.7179026 9.0000000 9.0000000 
taxon_12   1.5460673 2.0108571 1.8238476 1.9847675 9.0000000 9.0000000 1.5532444 2.0659277 2.7182557 1.5901977 1.5978119 0.0000000 2.5373842 1.5389582 9.0000000 1.3548088 1.6742856 9.0000000 9.0000000 9.0000000 1.8501661 9.0000000 1.7642136 9.0000000 9.0000000 9.0000000 1.6411311 1.8774418 9.0000000 9.0000000 
taxon_13   3.5771049 9.0000000 9.0000000 9.0000000 1.6828084 1.6871065 9.0000000 1.0934160 1.2162249 2.7712189 2.8687587 2.5373842 0.0000000 2.0042491 1.2162249 1.2835778 9.0000000 1.7547198 1.6575252 1.7884875 9.0000000 1.8238476 9.0000000 1.6785349 1.7547198 1.8395276 9.0000000 9.0000000 1.7269388 1.5678079 
taxon_14   1.6290665 1.8664122 1.8342645 1.7738291 9.0000000 9.0000000 1.6871065 2.4490469 3.0572445 1.6785349 1.7001503 1.5389582 2.0042491 0.0000000 1.1212707 1.0516331 1.8034382 9.0000000 9.0000000 9.0000000 1.9657791 9.0000000 1.7786835 9.0000000 9.0000000 9.0000000 1.7835695 1.7984215 9.0000000 9.0000000 
taxon_15   9.0000000 9.0000000 9.0000000 9.0000000 1.7407007 1.6914292 9.0000000 1.2937131 1.4183083 9.0000000 9.0000000 9.0000000 1.2162249 1.1212707 0.0000000 1.5043899 9.0000000 1.6370879 1.7407007 1.8886361 9.0000000 1.8830181 9.0000000 1.7089739 1.6871065 1.8609577 9.0000000 9.0000000 1.5714934 1.7786835 
taxon_16   1.5214749 1.8555425 1.8609577 1.7001503 9.0000000 9.0000000 1.5425043 1.4428002 1.7500176 1.3303057 1.3916782 1.3548088 1.2835778 1.0516331 1.5043899 0.0000000 1.9783845 9.0000000 9.0000000 9.0000000 1.7738291 9.0000000 1.7407007 9.0000000 9.0000000 9.0000000 1.7738291 1.8501661 9.0000000 9.0000000 
taxon_17   1.4778384 1.7934380 1.7594517 1.7984215 9.0000000 9.0000000 2.0175238 9.0000000 9.0000000 1.8290380 1.7001503 1.6742856 9.0000000 1.8034382 9.0000000 1.9783845 0.0000000 1.3916782 3.5771049 2.4610471 1.4459187 9.0000000 1.6700603 1.8238476 9.0000000 9.0000000 1.8609577 1.5789192 9.0000000 3.3886191 
taxon_18   2.6075287 9.0000000 9.0000000 9.0000000 1.8664122 1.5826599 9.0000000 1.6658586 1.5864193 9.0000000 9.0000000 9.0000000 1.7547198 9.0000000 1.6370879 9.0000000 1.3916782 0.0000000 1.3744361 1.1335325 1.8999999 1.5389582 3.0054999 0.8212369 1.7089739 1.7786835 4.0969653 9.0000000 1.5354288 1.3303057 
taxon_19   9.0000000 9.0000000 9.0000000 9.0000000 1.7738291 1.6914292 9.0000000 1.7984215 1.7642136 9.0000000 9.0000000 9.0000000 1.6575252 9.0000000 1.7407007 9.0000000 3.5771049 1.3744361 0.0000000 0.7958560 2.5646599 1.6171929 3.2381161 1.0973325 1.6828084 1.7407007 9.0000000 9.0000000 1.6451961 1.4649071 
taxon_20   2.5508980 9.0000000 9.0000000 9.0000000 1.6871065 1.6700603 9.0000000 1.6785349 1.8448280 9.0000000 9.0000000 9.0000000 1.7884875 9.0000000 1.8886361 9.0000000 2.4610471 1.1335325 0.7958560 0.0000000 1.7179026 1.3548088 2.2332853 0.6793054 1.5496472 1.5425043 4.2125783 9.0000000 1.4649071 1.3716006 
taxon_21   1.5214749 1.8135735 1.8609577 1.6451961 9.0000000 9.0000000 1.7690059 9.0000000 9.0000000 1.8501661 1.6616803 1.8501661 9.0000000 1.9657791 9.0000000 1.7738291 1.4459187 1.8999999 2.5646599 1.7179026 0.0000000 1.1629481 0.7079567 0.9596103 9.0000000 9.0000000 1.8830181 1.7045491 3.2730061 2.8482095 
taxon_22   3.3095987 9.0000000 9.0000000 9.0000000 1.8664122 1.8290380 9.0000000 1.7134249 1.7934380 9.0000000 9.0000000 9.0000000 1.8238476 9.0000000 1.8830181 9.0000000 9.0000000 1.5389582 1.6171929 1.3548088 1.1629481 0.0000000 1.1629481 1.0609269 1.7045491 1.5978119 9.0000000 9.0000000 1.6330665 1.6132764 
taxon_23   1.7269388 1.8034382 1.7224071 1.7134249 9.0000000 9.0000000 1.9232576 9.0000000 9.0000000 1.8084887 1.6785349 1.7642136 9.0000000 1.7786835 9.0000000 1.7407007 1.6700603 3.0054999 3.2381161 2.2332853 0.7079567 1.1629481 0.0000000 1.3716006 9.0000000 9.0000000 1.8999999 1.7738291 3.2381161 3.9968168 
taxon_24   1.8664122 9.0000000 9.0000000 9.0000000 1.7001503 1.5901977 9.0000000 1.5826599 1.6290665 9.0000000 9.0000000 9.0000000 1.6785349 9.0000000 1.7089739 9.0000000 1.8238476 0.8212369 1.0973325 0.6793054 0.9596103 1.0609269 1.3716006 0.0000000 1.5978119 1.5826599 9.0000000 9.0000000 1.4681191 1.2093546 
taxon_25   9.0000000 9.0000000 9.0000000 9.0000000 1.6290665 1.6914292 9.0000000 1.6828084 1.6093803 9.0000000 9.0000000 9.0000000 1.7547198 9.0000000 1.6871065 9.0000000 9.0000000 1.7089739 1.6828084 1.5496472 9.0000000 1.7045491 9.0000000 1.5978119 0.0000000 0.6345649 9.0000000 9.0000000 1.4183083 1.5077759 
taxon_26   3.8294591 9.0000000 9.0000000 9.0000000 1.6785349 1.7453447 9.0000000 1.7690059 1.7453447 9.0000000 9.0000000 9.0000000 1.8395276 9.0000000 1.8609577 9.0000000 9.0000000 1.7786835 1.7407007 1.5425043 9.0000000 1.5978119 9.0000000 1.5826599 0.6345649 0.0000000 9.0000000 3.3095987 1.2661641 1.3603644 
taxon_27   1.5978119 1.7179026 1.9657791 1.7884875 9.0000000 9.0000000 1.6700603 9.0000000 9.0000000 1.7453447 1.6871065 1.6411311 9.0000000 1.7835695 9.0000000 1.7738291 1.8609577 4.0969653 9.0000000 4.2125783 1.8830181 9.0000000 1.8999999 9.0000000 9.0000000 9.0000000 0.0000000 1.7045491 1.8774418 2.9809075 
taxon_28   1.7500176 2.0108571 1.9472597 1.8448280 9.0000000 9.0000000 1.7407007 9.0000000 9.0000000 1.9232576 1.7179026 1.8774418 9.0000000 1.7984215 9.0000000 1.8501661 1.5789192 9.0000000 9.0000000 9.0000000 1.7045491 9.0000000 1.7738291 9.0000000 9.0000000 3.3095987 1.7045491 0.0000000 1.6055043 3.0572445 
taxon_29   2.4982448 9.0000000 9.0000000 4.0969653 1.5789192 1.6055043 9.0000000 1.7547198 1.7594517 9.0000000 9.0000000 9.0000000 1.7269388 9.0000000 1.5714934 9.0000000 9.0000000 1.5354288 1.6451961 1.4649071 3.2730061 1.6330665 3.2381161 1.4681191 1.4183083 1.2661641 1.8774418 1.6055043 0.0000000 1.1072140 
taxon_30   1.2661641 9.0000000 9.0000000 3.5253603 1.5604908 1.3887769 9.0000000 1.4093261 1.4909967 9.0000000 9.0000000 9.0000000 1.5678079 9.0000000 1.7786835 9.0000000 3.3886191 1.3303057 1.4649071 1.3716006 2.8482095 1.6132764 3.9968168 1.2093546 1.5077759 1.3603644 2.9809075 3.0572445 1.1072140 0.0000000 
