RF=0.382979
WRF=0.041074
