30
taxon_1    0.0000000 0.9377744 1.1932075 1.1873404 3.2381161 1.7873043 2.2857957 1.8319603 1.2212107 1.1401551 1.1149729 1.1853949 2.5331102 2.1762261 2.1618021 2.1337620 2.0016221 2.6332592 1.1951734 2.9046017 1.1401551 1.1815189 1.1776629 1.2652794 2.7488721 1.1932075 1.2011023 2.6069407 1.1738266 2.2857957 
taxon_2    0.9377744 0.0000000 2.1406745 2.1406745 1.1310641 0.6694297 1.0653531 0.6832287 2.1337620 2.2448019 1.8794443 1.8843624 1.0604027 0.8851922 1.0554847 0.9377744 0.8458764 1.1401551 2.6467731 1.1912467 2.4141569 2.1201253 3.2687326 2.6605349 1.2131025 2.2528233 2.3847413 1.2566833 2.5941199 1.0080010 
taxon_3    1.1932075 2.1406745 0.0000000 0.9063204 1.6173499 1.7701607 2.2857957 1.7013793 1.1292590 1.1274583 1.1605519 1.1624339 2.4876421 2.3028419 2.3944189 2.3657530 2.2691275 2.8670939 1.2110891 2.9046017 1.1991208 1.2439707 1.2783611 1.1951734 2.3944189 1.2502996 1.2524211 4.3084517 1.2314706 2.3472332 
taxon_4    1.1873404 2.1406745 0.9063204 0.0000000 1.2872108 1.8458926 2.4447734 1.7617336 1.1310641 1.1401551 1.1438226 1.2356142 2.4987534 2.2135473 2.8313729 2.4987534 2.3944189 3.8538515 1.1971445 2.8141298 1.2460744 1.2335396 1.1951734 1.2376946 2.9646337 1.1892910 1.2460744 2.6745540 1.2050811 2.3944189 
taxon_5    3.2381161 1.1310641 1.6173499 1.2872108 0.0000000 1.0409214 1.1971445 1.0457445 2.3291603 2.4447734 2.3944189 2.5941199 1.2566833 1.1795884 1.1738266 1.1643207 1.1493577 1.2783611 2.9240833 1.2171456 3.0529709 3.0075025 2.3564354 2.6332592 1.1530705 2.6605349 2.6888402 1.2151214 2.6605349 1.1475081 
taxon_6    1.7873043 0.6694297 1.7701607 1.8458926 1.0409214 0.0000000 0.8891087 0.2513948 1.6002649 1.8794443 1.5449252 1.7130679 1.0110747 0.7368229 1.0636993 1.0003712 0.8722831 1.2151214 2.3472332 1.1456631 2.3751871 2.2691275 3.0529709 3.4054735 1.2397808 2.2135473 2.4242241 1.1493577 3.0298922 1.0636993 
taxon_7    2.2857957 1.0653531 2.2857957 2.4447734 1.1971445 0.8891087 0.0000000 0.7933907 2.2448019 2.5331102 2.3115125 2.3657530 1.2110891 1.1061803 1.1568019 1.1530705 1.1346873 1.2191754 2.6888402 1.1795884 2.7182557 3.0075025 2.8490207 2.4552630 1.1991208 2.6332592 2.4876421 1.1757423 3.1013744 1.1795884 
taxon_8    1.8319603 0.6832287 1.7013793 1.7617336 1.0457445 0.2513948 0.7933907 0.0000000 1.6563658 1.9197226 1.6348332 1.8004241 1.0064688 0.7272686 1.0571205 0.9853407 0.8996537 1.1815189 2.4242241 1.1586745 2.2448019 2.4987534 3.3688811 3.0075025 1.2070784 2.3472332 2.3657530 1.1795884 3.0298922 1.0636993 
taxon_9    1.2212107 2.1337620 1.1292590 1.1310641 2.3291603 1.6002649 2.2448019 1.6563658 0.0000000 0.7475835 0.6369409 1.1662123 2.2691275 2.2448019 2.4659015 2.3472332 2.2448019 2.4344284 1.1274583 2.9240833 1.1892910 1.1681086 1.1912467 1.2171456 2.8141298 1.1932075 1.2314706 2.3657530 1.2314706 2.6199845 
taxon_10   1.1401551 2.2448019 1.1274583 1.1401551 2.4447734 1.8794443 2.5331102 1.9197226 0.7475835 0.0000000 0.5122985 1.2110891 2.3847413 2.1001241 2.6332592 2.7972755 2.4987534 2.6199845 1.2481840 2.6467731 1.2090811 1.2273498 1.1932075 1.1643207 3.1013744 1.1493577 1.2335396 2.4766930 1.2356142 2.3381423 
taxon_11   1.1149729 1.8794443 1.1605519 1.1438226 2.3944189 1.5449252 2.3115125 1.6348332 0.6369409 0.5122985 0.0000000 1.1912467 2.6199845 1.9249130 2.4659015 2.5331102 2.1269127 3.3339911 1.2294074 3.3688811 1.2827729 1.2717917 1.1419866 1.1912467 4.0926915 1.1951734 1.2335396 2.5815145 1.1853949 2.5100317 
taxon_12   1.1853949 1.8843624 1.1624339 1.2356142 2.5941199 1.7130679 2.3657530 1.8004241 1.1662123 1.2110891 1.1912467 0.0000000 2.7334077 1.9301395 2.5815145 2.3381423 2.2290118 2.9646337 1.2151214 2.5214822 1.1438226 1.1971445 1.2481840 1.2335396 3.3006523 1.2110891 1.2252978 2.8141298 1.2070784 2.3564354 
taxon_13   2.5331102 1.0604027 2.4876421 2.4987534 1.2566833 1.0110747 1.2110891 1.0064688 2.2691275 2.3847413 2.6199845 2.7334077 0.0000000 0.8930457 1.1892910 1.1475081 1.1549339 1.2131025 2.1067321 1.2151214 2.5569222 2.7488721 2.8670939 3.1803953 1.2151214 2.6199845 2.8141298 1.1892910 2.8670939 1.2356142 
taxon_14   2.1762261 0.8851922 2.3028419 2.2135473 1.1795884 0.7368229 1.1061803 0.7272686 2.2448019 2.1001241 1.9249130 1.9301395 0.8930457 0.0000000 1.1493577 1.0940413 1.0297866 1.2011023 2.3472332 1.1681086 2.3202845 2.3472332 3.1531196 2.5569222 1.2545486 2.3847413 3.1268011 1.2171456 4.0926915 1.1853949 
taxon_15   2.1618021 1.0554847 2.3944189 2.8313729 1.1738266 1.0636993 1.1568019 1.0571205 2.4659015 2.6332592 2.4659015 2.5815145 1.1892910 1.1493577 0.0000000 0.5044203 1.0234973 1.1776629 2.3564354 1.1401551 2.4766930 2.6745540 2.4552630 2.3472332 1.1991208 2.5449211 2.6745540 1.1873404 2.5569222 1.1132061 
taxon_16   2.1337620 0.9377744 2.3657530 2.4987534 1.1643207 1.0003712 1.1530705 0.9853407 2.3472332 2.7972755 2.5331102 2.3381423 1.1475081 1.0940413 0.5044203 0.0000000 0.9322085 1.1971445 2.9857619 1.2894396 2.5941199 2.5815145 2.4876421 2.6605349 1.1932075 2.8313729 2.9240833 1.2294074 2.9240833 1.1365054 
taxon_17   2.0016221 0.8458764 2.2691275 2.3944189 1.1493577 0.8722831 1.1346873 0.8996537 2.2448019 2.4987534 2.1269127 2.2290118 1.1549339 1.0297866 1.0234973 0.9322085 0.0000000 1.1853949 2.9857619 1.1991208 2.5815145 2.3847413 2.3291603 3.0529709 1.2356142 2.1762261 2.2528233 1.1776629 2.5569222 1.0441333 
taxon_18   2.6332592 1.1401551 2.8670939 3.8538515 1.2783611 1.2151214 1.2191754 1.1815189 2.4344284 2.6199845 3.3339911 2.9646337 1.2131025 1.2011023 1.1776629 1.1971445 1.1853949 0.0000000 1.1044340 0.9619013 0.9391723 1.6636829 2.1201253 1.9845111 1.0282093 3.1803953 2.8670939 1.2294074 2.6069407 1.2191754 
taxon_19   1.1951734 2.6467731 1.2110891 1.1971445 2.9240833 2.3472332 2.6888402 2.4242241 1.1274583 1.2481840 1.2294074 1.2151214 2.1067321 2.3472332 2.3564354 2.9857619 2.9857619 1.1044340 0.0000000 1.5868716 0.5331778 0.8608519 1.1624339 1.0110747 1.8648803 1.2212107 1.2171456 2.8313729 1.2460744 3.2381161 
taxon_20   2.9046017 1.1912467 2.9046017 2.8141298 1.2171456 1.1456631 1.1795884 1.1586745 2.9240833 2.6467731 3.3688811 2.5214822 1.2151214 1.1681086 1.1401551 1.2894396 1.1991208 0.9619013 1.5868716 0.0000000 0.9706055 1.7170049 2.6069407 1.9733169 1.0770337 2.8141298 2.8313729 1.1738266 2.7972755 1.1310641 
taxon_21   1.1401551 2.4141569 1.1991208 1.2460744 3.0529709 2.3751871 2.7182557 2.2448019 1.1892910 1.2090811 1.2827729 1.1438226 2.5569222 2.3202845 2.4766930 2.5941199 2.5815145 0.9391723 0.5331778 0.9706055 0.0000000 0.7064629 1.0522239 0.8595925 1.6070522 1.2335396 1.2761649 3.3688811 1.2050811 2.7807916 
taxon_22   1.1815189 2.1201253 1.2439707 1.2335396 3.0075025 2.2691275 3.0075025 2.4987534 1.1681086 1.2273498 1.2717917 1.1971445 2.7488721 2.3472332 2.6745540 2.5815145 2.3847413 1.6636829 0.8608519 1.7170049 0.7064629 0.0000000 0.9023132 0.7378920 1.1776629 1.1932075 1.2335396 3.1803953 1.2171456 2.3202845 
taxon_23   1.1776629 3.2687326 1.2783611 1.1951734 2.3564354 3.0529709 2.8490207 3.3688811 1.1912467 1.1932075 1.1419866 1.2481840 2.8670939 3.1531196 2.4552630 2.4876421 2.3291603 2.1201253 1.1624339 2.6069407 1.0522239 0.9023132 0.0000000 1.0172603 1.8458926 1.2090811 1.2314706 3.0075025 1.1530705 2.7488721 
taxon_24   1.2652794 2.6605349 1.1951734 1.2376946 2.6332592 3.4054735 2.4552630 3.0075025 1.2171456 1.1643207 1.1912467 1.2335396 3.1803953 2.5569222 2.3472332 2.6605349 3.0529709 1.9845111 1.0110747 1.9733169 0.8595925 0.7378920 1.0172603 0.0000000 0.9280610 1.2376946 1.1932075 2.5691176 1.2151214 2.8141298 
taxon_25   2.7488721 1.2131025 2.3944189 2.9646337 1.1530705 1.2397808 1.1991208 1.2070784 2.8141298 3.1013744 4.0926915 3.3006523 1.2151214 1.2545486 1.1991208 1.1932075 1.2356142 1.0282093 1.8648803 1.0770337 1.6070522 1.1776629 1.8458926 0.9280610 0.0000000 3.3339911 2.7034037 1.2439707 3.2381161 1.1530705 
taxon_26   1.1932075 2.2528233 1.2502996 1.1892910 2.6605349 2.2135473 2.6332592 2.3472332 1.1932075 1.1493577 1.1951734 1.2110891 2.6199845 2.3847413 2.5449211 2.8313729 2.1762261 3.1803953 1.2212107 2.8141298 1.2335396 1.1932075 1.2090811 1.2376946 3.3339911 0.0000000 0.6013289 0.9171119 1.1365054 1.2171456 
taxon_27   1.2011023 2.3847413 1.2524211 1.2460744 2.6888402 2.4242241 2.4876421 2.3657530 1.2314706 1.2335396 1.2335396 1.2252978 2.8141298 3.1268011 2.6745540 2.9240833 2.2528233 2.8670939 1.2171456 2.8313729 1.2761649 1.2335396 1.2314706 1.1932075 2.7034037 0.6013289 0.0000000 1.1274583 1.1719157 1.5737134 
taxon_28   2.6069407 1.2566833 4.3084517 2.6745540 1.2151214 1.1493577 1.1757423 1.1795884 2.3657530 2.4766930 2.5815145 2.8141298 1.1892910 1.2171456 1.1873404 1.2294074 1.1776629 1.2294074 2.8313729 1.1738266 3.3688811 3.1803953 3.0075025 2.5691176 1.2439707 0.9171119 1.1274583 0.0000000 2.2290118 0.8851922 
taxon_29   1.1738266 2.5941199 1.2314706 1.2050811 2.6605349 3.0298922 3.1013744 3.0298922 1.2314706 1.2356142 1.1853949 1.2070784 2.8670939 4.0926915 2.5569222 2.9240833 2.5569222 2.6069407 1.2460744 2.7972755 1.2050811 1.2171456 1.1530705 1.2151214 3.2381161 1.1365054 1.1719157 2.2290118 0.0000000 1.4992722 
taxon_30   2.2857957 1.0080010 2.3472332 2.3944189 1.1475081 1.0636993 1.1795884 1.0636993 2.6199845 2.3381423 2.5100317 2.3564354 1.2356142 1.1853949 1.1132061 1.1365054 1.0441333 1.2191754 3.2381161 1.1310641 2.7807916 2.3202845 2.7488721 2.8141298 1.1530705 1.2171456 1.5737134 0.8851922 1.4992722 0.0000000 
