30
taxon_1    0.0000000 1.1292590 1.2090811 1.2397811 2.8313729 1.2397811 2.5100317 1.1971445 2.8670939 2.4447734 2.7034037 2.6069407 2.3472332 3.2687326 2.7972755 1.1776629 1.2335398 1.2191755 2.5569222 1.2090811 2.7034037 2.5331102 1.0703369 1.1912467 1.1475081 2.2774157 1.1185190 1.2151214 2.7182557 2.1762261 
taxon_2    1.1292590 0.0000000 0.8774201 0.7774327 0.9518725 0.8545757 0.9958304 1.0282095 2.3751871 3.0298922 2.9440845 2.1201253 1.5835603 2.3751871 1.8048489 1.1346873 1.1274583 1.0906081 2.1406745 1.0992188 2.2609314 2.5331102 1.1044340 1.1292590 1.0820951 1.7451583 1.2030891 1.1681086 2.2942703 1.8942965 
taxon_3    1.2090811 0.8774201 0.0000000 0.6558814 1.1795884 1.1493577 2.0806424 1.1365054 2.4766930 2.7334077 2.6467731 2.5331102 2.5569222 2.4447734 2.6605349 1.2232516 1.2631209 1.1549339 4.0926915 1.1815189 3.0529709 2.4552630 1.2232516 1.2652792 1.2335398 2.5100317 1.2110891 1.2503002 2.9646337 2.3472332 
taxon_4    1.2397811 0.7774327 0.6558814 0.0000000 1.0003713 1.1256619 1.8794445 1.0888978 2.3202845 2.7972755 2.3944189 3.0075025 2.1067321 2.8670939 2.4552630 1.1132061 1.2110891 1.1530705 3.1531196 1.1971445 2.9046017 2.7646621 1.2110891 1.1700098 1.1624339 2.4042229 1.1795884 1.1719157 2.7972755 2.6745540 
taxon_5    2.8313729 0.9518725 1.1795884 1.0003713 0.0000000 2.1618021 0.9363790 2.3847413 1.1624339 1.2503002 1.1475081 1.1853949 1.0587602 1.1586745 1.1346873 3.0767823 2.9857619 2.6332592 1.2191755 3.2087006 1.1912467 1.1274583 2.2774157 2.3751871 2.1909325 1.1328735 2.6888402 2.7182557 1.1815189 1.1662123 
taxon_6    1.2397811 0.8545757 1.1493577 1.1256619 2.1618021 0.0000000 1.3450206 1.1719157 2.8670939 2.7972755 2.7807916 3.1268011 2.4141569 3.0075025 2.8490207 1.2090811 1.2631209 1.2849876 2.9646337 1.2609689 2.6332592 2.6888402 1.1132061 1.1009528 1.0703369 2.6069407 1.2090811 1.2030891 2.7034037 2.1762261 
taxon_7    2.5100317 0.9958304 2.0806424 1.8794445 0.9363790 1.3450206 0.0000000 2.0492572 1.1605519 1.1438226 1.1512118 1.1662123 1.0940405 1.2090811 1.1719157 2.5815145 3.2087006 3.7885924 1.2030891 2.9646337 1.2030891 1.1700098 2.4552630 2.5569222 2.3944189 1.1044340 3.3688811 3.7285608 1.1096849 1.0804041 
taxon_8    1.1971445 1.0282095 1.1365054 1.0888978 2.3847413 1.1719157 2.0492572 0.0000000 2.0616537 2.0870803 2.1133988 1.9407030 1.4155422 2.3847413 1.7052553 1.0686721 1.1238698 1.1493577 2.1835433 1.1328735 2.1983953 2.2212397 1.0636998 1.1383280 1.1061803 1.6898701 1.1149729 1.2232516 2.6069407 1.8843626 
taxon_9    2.8670939 2.3751871 2.4766930 2.3202845 1.1624339 2.8670939 1.1605519 2.0616537 0.0000000 0.7400349 1.0770333 0.9808897 1.0992188 1.0854887 1.1238698 2.5569222 2.5100317 2.5449211 1.2273499 2.7972755 1.1971445 1.2030891 2.6332592 3.0529709 2.8670939 1.0457448 2.6199845 3.1268011 1.2696143 1.1383280 
taxon_10   2.4447734 3.0298922 2.7334077 2.7972755 1.2503002 2.7972755 1.1438226 2.0870803 0.7400349 0.0000000 1.0457448 0.9349863 1.0871913 1.2503002 1.1549339 2.7646621 2.7034037 2.5100317 1.1419866 2.8670939 1.1951734 1.1719157 2.4766930 4.3084517 2.9646337 1.0686721 2.8670939 3.0298922 1.2131026 1.1719157 
taxon_11   2.7034037 2.9440845 2.6467731 2.3944189 1.1475081 2.7807916 1.1512118 2.1133988 1.0770333 1.0457448 0.0000000 0.6962715 1.0653536 1.1873405 1.1167438 3.1531196 2.5569222 2.4042229 1.1568019 2.4876421 1.0871913 1.1991208 2.4659015 2.3751871 2.4042229 1.0670110 2.4344284 3.0075025 1.1815189 1.1719157 
taxon_12   2.6069407 2.1201253 2.5331102 3.0075025 1.1853949 3.1268011 1.1662123 1.9407030 0.9808897 0.9349863 0.6962715 0.0000000 0.9706055 1.1274583 1.0571209 5.1324010 2.7646621 2.5691176 1.1026919 2.9240833 1.0770333 1.1605519 2.3115125 2.2857957 2.0806424 1.0188148 2.3381423 2.7807916 1.1643207 1.0770333 
taxon_13   2.3472332 1.5835603 2.5569222 2.1067321 1.0587602 2.4141569 1.0940405 1.4155422 1.0992188 1.0871913 1.0653536 0.9706055 0.0000000 1.0080010 0.5854461 1.8048489 1.7249415 1.8228138 0.8996537 2.0935738 0.9794119 0.9575868 1.3354663 1.6455222 1.5052010 0.6294969 2.0310376 2.1762261 1.0906081 0.8179831 
taxon_14   3.2687326 2.3751871 2.4447734 2.8670939 1.1586745 3.0075025 1.2090811 2.3847413 1.0854887 1.2503002 1.1873405 1.1274583 1.0080010 0.0000000 0.6606921 3.0529709 2.6467731 2.4042229 1.1238698 2.2135473 1.1549339 1.1873405 2.2528233 2.7972755 2.7807916 1.0854887 2.6888402 2.4242241 1.2191755 1.1114434 
taxon_15   2.7972755 1.8048489 2.6605349 2.4552630 1.1346873 2.8490207 1.1719157 1.7052553 1.1238698 1.1549339 1.1167438 1.0571209 0.5854461 0.6606921 0.0000000 2.3381423 2.1269127 1.8505948 0.9764649 2.0616537 1.0064689 0.9808897 1.5293966 2.0310376 1.8942965 0.8621135 2.3115125 2.4344284 1.1549339 0.9619013 
taxon_16   1.1776629 1.1346873 1.2232516 1.1132061 3.0767823 1.2090811 2.5815145 1.0686721 2.5569222 2.7646621 3.1531196 5.1324010 1.8048489 3.0529709 2.3381423 0.0000000 0.9363790 1.1700098 2.5214822 1.1951734 2.2857957 2.3847413 1.1512118 1.1568019 1.1700098 2.1001241 1.2273499 1.1834544 2.8141298 2.2942703 
taxon_17   1.2335398 1.1274583 1.2631209 1.2110891 2.9857619 1.2631209 3.2087006 1.1238698 2.5100317 2.7034037 2.5569222 2.7646621 1.7249415 2.6467731 2.1269127 0.9363790 0.0000000 1.1700098 2.1546936 1.1185190 2.2448019 2.2212397 1.0554851 1.1795884 1.1149729 2.1406745 1.2609689 1.2481846 2.6745540 2.4766930 
taxon_18   1.2191755 1.0906081 1.1549339 1.1530705 2.6332592 1.2849876 3.7885924 1.1493577 2.5449211 2.5100317 2.4042229 2.5691176 1.8228138 2.4042229 1.8505948 1.1700098 1.1700098 0.0000000 2.1201253 1.1009528 2.3291603 2.1201253 1.0219333 1.1624339 1.1475081 1.9568327 1.1167438 1.1238698 2.4659015 2.1983953 
taxon_19   2.5569222 2.1406745 4.0926915 3.1531196 1.2191755 2.9646337 1.2030891 2.1835433 1.2273499 1.1419866 1.1568019 1.1026919 0.8996537 1.1238698 0.9764649 2.5214822 2.1546936 2.1201253 0.0000000 1.3895881 0.6952601 1.0489775 1.5607820 2.3657530 2.3291603 1.0522242 2.5691176 2.6888402 1.1605519 1.0736777 
taxon_20   1.2090811 1.0992188 1.1815189 1.1971445 3.2087006 1.2609689 2.9646337 1.1328735 2.7972755 2.8670939 2.4876421 2.9240833 2.0935738 2.2135473 2.0616537 1.1951734 1.1185190 1.1009528 1.3895881 0.0000000 1.1971445 2.5691176 1.0329513 1.1624339 1.1892910 2.6888402 1.1605519 1.2783605 2.5569222 2.5691176 
taxon_21   2.7034037 2.2609314 3.0529709 2.9046017 1.1912467 2.6332592 1.2030891 2.1983953 1.1971445 1.1951734 1.0871913 1.0770333 0.9794119 1.1549339 1.0064689 2.2857957 2.2448019 2.3291603 0.6952601 1.1971445 0.0000000 1.0505991 1.6673684 2.1618021 2.1476513 1.1079306 2.5815145 2.8856134 1.2011023 1.1328735 
taxon_22   2.5331102 2.5331102 2.4552630 2.7646621 1.1274583 2.6888402 1.1700098 2.2212397 1.2030891 1.1719157 1.1991208 1.1605519 0.9575868 1.1873405 0.9808897 2.3847413 2.2212397 2.1201253 1.0489775 2.5691176 1.0505991 0.0000000 1.3669731 2.2774157 2.0742594 1.0538529 2.4987534 2.6069407 1.2252979 1.1383280 
taxon_23   1.0703369 1.1044340 1.2232516 1.2110891 2.2774157 1.1132061 2.4552630 1.0636998 2.6332592 2.4766930 2.4659015 2.3115125 1.3354663 2.2528233 1.5293966 1.1512118 1.0554851 1.0219333 1.5607820 1.0329513 1.6673684 1.3669731 0.0000000 1.1149729 1.0686721 1.7873043 1.1009528 1.1456631 2.7182557 1.9301394 
taxon_24   1.1912467 1.1292590 1.2652792 1.1700098 2.3751871 1.1009528 2.5569222 1.1383280 3.0529709 4.3084517 2.3751871 2.2857957 1.6455222 2.7972755 2.0310376 1.1568019 1.1795884 1.1624339 2.3657530 1.1624339 2.1618021 2.2774157 1.1149729 0.0000000 0.1608857 1.1328735 1.0957626 1.1419866 2.3944189 2.0074137 
taxon_25   1.1475081 1.0820951 1.2335398 1.1624339 2.1909325 1.0703369 2.3944189 1.1061803 2.8670939 2.9646337 2.4042229 2.0806424 1.5052010 2.7807916 1.8942965 1.1700098 1.1149729 1.1475081 2.3291603 1.1892910 2.1476513 2.0742594 1.0686721 0.1608857 0.0000000 0.9988546 1.1044340 1.1932075 2.3381423 2.0492572 
taxon_26   2.2774157 1.7451583 2.5100317 2.4042229 1.1328735 2.6069407 1.1044340 1.6898701 1.0457448 1.0686721 1.0670110 1.0188148 0.6294969 1.0854887 0.8621135 2.1001241 2.1406745 1.9568327 1.0522242 2.6888402 1.1079306 1.0538529 1.7873043 1.1328735 0.9988546 0.0000000 2.1133988 2.1406745 1.0297868 0.8446418 
taxon_27   1.1185190 1.2030891 1.2110891 1.1795884 2.6888402 1.2090811 3.3688811 1.1149729 2.6199845 2.8670939 2.4344284 2.3381423 2.0310376 2.6888402 2.3115125 1.2273499 1.2609689 1.1167438 2.5691176 1.1605519 2.5815145 2.4987534 1.1009528 1.0957626 1.1044340 2.1133988 0.0000000 1.1892910 2.6467731 1.7091514 
taxon_28   1.2151214 1.1681086 1.2503002 1.1719157 2.7182557 1.2030891 3.7285608 1.2232516 3.1268011 3.0298922 3.0075025 2.7807916 2.1762261 2.4242241 2.4344284 1.1834544 1.2481846 1.1238698 2.6888402 1.2783605 2.8856134 2.6069407 1.1456631 1.1419866 1.1932075 2.1406745 1.1892910 0.0000000 2.0742594 1.5607820 
taxon_29   2.7182557 2.2942703 2.9646337 2.7972755 1.1815189 2.7034037 1.1096849 2.6069407 1.2696143 1.2131026 1.1815189 1.1643207 1.0906081 1.2191755 1.1549339 2.8141298 2.6745540 2.4659015 1.1605519 2.5569222 1.2011023 1.2252979 2.7182557 2.3944189 2.3381423 1.0297868 2.6467731 2.0742594 0.0000000 0.6922339 
taxon_30   2.1762261 1.8942965 2.3472332 2.6745540 1.1662123 2.1762261 1.0804041 1.8843626 1.1383280 1.1719157 1.1719157 1.0770333 0.8179831 1.1114434 0.9619013 2.2942703 2.4766930 2.1983953 1.0736777 2.5691176 1.1328735 1.1383280 1.9301394 2.0074137 2.0492572 0.8446418 1.7091514 1.5607820 0.6922339 0.0000000 
