30
taxon_1    0.0000000 1.7023465 4.6609561 4.2778369 9.0000000 9.0000000 4.1410957 3.1666335 3.1332946 9.0000000 4.2778369 9.0000000 9.0000000 9.0000000 9.0000000 3.9253341 2.5360461 2.5660501 9.0000000 9.0000000 9.0000000 4.9650549 9.0000000 9.0000000 9.0000000 4.2778369 4.4451945 3.0707584 2.9594434 3.4054737 
taxon_2    1.7023465 0.0000000 4.0254827 4.4451945 3.5612033 3.5056223 4.6609561 1.8285173 3.0707584 3.3600053 9.0000000 4.2778369 9.0000000 9.0000000 3.0707584 2.9857619 3.5056223 3.0130376 3.4054737 2.7182557 2.6299184 1.6738620 2.8184042 2.5973046 3.0707584 3.5056223 3.0413429 3.1332946 9.0000000 3.9253341 
taxon_3    4.6609561 4.0254827 0.0000000 1.0914654 2.5214825 2.1890784 2.0538821 9.0000000 3.1666335 2.7567257 5.4849153 9.0000000 9.0000000 2.9340173 3.4054737 9.0000000 3.5612033 3.4054737 9.0000000 2.9857619 9.0000000 3.6212353 9.0000000 9.0000000 3.3600053 9.0000000 3.2381161 9.0000000 9.0000000 4.4451945 
taxon_4    4.2778369 4.4451945 1.0914654 0.0000000 1.8636800 1.7319556 1.6330665 2.1441548 2.3426742 3.5056223 3.6864938 9.0000000 9.0000000 2.7567257 2.7972761 3.1013749 3.8369969 3.6212353 9.0000000 3.1013749 2.7972761 1.7733454 9.0000000 9.0000000 5.4849153 3.2381161 4.0254827 3.9253341 3.5056223 3.6212353 
taxon_5    9.0000000 3.5612033 2.5214825 1.8636800 0.0000000 1.7680450 1.6646026 2.1441548 2.7567257 9.0000000 3.6212353 2.8856134 3.0707584 3.0413429 3.1013749 9.0000000 9.0000000 9.0000000 4.9650549 9.0000000 9.0000000 2.6134342 3.3600053 3.6864938 3.2765861 3.8369969 3.6212353 9.0000000 9.0000000 9.0000000 
taxon_6    9.0000000 3.5056223 2.1890784 1.7319556 1.7680450 0.0000000 0.5856646 2.4794154 2.5815145 3.6212353 9.0000000 2.8184042 3.7579765 9.0000000 3.1666335 9.0000000 3.2015235 3.3600053 3.6864938 2.7567257 9.0000000 2.2173837 2.8625346 3.2381161 2.6134342 3.6864938 3.1332946 3.4054737 4.9650549 9.0000000 
taxon_7    4.1410957 4.6609561 2.0538821 1.6330665 1.6646026 0.5856646 0.0000000 2.2368653 2.7182557 9.0000000 3.5612033 3.1332946 3.1332946 2.5214825 2.7767269 2.9857619 2.6299184 2.6134342 9.0000000 3.8369969 4.0254827 1.9595550 3.5612033 2.9094249 2.0935739 2.9094249 2.9857619 3.0413429 3.1666335 3.4538776 
taxon_8    3.1666335 1.8285173 9.0000000 2.1441548 2.1441548 2.4794154 2.2368653 0.0000000 1.8757770 2.0695076 2.4267622 3.1666335 2.5660501 2.9594434 2.2985439 2.0935739 2.3202845 2.2774157 2.4794154 1.9460411 1.7894750 0.8254607 2.4794154 2.6134342 2.0461897 2.3313958 2.8184042 2.7972761 2.5660501 2.5071964 
taxon_9    3.1332946 3.0707584 3.1666335 2.3426742 2.7567257 2.5815145 2.7182557 1.8757770 0.0000000 1.0766135 3.2015235 2.8856134 2.7972761 4.1410957 2.9594434 2.3541248 3.2765861 3.3171365 4.2778369 2.5508980 2.4267622 1.7840598 9.0000000 2.9857619 4.4451945 9.0000000 9.0000000 2.8856134 9.0000000 3.2381161 
taxon_10   9.0000000 3.3600053 2.7567257 3.5056223 9.0000000 3.6212353 9.0000000 2.0695076 1.0766135 0.0000000 2.3541248 3.1332946 2.6816631 2.5660501 2.9857619 2.4659015 2.5660501 2.5360461 2.7972761 2.0310377 2.2467992 1.5943759 3.2765861 3.6864938 5.4849153 2.7182557 9.0000000 3.0130376 3.0413429 4.9650549 
taxon_11   4.2778369 9.0000000 5.4849153 3.6864938 3.6212353 9.0000000 3.5612033 2.4267622 3.2015235 2.3541248 0.0000000 1.0457449 0.8930457 0.9164329 0.7178345 1.3807123 1.4465440 1.3934245 2.7372441 2.1529268 2.0616541 2.2568665 9.0000000 3.6864938 3.4538776 3.2381161 9.0000000 2.6640152 2.9594434 2.8856134 
taxon_12   9.0000000 4.2778369 9.0000000 9.0000000 2.8856134 2.8184042 3.1332946 3.1666335 2.8856134 3.1332946 1.0457449 0.0000000 0.3974214 0.8914027 0.6518168 1.5615838 1.5417938 1.5187150 2.6299184 2.6640152 2.2270612 2.4794154 4.4451945 9.0000000 9.0000000 9.0000000 9.0000000 4.1410957 3.6864938 3.8369969 
taxon_13   9.0000000 9.0000000 9.0000000 9.0000000 3.0707584 3.7579765 3.1332946 2.5660501 2.7972761 2.6816631 0.8930457 0.3974214 0.0000000 0.7634658 0.4952680 1.3172942 1.3682120 1.3468256 2.4659015 2.3202845 2.0854657 2.2467992 3.5612033 3.4054737 3.4054737 3.7579765 9.0000000 3.9253341 3.1013749 3.7579765 
taxon_14   9.0000000 9.0000000 2.9340173 2.7567257 3.0413429 9.0000000 2.5214825 2.9594434 4.1410957 2.5660501 0.9164329 0.8914027 0.7634658 0.0000000 0.5662669 1.4396946 1.5000108 1.4569368 9.0000000 2.7767269 2.2774157 2.5214825 9.0000000 9.0000000 9.0000000 4.6609561 4.0254827 3.2015235 9.0000000 3.7579765 
taxon_15   9.0000000 3.0707584 3.4054737 2.7972761 3.1013749 3.1666335 2.7767269 2.2985439 2.9594434 2.9857619 0.7178345 0.6518168 0.4952680 0.5662669 0.0000000 1.2508301 1.2534850 1.2247858 2.9857619 2.1983953 1.8517750 2.1354842 9.0000000 5.4849153 4.6609561 3.1332946 9.0000000 2.6134342 3.0707584 2.7567257 
taxon_16   3.9253341 2.9857619 9.0000000 3.1013749 9.0000000 9.0000000 2.9857619 2.0935739 2.3541248 2.4659015 1.3807123 1.5615838 1.3172942 1.4396946 1.2508301 0.0000000 0.9198342 0.8881276 2.1100580 1.5901977 1.6330665 1.7575553 3.1332946 3.6864938 3.5056223 3.5056223 3.8369969 3.9253341 2.8625346 2.9594434 
taxon_17   2.5360461 3.5056223 3.5612033 3.8369969 9.0000000 3.2015235 2.6299184 2.3202845 3.2765861 2.5660501 1.4465440 1.5417938 1.3682120 1.5000108 1.2534850 0.9198342 0.0000000 0.0442819 2.2270612 1.7023465 1.4853762 2.1707848 3.6864938 5.4849153 9.0000000 2.7972761 4.1410957 9.0000000 3.4054737 9.0000000 
taxon_18   2.5660501 3.0130376 3.4054737 3.6212353 9.0000000 3.3600053 2.6134342 2.2774157 3.3171365 2.5360461 1.3934245 1.5187150 1.3468256 1.4569368 1.2247858 0.8881276 0.0442819 0.0000000 2.2879054 1.7319556 1.4781646 2.0774442 4.0254827 9.0000000 9.0000000 2.8184042 5.4849153 3.9253341 4.0254827 9.0000000 
taxon_19   9.0000000 3.4054737 9.0000000 9.0000000 4.9650549 3.6864938 9.0000000 2.4794154 4.2778369 2.7972761 2.7372441 2.6299184 2.4659015 9.0000000 2.9857619 2.1100580 2.2270612 2.2879054 0.0000000 2.2270612 2.3657530 2.5973046 9.0000000 9.0000000 3.4538776 3.2381161 9.0000000 3.2015235 3.4538776 4.0254827 
taxon_20   9.0000000 2.7182557 2.9857619 3.1013749 9.0000000 2.7567257 3.8369969 1.9460411 2.5508980 2.0310377 2.1529268 2.6640152 2.3202845 2.7767269 2.1983953 1.5901977 1.7023465 1.7319556 2.2270612 0.0000000 1.5263293 1.8942965 4.0254827 5.4849153 2.9340173 3.6212353 9.0000000 2.9340173 3.2015235 3.6212353 
taxon_21   9.0000000 2.6299184 9.0000000 2.7972761 9.0000000 9.0000000 4.0254827 1.7894750 2.4267622 2.2467992 2.0616541 2.2270612 2.0854657 2.2774157 1.8517750 1.6330665 1.4853762 1.4781646 2.3657530 1.5263293 0.0000000 1.8942965 2.7972761 3.1013749 3.1332946 2.9094249 3.5612033 3.0130376 3.2381161 3.4538776 
taxon_22   4.9650549 1.6738620 3.6212353 1.7733454 2.6134342 2.2173837 1.9595550 0.8254607 1.7840598 1.5943759 2.2568665 2.4794154 2.2467992 2.5214825 2.1354842 1.7575553 2.1707848 2.0774442 2.5973046 1.8942965 1.8942965 0.0000000 2.1184380 2.0385754 1.6374913 2.2078294 2.1529268 2.2173837 2.1983953 2.1890784 
taxon_23   9.0000000 2.8184042 9.0000000 9.0000000 3.3600053 2.8625346 3.5612033 2.4794154 9.0000000 3.2765861 9.0000000 4.4451945 3.5612033 9.0000000 9.0000000 3.1332946 3.6864938 4.0254827 9.0000000 4.0254827 2.7972761 2.1184380 0.0000000 1.7319556 1.3934245 2.8625346 2.9857619 4.4451945 9.0000000 3.4054737 
taxon_24   9.0000000 2.5973046 9.0000000 9.0000000 3.6864938 3.2381161 2.9094249 2.6134342 2.9857619 3.6864938 3.6864938 9.0000000 3.4054737 9.0000000 5.4849153 3.6864938 5.4849153 9.0000000 9.0000000 5.4849153 3.1013749 2.0385754 1.7319556 0.0000000 1.0703373 3.2015235 4.1410957 9.0000000 9.0000000 9.0000000 
taxon_25   9.0000000 3.0707584 3.3600053 5.4849153 3.2765861 2.6134342 2.0935739 2.0461897 4.4451945 5.4849153 3.4538776 9.0000000 3.4054737 9.0000000 4.6609561 3.5056223 9.0000000 9.0000000 3.4538776 2.9340173 3.1332946 1.6374913 1.3934245 1.0703373 0.0000000 3.2381161 9.0000000 3.8369969 2.7567257 2.8856134 
taxon_26   4.2778369 3.5056223 9.0000000 3.2381161 3.8369969 3.6864938 2.9094249 2.3313958 9.0000000 2.7182557 3.2381161 9.0000000 3.7579765 4.6609561 3.1332946 3.5056223 2.7972761 2.8184042 3.2381161 3.6212353 2.9094249 2.2078294 2.8625346 3.2015235 3.2381161 0.0000000 2.6299184 3.3600053 2.6299184 2.8401449 
taxon_27   4.4451945 3.0413429 3.2381161 4.0254827 3.6212353 3.1332946 2.9857619 2.8184042 9.0000000 9.0000000 9.0000000 9.0000000 9.0000000 4.0254827 9.0000000 3.8369969 4.1410957 5.4849153 9.0000000 9.0000000 3.5612033 2.1529268 2.9857619 4.1410957 9.0000000 2.6299184 0.0000000 3.9253341 2.1983953 2.7372441 
taxon_28   3.0707584 3.1332946 9.0000000 3.9253341 9.0000000 3.4054737 3.0413429 2.7972761 2.8856134 3.0130376 2.6640152 4.1410957 3.9253341 3.2015235 2.6134342 3.9253341 9.0000000 3.9253341 3.2015235 2.9340173 3.0130376 2.2173837 4.4451945 9.0000000 3.8369969 3.3600053 3.9253341 0.0000000 1.5819103 1.3378435 
taxon_29   2.9594434 9.0000000 9.0000000 3.5056223 9.0000000 4.9650549 3.1666335 2.5660501 9.0000000 3.0413429 2.9594434 3.6864938 3.1013749 9.0000000 3.0707584 2.8625346 3.4054737 4.0254827 3.4538776 3.2015235 3.2381161 2.1983953 9.0000000 9.0000000 2.7567257 2.6299184 2.1983953 1.5819103 0.0000000 0.4008266 
taxon_30   3.4054737 3.9253341 4.4451945 3.6212353 9.0000000 9.0000000 3.4538776 2.5071964 3.2381161 4.9650549 2.8856134 3.8369969 3.7579765 3.7579765 2.7567257 2.9594434 9.0000000 9.0000000 4.0254827 3.6212353 3.4538776 2.1890784 3.4054737 9.0000000 2.8856134 2.8401449 2.7372441 1.3378435 0.4008266 0.0000000 
