RF=0.851064
WRF=0.023983
