RF=0.808511
WRF=0.021684
