30
taxon_1    0.0000000 0.6872180 0.5809482 1.4674755 1.1161530 9.0000000 0.7256880 9.0000000 0.6104504 1.3891630 0.7616230 0.7470418 0.7625438 9.0000000 0.7926231 9.0000000 9.0000000 9.0000000 9.0000000 0.7588674 0.6218200 9.0000000 9.0000000 0.8130391 9.0000000 0.8432040 0.8279699 0.8091072 9.0000000 9.0000000 
taxon_2    0.6872180 0.0000000 0.2858233 1.7236129 2.5711695 9.0000000 0.7783731 9.0000000 0.7380704 9.0000000 0.8110706 0.8219619 0.8160016 9.0000000 0.8130391 9.0000000 9.0000000 9.0000000 9.0000000 0.7793147 0.7690214 9.0000000 9.0000000 0.8587540 9.0000000 0.8051959 0.8209652 0.8432040 9.0000000 9.0000000 
taxon_3    0.5809482 0.2858233 0.0000000 1.0620499 1.4769693 9.0000000 0.7380704 9.0000000 0.6443022 1.9069018 0.7542970 0.7643889 0.7708824 9.0000000 0.8022757 9.0000000 9.0000000 9.0000000 9.0000000 0.7755553 0.7023701 9.0000000 9.0000000 0.8179831 9.0000000 0.8130391 0.8130391 0.8442307 9.0000000 9.0000000 
taxon_4    1.4674755 1.7236129 1.0620499 0.0000000 0.2195488 0.7092038 9.0000000 0.6789297 2.2636535 0.3259129 9.0000000 9.0000000 9.0000000 0.7993668 9.0000000 0.7974339 0.6863852 0.7488490 0.7662384 9.0000000 2.8856134 0.7993668 0.7868906 9.0000000 0.8350407 9.0000000 9.0000000 9.0000000 0.7849894 0.7274445 
taxon_5    1.1161530 2.5711695 1.4769693 0.2195488 0.0000000 0.6395951 3.0413429 0.5882157 1.5496469 0.1516891 9.0000000 9.0000000 9.0000000 0.7746184 9.0000000 0.7597848 0.5926102 0.7570359 0.7570359 9.0000000 1.7039611 0.7926231 0.7497543 9.0000000 0.7926231 9.0000000 9.0000000 9.0000000 0.7497543 0.6602094 
taxon_6    9.0000000 9.0000000 9.0000000 0.7092038 0.6395951 0.0000000 2.1441548 0.7248113 3.1666335 0.6037105 9.0000000 9.0000000 9.0000000 0.8130391 9.0000000 0.7926231 0.8051959 0.8100883 0.7945437 9.0000000 9.0000000 0.8061718 0.8061718 9.0000000 0.8032478 9.0000000 9.0000000 9.0000000 0.8279699 0.7935828 
taxon_7    0.7256880 0.7783731 0.7380704 9.0000000 3.0413429 2.1441548 0.0000000 9.0000000 0.5985099 2.6467731 0.7821467 0.7802575 0.8130391 9.0000000 0.8189758 9.0000000 9.0000000 9.0000000 9.0000000 0.7945437 0.7389627 9.0000000 9.0000000 0.8032478 9.0000000 0.8022757 0.7868906 0.8003352 9.0000000 9.0000000 
taxon_8    9.0000000 9.0000000 9.0000000 0.6789297 0.5882157 0.7248113 9.0000000 0.0000000 2.8856134 0.5560527 9.0000000 9.0000000 9.0000000 0.7868906 9.0000000 0.8013048 0.7407505 0.8100883 0.8229599 9.0000000 9.0000000 0.8209652 0.8249599 9.0000000 0.8169917 9.0000000 9.0000000 9.0000000 0.7625438 0.7616230 
taxon_9    0.6104504 0.7380704 0.6443022 2.2636535 1.5496469 3.1666335 0.5985099 2.8856134 0.0000000 1.3338857 0.7570359 0.7634658 0.8091072 9.0000000 0.8279699 9.0000000 9.0000000 9.0000000 9.0000000 0.8179831 0.6059504 9.0000000 9.0000000 0.7746184 9.0000000 0.8081275 0.8350407 0.8391112 9.0000000 9.0000000 
taxon_10   1.3891630 9.0000000 1.9069018 0.3259129 0.1516891 0.6037105 2.6467731 0.5560527 1.3338857 0.0000000 9.0000000 9.0000000 9.0000000 0.7345117 9.0000000 0.7690214 0.5659120 0.7597848 0.7524766 9.0000000 1.4890080 0.7690214 0.7452389 9.0000000 0.7783731 9.0000000 9.0000000 9.0000000 0.7579511 0.6256485 
taxon_11   0.7616230 0.8110706 0.7542970 9.0000000 9.0000000 9.0000000 0.7821467 9.0000000 0.7570359 9.0000000 0.0000000 0.6546034 0.7680926 9.0000000 0.8051959 9.0000000 9.0000000 9.0000000 9.0000000 0.7662384 0.6764612 9.0000000 9.0000000 0.8160016 9.0000000 0.8061718 0.7955058 0.8013048 9.0000000 9.0000000 
taxon_12   0.7470418 0.8219619 0.7643889 9.0000000 9.0000000 9.0000000 0.7802575 9.0000000 0.7634658 9.0000000 0.6546034 0.0000000 0.7718147 9.0000000 0.7680926 9.0000000 9.0000000 9.0000000 9.0000000 0.7718147 0.6037105 9.0000000 9.0000000 0.7840406 9.0000000 0.8003352 0.8320022 0.7897513 9.0000000 9.0000000 
taxon_13   0.7625438 0.8160016 0.7708824 9.0000000 9.0000000 9.0000000 0.8130391 9.0000000 0.8091072 9.0000000 0.7680926 0.7718147 0.0000000 9.0000000 0.8022757 9.0000000 9.0000000 9.0000000 9.0000000 0.8160016 0.7178345 9.0000000 9.0000000 0.8269652 9.0000000 0.7983997 0.8003352 0.8081275 9.0000000 9.0000000 
taxon_14   9.0000000 9.0000000 9.0000000 0.7993668 0.7746184 0.8130391 9.0000000 0.7868906 9.0000000 0.7345117 9.0000000 9.0000000 9.0000000 0.0000000 9.0000000 0.8524953 0.8042212 0.8130391 0.8042212 9.0000000 9.0000000 0.8150128 0.7840406 9.0000000 0.8071490 9.0000000 9.0000000 9.0000000 0.8110706 0.7887965 
taxon_15   0.7926231 0.8130391 0.8022757 9.0000000 9.0000000 9.0000000 0.8189758 9.0000000 0.8279699 9.0000000 0.8051959 0.7680926 0.8022757 9.0000000 0.0000000 9.0000000 9.0000000 9.0000000 9.0000000 0.8032478 0.7143703 9.0000000 9.0000000 0.8013048 9.0000000 0.7561218 0.7783731 0.8150128 9.0000000 9.0000000 
taxon_16   9.0000000 9.0000000 9.0000000 0.7974339 0.7597848 0.7926231 9.0000000 0.8013048 9.0000000 0.7690214 9.0000000 9.0000000 9.0000000 0.8524953 9.0000000 0.0000000 0.6586034 0.8421787 0.8360563 9.0000000 9.0000000 0.8411548 0.8360563 9.0000000 0.8130391 9.0000000 9.0000000 9.0000000 0.8380915 0.8269652 
taxon_17   9.0000000 9.0000000 9.0000000 0.6863852 0.5926102 0.8051959 9.0000000 0.7407505 9.0000000 0.5659120 9.0000000 9.0000000 9.0000000 0.8042212 9.0000000 0.6586034 0.0000000 0.7345117 0.7178345 9.0000000 1.0013841 0.7812015 0.7506606 9.0000000 0.7597848 9.0000000 9.0000000 9.0000000 0.7821467 0.5918760 
taxon_18   9.0000000 9.0000000 9.0000000 0.7488490 0.7570359 0.8100883 9.0000000 0.8100883 9.0000000 0.7597848 9.0000000 9.0000000 9.0000000 0.8130391 9.0000000 0.8421787 0.7345117 0.0000000 0.1627883 9.0000000 9.0000000 0.8022757 0.8209652 9.0000000 0.8140253 9.0000000 9.0000000 9.0000000 0.8199698 0.7764934 
taxon_19   9.0000000 9.0000000 9.0000000 0.7662384 0.7570359 0.7945437 9.0000000 0.8229599 9.0000000 0.7524766 9.0000000 9.0000000 9.0000000 0.8042212 9.0000000 0.8360563 0.7178345 0.1627883 0.0000000 9.0000000 9.0000000 0.7793147 0.8003352 9.0000000 0.8120542 9.0000000 9.0000000 9.0000000 0.8140253 0.7690214 
taxon_20   0.7588674 0.7793147 0.7755553 9.0000000 9.0000000 9.0000000 0.7945437 9.0000000 0.8179831 9.0000000 0.7662384 0.7718147 0.8160016 9.0000000 0.8032478 9.0000000 9.0000000 9.0000000 9.0000000 0.0000000 0.5816718 9.0000000 9.0000000 0.7868906 9.0000000 0.7868906 0.7579511 0.7812015 9.0000000 9.0000000 
taxon_21   0.6218200 0.7690214 0.7023701 2.8856134 1.7039611 9.0000000 0.7389627 9.0000000 0.6059504 1.4890080 0.6764612 0.6037105 0.7178345 9.0000000 0.7143703 9.0000000 1.0013841 9.0000000 9.0000000 0.5816718 0.0000000 9.0000000 9.0000000 0.6650481 9.0000000 0.7213148 0.7135068 0.7265657 9.0000000 1.7645321 
taxon_22   9.0000000 9.0000000 9.0000000 0.7993668 0.7926231 0.8061718 9.0000000 0.8209652 9.0000000 0.7690214 9.0000000 9.0000000 9.0000000 0.8150128 9.0000000 0.8411548 0.7812015 0.8022757 0.7793147 9.0000000 9.0000000 0.0000000 0.3753814 1.7236129 0.7802575 9.0000000 9.0000000 9.0000000 0.8380915 0.7821467 
taxon_23   9.0000000 9.0000000 9.0000000 0.7868906 0.7497543 0.8061718 9.0000000 0.8249599 9.0000000 0.7452389 9.0000000 9.0000000 9.0000000 0.7840406 9.0000000 0.8360563 0.7506606 0.8209652 0.8003352 9.0000000 9.0000000 0.3753814 0.0000000 1.3640911 0.7616230 9.0000000 9.0000000 9.0000000 0.7916646 0.8003352 
taxon_24   0.8130391 0.8587540 0.8179831 9.0000000 9.0000000 9.0000000 0.8032478 9.0000000 0.7746184 9.0000000 0.8160016 0.7840406 0.8269652 9.0000000 0.8013048 9.0000000 9.0000000 9.0000000 9.0000000 0.7868906 0.6650481 1.7236129 1.3640911 0.0000000 9.0000000 0.7607034 0.7793147 0.8199698 9.0000000 9.0000000 
taxon_25   9.0000000 9.0000000 9.0000000 0.8350407 0.7926231 0.8032478 9.0000000 0.8169917 9.0000000 0.7783731 9.0000000 9.0000000 9.0000000 0.8071490 9.0000000 0.8130391 0.7597848 0.8140253 0.8120542 9.0000000 9.0000000 0.7802575 0.7616230 9.0000000 0.0000000 9.0000000 9.0000000 9.0000000 0.8071490 0.7718147 
taxon_26   0.8432040 0.8051959 0.8130391 9.0000000 9.0000000 9.0000000 0.8022757 9.0000000 0.8081275 9.0000000 0.8061718 0.8003352 0.7983997 9.0000000 0.7561218 9.0000000 9.0000000 9.0000000 9.0000000 0.7868906 0.7213148 9.0000000 9.0000000 0.7607034 9.0000000 0.0000000 0.2367183 0.7926231 9.0000000 9.0000000 
taxon_27   0.8279699 0.8209652 0.8130391 9.0000000 9.0000000 9.0000000 0.7868906 9.0000000 0.8350407 9.0000000 0.7955058 0.8320022 0.8003352 9.0000000 0.7783731 9.0000000 9.0000000 9.0000000 9.0000000 0.7579511 0.7135068 9.0000000 9.0000000 0.7793147 9.0000000 0.2367183 0.0000000 0.8003352 9.0000000 9.0000000 
taxon_28   0.8091072 0.8432040 0.8442307 9.0000000 9.0000000 9.0000000 0.8003352 9.0000000 0.8391112 9.0000000 0.8013048 0.7897513 0.8081275 9.0000000 0.8150128 9.0000000 9.0000000 9.0000000 9.0000000 0.7812015 0.7265657 9.0000000 9.0000000 0.8199698 9.0000000 0.7926231 0.8003352 0.0000000 0.6349173 9.0000000 
taxon_29   9.0000000 9.0000000 9.0000000 0.7849894 0.7497543 0.8279699 9.0000000 0.7625438 9.0000000 0.7579511 9.0000000 9.0000000 9.0000000 0.8110706 9.0000000 0.8380915 0.7821467 0.8199698 0.8140253 9.0000000 9.0000000 0.8380915 0.7916646 9.0000000 0.8071490 9.0000000 9.0000000 0.6349173 0.0000000 0.6388134 
taxon_30   9.0000000 9.0000000 9.0000000 0.7274445 0.6602094 0.7935828 9.0000000 0.7616230 9.0000000 0.6256485 9.0000000 9.0000000 9.0000000 0.7887965 9.0000000 0.8269652 0.5918760 0.7764934 0.7690214 9.0000000 1.7645321 0.7821467 0.8003352 9.0000000 0.7718147 9.0000000 9.0000000 9.0000000 0.6388134 0.0000000 
