RF=0.170213
WRF=0.063514
