50
taxon_1    0.0000000 0.3045990 0.3106272 0.2863114 0.2872886 0.2790227 0.3202720 0.2799905 0.2684592 0.3061015 0.2907189 0.2150952 0.3035990 0.3006070 0.2986189 0.2966361 0.3116366 0.2746833 0.3106272 0.3295250 0.3106272 0.2746833 0.2780562 0.3011048 0.3161959 0.2756454 0.2897372 0.3290079 0.2996123 0.2872886 0.3146730 0.3192509 0.3177218 0.3151803 0.3146730 0.2882671 0.2877777 0.2775735 0.3006070 0.1897726 0.2641803 0.3131533 0.3279749 0.3081095 0.3177218 0.3030995 0.2986189 0.2986189 0.3394175 0.3091156 
taxon_2    0.3045990 0.0000000 0.1516891 0.2917018 0.2809595 0.2809595 0.3207830 0.2756454 0.2751642 0.3126474 0.2829012 0.2159838 0.3056003 0.3091156 0.3081095 0.3021015 0.3499736 0.3040988 0.3452050 0.3596029 0.4230526 0.4022500 0.3960071 0.4224669 0.4402402 0.4062500 0.4114245 0.4486808 0.4330803 0.4148940 0.4301170 0.4324867 0.4444487 0.4420409 0.4324867 0.4201286 0.4143146 0.3847877 0.4248125 0.3131533 0.3864600 0.4259880 0.4313009 0.4318936 0.4378460 0.4236388 0.4189622 0.4172160 0.4633752 0.4432438 
taxon_3    0.3106272 0.1516891 0.0000000 0.2931787 0.2848480 0.2829012 0.3321157 0.2799905 0.2795065 0.3172128 0.2892469 0.2249285 0.3106272 0.3192509 0.3061015 0.3061015 0.3639225 0.3212945 0.3547728 0.3699030 0.4360553 0.4011111 0.4096957 0.4242254 0.4438460 0.4051050 0.4242254 0.4596745 0.4372486 0.4236388 0.4324867 0.4450518 0.4505020 0.4511100 0.4390421 0.4277548 0.4131572 0.3977046 0.4336743 0.3218062 0.3999738 0.4444487 0.4547685 0.4547685 0.4529370 0.4414402 0.4384438 0.4236388 0.4752159 0.4505020 
taxon_4    0.2863114 0.2917018 0.2931787 0.0000000 0.2689361 0.2589834 0.3076070 0.2637063 0.2556949 0.2971313 0.2742027 0.2080238 0.2946585 0.2931787 0.2887568 0.2853355 0.3436222 0.3091156 0.3425688 0.3655489 0.4033907 0.3759315 0.3814544 0.4045331 0.4096957 0.3737337 0.3870182 0.4301170 0.4137357 0.3988383 0.4218816 0.4224669 0.4271654 0.4295258 0.4172160 0.4039617 0.3982712 0.3753815 0.4177976 0.3045990 0.3775841 0.4207125 0.4330803 0.4195452 0.4301170 0.4085454 0.4160541 0.4096957 0.4486808 0.4265765 
taxon_5    0.2872886 0.2809595 0.2848480 0.2689361 0.0000000 0.1607205 0.1979742 0.1603076 0.2426835 0.2882671 0.2618136 0.1932150 0.2775735 0.2872886 0.2718042 0.2829012 0.3243703 0.3026003 0.3352363 0.3489113 0.4022500 0.3775841 0.3831192 0.3971383 0.4160541 0.3775841 0.3960071 0.4318936 0.4125792 0.4011111 0.4120016 0.4295258 0.4207125 0.4207125 0.4230526 0.4005422 0.4079709 0.3809003 0.4085454 0.2976268 0.3875769 0.4313009 0.4486808 0.4307087 0.4318936 0.4131572 0.4137357 0.4051050 0.4498944 0.4224669 
taxon_6    0.2790227 0.2809595 0.2829012 0.2589834 0.1607205 0.0000000 0.1686087 0.1232630 0.2353484 0.2804748 0.2514880 0.1863460 0.2722833 0.2751642 0.2713254 0.2732424 0.3290079 0.2921938 0.3305602 0.3441494 0.4108478 0.3775841 0.3847877 0.4039617 0.4137357 0.3775841 0.3881359 0.4313009 0.4096957 0.3937497 0.4051050 0.4177976 0.4108478 0.4137357 0.4166348 0.3886954 0.3864600 0.3709955 0.4011111 0.2892469 0.3699030 0.4236388 0.4354593 0.4283447 0.4277548 0.4108478 0.4108478 0.4062500 0.4486808 0.4207125 
taxon_7    0.3202720 0.3207830 0.3321157 0.3076070 0.1979742 0.1686087 0.0000000 0.0812459 0.2872886 0.3202720 0.2971313 0.2312538 0.3259130 0.3207830 0.3151803 0.3172128 0.3715424 0.3441494 0.3831192 0.3954421 0.4318936 0.4091203 0.4154738 0.4259880 0.4372486 0.4045331 0.4248125 0.4652324 0.4438460 0.4283447 0.4578310 0.4627571 0.4511100 0.4541575 0.4559920 0.4313009 0.4342689 0.4189622 0.4444487 0.3243703 0.4166348 0.4621396 0.4720817 0.4677158 0.4621396 0.4511100 0.4420409 0.4307087 0.4764732 0.4432438 
taxon_8    0.2799905 0.2756454 0.2799905 0.2637063 0.1603076 0.1232630 0.0812459 0.0000000 0.2417626 0.2775735 0.2538223 0.1872012 0.2746833 0.2775735 0.2708470 0.2742027 0.3264279 0.2941649 0.3331544 0.3452050 0.3943134 0.3709955 0.3737337 0.3909376 0.4033907 0.3628403 0.3914992 0.4259880 0.4022500 0.3864600 0.4131572 0.4207125 0.4137357 0.4131572 0.4148940 0.3859021 0.3898157 0.3693574 0.4045331 0.2848480 0.3726372 0.4183797 0.4354593 0.4230526 0.4212968 0.4073968 0.4091203 0.3965725 0.4378460 0.4079709 
taxon_9    0.2684592 0.2751642 0.2795065 0.2556949 0.2426835 0.2353484 0.2872886 0.2417626 0.0000000 0.2240292 0.2115512 0.1407519 0.2538223 0.2585127 0.2445285 0.2538223 0.3336744 0.2892469 0.3310783 0.3457334 0.3960071 0.3579894 0.3688121 0.3926236 0.4033907 0.3633812 0.3820089 0.4079709 0.3920612 0.3786879 0.3999738 0.3971383 0.3954421 0.3937497 0.4016803 0.3803466 0.3742826 0.3596029 0.4022500 0.2795065 0.3547728 0.4131572 0.4242254 0.4091203 0.4062500 0.4033907 0.4028202 0.3886954 0.4336743 0.4143146 
taxon_10   0.3061015 0.3126474 0.3172128 0.2971313 0.2882671 0.2804748 0.3202720 0.2775735 0.2240292 0.0000000 0.1902021 0.1158353 0.2751642 0.2961412 0.2732424 0.2863114 0.3521028 0.3243703 0.3590647 0.3831192 0.4254000 0.4045331 0.4056773 0.4236388 0.4342689 0.4068232 0.4183797 0.4450518 0.4289350 0.4137357 0.4498944 0.4541575 0.4535470 0.4523275 0.4559920 0.4342689 0.4160541 0.4051050 0.4426421 0.3253984 0.4011111 0.4523275 0.4702075 0.4480748 0.4529370 0.4535470 0.4396409 0.4408400 0.4771027 0.4578310 
taxon_11   0.2907189 0.2829012 0.2892469 0.2742027 0.2618136 0.2514880 0.2971313 0.2538223 0.2115512 0.1902021 0.0000000 0.0834781 0.2613411 0.2785393 0.2618136 0.2766088 0.3373240 0.3006070 0.3347153 0.3574523 0.4096957 0.3797933 0.3797933 0.4033907 0.4137357 0.3814544 0.3994059 0.4307087 0.4143146 0.3965725 0.4230526 0.4289350 0.4183797 0.4160541 0.4201286 0.4005422 0.4039617 0.3847877 0.4212968 0.3040988 0.3770329 0.4348639 0.4438460 0.4295258 0.4342689 0.4248125 0.4154738 0.4091203 0.4584450 0.4307087 
taxon_12   0.2150952 0.2159838 0.2249285 0.2080238 0.1932150 0.1863460 0.2312538 0.1872012 0.1407519 0.1158353 0.0834781 0.0000000 0.1927838 0.2045130 0.1936464 0.2023270 0.2684592 0.2335258 0.2660790 0.2858233 0.3430953 0.3146730 0.3156879 0.3394175 0.3494423 0.3172128 0.3284912 0.3574523 0.3425688 0.3284912 0.3542381 0.3612198 0.3606805 0.3563794 0.3590647 0.3409915 0.3326349 0.3182311 0.3547728 0.2353484 0.3096191 0.3660917 0.3731853 0.3574523 0.3666350 0.3553080 0.3483807 0.3446770 0.3870182 0.3617596 
taxon_13   0.3035990 0.3056003 0.3106272 0.2946585 0.2775735 0.2722833 0.3259130 0.2746833 0.2538223 0.2751642 0.2613411 0.1927838 0.0000000 0.2641803 0.2524208 0.2514880 0.3601415 0.3131533 0.3425688 0.3660917 0.4254000 0.4045331 0.3994059 0.4254000 0.4414402 0.3994059 0.4201286 0.4523275 0.4342689 0.4137357 0.4354593 0.4414402 0.4390421 0.4360553 0.4396409 0.4195452 0.4148940 0.3994059 0.4207125 0.3136595 0.3870182 0.4480748 0.4652324 0.4468641 0.4553800 0.4384438 0.4366517 0.4336743 0.4808906 0.4584450 
taxon_14   0.3006070 0.3091156 0.3192509 0.2931787 0.2872886 0.2751642 0.3207830 0.2775735 0.2585127 0.2961412 0.2785393 0.2045130 0.2641803 0.0000000 0.2514880 0.2482322 0.3633812 0.3269432 0.3633812 0.3797933 0.4259880 0.3982712 0.3982712 0.4218816 0.4354593 0.3920612 0.4137357 0.4486808 0.4277548 0.4096957 0.4330803 0.4396409 0.4342689 0.4277548 0.4372486 0.4183797 0.4056773 0.3864600 0.4289350 0.3182311 0.3988383 0.4444487 0.4609060 0.4474692 0.4627571 0.4402402 0.4372486 0.4242254 0.4739607 0.4444487 
taxon_15   0.2986189 0.3081095 0.3061015 0.2887568 0.2718042 0.2713254 0.3151803 0.2708470 0.2445285 0.2732424 0.2618136 0.1936464 0.2524208 0.2514880 0.0000000 0.2235799 0.3515700 0.3192509 0.3574523 0.3677228 0.4177976 0.3898157 0.4039617 0.4137357 0.4307087 0.3931865 0.4131572 0.4492874 0.4236388 0.4016803 0.4242254 0.4295258 0.4277548 0.4236388 0.4324867 0.4022500 0.4166348 0.3931865 0.4289350 0.3131533 0.3971383 0.4432438 0.4677158 0.4432438 0.4553800 0.4354593 0.4348639 0.4218816 0.4727075 0.4450518 
taxon_16   0.2966361 0.3021015 0.3061015 0.2853355 0.2829012 0.2732424 0.3172128 0.2742027 0.2538223 0.2863114 0.2766088 0.2023270 0.2514880 0.2482322 0.2235799 0.0000000 0.3596029 0.3177218 0.3505054 0.3693574 0.4313009 0.4033907 0.4033907 0.4183797 0.4366517 0.4028202 0.4091203 0.4523275 0.4242254 0.4096957 0.4313009 0.4342689 0.4444487 0.4396409 0.4426421 0.4212968 0.4148940 0.3988383 0.4342689 0.3182311 0.3886954 0.4378460 0.4505020 0.4324867 0.4432438 0.4324867 0.4283447 0.4212968 0.4664731 0.4456554 
taxon_17   0.3116366 0.3499736 0.3639225 0.3436222 0.3243703 0.3290079 0.3715424 0.3264279 0.3336744 0.3521028 0.3373240 0.2684592 0.3601415 0.3633812 0.3515700 0.3596029 0.0000000 0.3035990 0.3425688 0.3531697 0.4342689 0.4091203 0.4160541 0.4348639 0.4468641 0.4125792 0.4259880 0.4695838 0.4348639 0.4236388 0.4402402 0.4517185 0.4523275 0.4480748 0.4517185 0.4295258 0.4307087 0.4189622 0.4517185 0.3310783 0.4073968 0.4609060 0.4714565 0.4529370 0.4590595 0.4480748 0.4366517 0.4426421 0.4859710 0.4615226 
taxon_18   0.2746833 0.3040988 0.3212945 0.3091156 0.3026003 0.2921938 0.3441494 0.2941649 0.2892469 0.3243703 0.3006070 0.2335258 0.3131533 0.3269432 0.3192509 0.3177218 0.3035990 0.0000000 0.1443799 0.1607205 0.4005422 0.3704491 0.3775841 0.4011111 0.4137357 0.3748318 0.3982712 0.4330803 0.4033907 0.3881359 0.4022500 0.4085454 0.4056773 0.4091203 0.3982712 0.3859021 0.3847877 0.3660917 0.3931865 0.2843608 0.3726372 0.4218816 0.4390421 0.4143146 0.4271654 0.4143146 0.3988383 0.3999738 0.4360553 0.4207125 
taxon_19   0.3106272 0.3452050 0.3547728 0.3425688 0.3352363 0.3305602 0.3831192 0.3331544 0.3310783 0.3590647 0.3347153 0.2660790 0.3425688 0.3633812 0.3574523 0.3505054 0.3425688 0.1443799 0.0000000 0.1459981 0.4360553 0.4148940 0.4207125 0.4396409 0.4566045 0.4154738 0.4390421 0.4796258 0.4414402 0.4271654 0.4348639 0.4438460 0.4541575 0.4480748 0.4444487 0.4212968 0.4189622 0.4051050 0.4348639 0.3202720 0.4102715 0.4658525 0.4796258 0.4505020 0.4702075 0.4572175 0.4444487 0.4414402 0.4815237 0.4615226 
taxon_20   0.3295250 0.3596029 0.3699030 0.3655489 0.3489113 0.3441494 0.3954421 0.3452050 0.3457334 0.3831192 0.3574523 0.2858233 0.3660917 0.3797933 0.3677228 0.3693574 0.3531697 0.1607205 0.1459981 0.0000000 0.4566045 0.4254000 0.4378460 0.4572175 0.4727075 0.4307087 0.4646128 0.4923704 0.4677158 0.4474692 0.4474692 0.4547685 0.4596745 0.4633752 0.4584450 0.4330803 0.4330803 0.4125792 0.4535470 0.3347153 0.4068232 0.4708317 0.4815237 0.4633752 0.4720817 0.4596745 0.4456554 0.4366517 0.4758443 0.4633752 
taxon_21   0.3106272 0.4230526 0.4360553 0.4033907 0.4022500 0.4108478 0.4318936 0.3943134 0.3960071 0.4254000 0.4096957 0.3430953 0.4254000 0.4259880 0.4177976 0.4313009 0.4342689 0.4005422 0.4360553 0.4566045 0.0000000 0.1872012 0.2267303 0.2413027 0.2660790 0.2231310 0.2519543 0.2912102 0.2689361 0.2473045 0.4242254 0.4295258 0.4259880 0.4259880 0.4348639 0.4114245 0.4016803 0.3847877 0.4313009 0.3101230 0.3886954 0.4420409 0.4480748 0.4420409 0.4523275 0.4289350 0.4230526 0.4224669 0.4652324 0.4372486 
taxon_22   0.2746833 0.4022500 0.4011111 0.3759315 0.3775841 0.3775841 0.4091203 0.3709955 0.3579894 0.4045331 0.3797933 0.3146730 0.4045331 0.3982712 0.3898157 0.4033907 0.4091203 0.3704491 0.4148940 0.4254000 0.1872012 0.0000000 0.1940780 0.2062664 0.2253785 0.1876292 0.2150952 0.2594543 0.2289886 0.2106678 0.3977046 0.3994059 0.3999738 0.3965725 0.4022500 0.3797933 0.3737337 0.3612198 0.3948776 0.2809595 0.3574523 0.4131572 0.4183797 0.4085454 0.4154738 0.3971383 0.3977046 0.3926236 0.4283447 0.4033907 
taxon_23   0.2780562 0.3960071 0.4096957 0.3814544 0.3831192 0.3847877 0.4154738 0.3737337 0.3688121 0.4056773 0.3797933 0.3156879 0.3994059 0.3982712 0.4039617 0.4033907 0.4160541 0.3775841 0.4207125 0.4378460 0.2267303 0.1940780 0.0000000 0.1549607 0.1665248 0.1279924 0.1919223 0.2353484 0.2027637 0.1837863 0.4022500 0.4068232 0.4154738 0.4056773 0.4079709 0.3797933 0.3770329 0.3563794 0.4068232 0.2882671 0.3553080 0.4195452 0.4348639 0.4195452 0.4254000 0.4120016 0.3965725 0.4056773 0.4462595 0.4125792 
taxon_24   0.3011048 0.4224669 0.4242254 0.4045331 0.3971383 0.4039617 0.4259880 0.3909376 0.3926236 0.4236388 0.4033907 0.3394175 0.4254000 0.4218816 0.4137357 0.4183797 0.4348639 0.4011111 0.4396409 0.4572175 0.2413027 0.2062664 0.1549607 0.0000000 0.1661087 0.1264126 0.2111093 0.2538223 0.2271814 0.2075841 0.4283447 0.4271654 0.4330803 0.4230526 0.4277548 0.4051050 0.3954421 0.3853447 0.4114245 0.3126474 0.3853447 0.4432438 0.4468641 0.4330803 0.4474692 0.4259880 0.4218816 0.4154738 0.4714565 0.4402402 
taxon_25   0.3161959 0.4402402 0.4438460 0.4096957 0.4160541 0.4137357 0.4372486 0.4033907 0.4033907 0.4342689 0.4137357 0.3494423 0.4414402 0.4354593 0.4307087 0.4366517 0.4468641 0.4137357 0.4566045 0.4727075 0.2660790 0.2253785 0.1665248 0.1661087 0.0000000 0.0883373 0.2321618 0.2703688 0.2468412 0.2258288 0.4420409 0.4517185 0.4535470 0.4492874 0.4523275 0.4248125 0.4160541 0.3960071 0.4414402 0.3248842 0.4039617 0.4677158 0.4815237 0.4547685 0.4733338 0.4523275 0.4517185 0.4444487 0.4872465 0.4584450 
taxon_26   0.2756454 0.4062500 0.4051050 0.3737337 0.3775841 0.3775841 0.4045331 0.3628403 0.3633812 0.4068232 0.3814544 0.3172128 0.3994059 0.3920612 0.3931865 0.4028202 0.4125792 0.3748318 0.4154738 0.4307087 0.2231310 0.1876292 0.1279924 0.1264126 0.0883373 0.0000000 0.1902021 0.2317077 0.2053892 0.1842123 0.4033907 0.4068232 0.4120016 0.4073968 0.4091203 0.3853447 0.3792404 0.3596029 0.4028202 0.2848480 0.3639225 0.4242254 0.4384438 0.4160541 0.4289350 0.4091203 0.4085454 0.4016803 0.4474692 0.4148940 
taxon_27   0.2897372 0.4114245 0.4242254 0.3870182 0.3960071 0.3881359 0.4248125 0.3914992 0.3820089 0.4183797 0.3994059 0.3284912 0.4201286 0.4137357 0.4131572 0.4091203 0.4259880 0.3982712 0.4390421 0.4646128 0.2519543 0.2150952 0.1919223 0.2111093 0.2321618 0.1902021 0.0000000 0.2321618 0.2093446 0.1914918 0.4218816 0.4224669 0.4283447 0.4177976 0.4254000 0.4005422 0.3886954 0.3775841 0.4028202 0.3001095 0.3759315 0.4283447 0.4330803 0.4248125 0.4330803 0.4143146 0.4137357 0.4022500 0.4498944 0.4230526 
taxon_28   0.3290079 0.4486808 0.4596745 0.4301170 0.4318936 0.4313009 0.4652324 0.4259880 0.4079709 0.4450518 0.4307087 0.3574523 0.4523275 0.4486808 0.4492874 0.4523275 0.4695838 0.4330803 0.4796258 0.4923704 0.2912102 0.2594543 0.2353484 0.2538223 0.2703688 0.2317077 0.2321618 0.0000000 0.1945099 0.1732138 0.4720817 0.4677158 0.4695838 0.4615226 0.4664731 0.4414402 0.4242254 0.4183797 0.4553800 0.3404665 0.4085454 0.4621396 0.4627571 0.4658525 0.4695838 0.4553800 0.4468641 0.4444487 0.4764732 0.4486808 
taxon_29   0.2996123 0.4330803 0.4372486 0.4137357 0.4125792 0.4096957 0.4438460 0.4022500 0.3920612 0.4289350 0.4143146 0.3425688 0.4342689 0.4277548 0.4236388 0.4242254 0.4348639 0.4033907 0.4414402 0.4677158 0.2689361 0.2289886 0.2027637 0.2271814 0.2468412 0.2053892 0.2093446 0.1945099 0.0000000 0.0771708 0.4396409 0.4444487 0.4390421 0.4301170 0.4384438 0.4177976 0.4045331 0.3909376 0.4189622 0.3121418 0.3943134 0.4498944 0.4578310 0.4396409 0.4535470 0.4336743 0.4342689 0.4354593 0.4733338 0.4438460 
taxon_30   0.2872886 0.4148940 0.4236388 0.3988383 0.4011111 0.3937497 0.4283447 0.3864600 0.3786879 0.4137357 0.3965725 0.3284912 0.4137357 0.4096957 0.4016803 0.4096957 0.4236388 0.3881359 0.4271654 0.4474692 0.2473045 0.2106678 0.1837863 0.2075841 0.2258288 0.1842123 0.1914918 0.1732138 0.0771708 0.0000000 0.4201286 0.4236388 0.4212968 0.4143146 0.4160541 0.3954421 0.3853447 0.3742826 0.4033907 0.2951524 0.3742826 0.4242254 0.4277548 0.4143146 0.4271654 0.4108478 0.4137357 0.4137357 0.4559920 0.4236388 
taxon_31   0.3146730 0.4301170 0.4324867 0.4218816 0.4120016 0.4051050 0.4578310 0.4131572 0.3999738 0.4498944 0.4230526 0.3542381 0.4354593 0.4330803 0.4242254 0.4313009 0.4402402 0.4022500 0.4348639 0.4474692 0.4242254 0.3977046 0.4022500 0.4283447 0.4420409 0.4033907 0.4218816 0.4720817 0.4396409 0.4201286 0.0000000 0.2538223 0.2618136 0.2585127 0.2651290 0.2403835 0.2344366 0.2258288 0.2951524 0.1854918 0.3671787 0.4230526 0.4366517 0.4230526 0.4224669 0.4207125 0.4039617 0.4022500 0.4348639 0.4177976 
taxon_32   0.3192509 0.4324867 0.4450518 0.4224669 0.4295258 0.4177976 0.4627571 0.4207125 0.3971383 0.4541575 0.4289350 0.3612198 0.4414402 0.4396409 0.4295258 0.4342689 0.4517185 0.4085454 0.4438460 0.4547685 0.4295258 0.3994059 0.4068232 0.4271654 0.4517185 0.4068232 0.4224669 0.4677158 0.4444487 0.4236388 0.2538223 0.0000000 0.1545510 0.1480256 0.1632025 0.1415566 0.2380907 0.2285364 0.2951524 0.1902021 0.3666350 0.4172160 0.4313009 0.4172160 0.4125792 0.4096957 0.4011111 0.4005422 0.4324867 0.4137357 
taxon_33   0.3177218 0.4444487 0.4505020 0.4271654 0.4207125 0.4108478 0.4511100 0.4137357 0.3954421 0.4535470 0.4183797 0.3606805 0.4390421 0.4342689 0.4277548 0.4444487 0.4523275 0.4056773 0.4541575 0.4596745 0.4259880 0.3999738 0.4154738 0.4330803 0.4535470 0.4120016 0.4283447 0.4695838 0.4390421 0.4212968 0.2618136 0.1545510 0.0000000 0.0868388 0.1644467 0.1423622 0.2417626 0.2362614 0.3026003 0.1919223 0.3809003 0.4289350 0.4396409 0.4242254 0.4207125 0.4154738 0.4079709 0.4085454 0.4396409 0.4218816 
taxon_34   0.3151803 0.4420409 0.4511100 0.4295258 0.4207125 0.4137357 0.4541575 0.4131572 0.3937497 0.4523275 0.4160541 0.3563794 0.4360553 0.4277548 0.4236388 0.4396409 0.4480748 0.4091203 0.4480748 0.4633752 0.4259880 0.3965725 0.4056773 0.4230526 0.4492874 0.4073968 0.4177976 0.4615226 0.4301170 0.4143146 0.2585127 0.1480256 0.0868388 0.0000000 0.1594825 0.1423622 0.2335258 0.2267303 0.2986189 0.1923529 0.3753815 0.4242254 0.4360553 0.4160541 0.4102715 0.4096957 0.4028202 0.4051050 0.4384438 0.4177976 
taxon_35   0.3146730 0.4324867 0.4390421 0.4172160 0.4230526 0.4166348 0.4559920 0.4148940 0.4016803 0.4559920 0.4201286 0.3590647 0.4396409 0.4372486 0.4324867 0.4426421 0.4517185 0.3982712 0.4444487 0.4584450 0.4348639 0.4022500 0.4079709 0.4277548 0.4523275 0.4091203 0.4254000 0.4664731 0.4384438 0.4160541 0.2651290 0.1632025 0.1644467 0.1594825 0.0000000 0.1319565 0.2390070 0.2249285 0.2917018 0.1902021 0.3650064 0.4259880 0.4372486 0.4160541 0.4125792 0.4154738 0.4033907 0.3999738 0.4348639 0.4177976 
taxon_36   0.2882671 0.4201286 0.4277548 0.4039617 0.4005422 0.3886954 0.4313009 0.3859021 0.3803466 0.4342689 0.4005422 0.3409915 0.4195452 0.4183797 0.4022500 0.4212968 0.4295258 0.3859021 0.4212968 0.4330803 0.4114245 0.3797933 0.3797933 0.4051050 0.4248125 0.3853447 0.4005422 0.4414402 0.4177976 0.3954421 0.2403835 0.1415566 0.1423622 0.1423622 0.1319565 0.0000000 0.2084638 0.2023270 0.2713254 0.1644467 0.3467912 0.3999738 0.4108478 0.3960071 0.3960071 0.3886954 0.3842311 0.3803466 0.4102715 0.3937497 
taxon_37   0.2877777 0.4143146 0.4131572 0.3982712 0.4079709 0.3864600 0.4342689 0.3898157 0.3742826 0.4160541 0.4039617 0.3326349 0.4148940 0.4056773 0.4166348 0.4148940 0.4307087 0.3847877 0.4189622 0.4330803 0.4016803 0.3737337 0.3770329 0.3954421 0.4160541 0.3792404 0.3886954 0.4242254 0.4045331 0.3853447 0.2344366 0.2380907 0.2417626 0.2335258 0.2390070 0.2084638 0.0000000 0.1632025 0.2751642 0.1681915 0.3441494 0.3937497 0.4073968 0.3881359 0.3870182 0.3875769 0.3775841 0.3781358 0.4085454 0.3847877 
taxon_38   0.2775735 0.3847877 0.3977046 0.3753815 0.3809003 0.3709955 0.4189622 0.3693574 0.3596029 0.4051050 0.3847877 0.3182311 0.3994059 0.3864600 0.3931865 0.3988383 0.4189622 0.3660917 0.4051050 0.4125792 0.3847877 0.3612198 0.3563794 0.3853447 0.3960071 0.3596029 0.3775841 0.4183797 0.3909376 0.3742826 0.2258288 0.2285364 0.2362614 0.2267303 0.2249285 0.2023270 0.1632025 0.0000000 0.2689361 0.1566018 0.3279749 0.3797933 0.3965725 0.3753815 0.3737337 0.3677228 0.3612198 0.3542381 0.3920612 0.3726372 
taxon_39   0.3006070 0.4248125 0.4336743 0.4177976 0.4085454 0.4011111 0.4444487 0.4045331 0.4022500 0.4426421 0.4212968 0.3547728 0.4207125 0.4289350 0.4289350 0.4342689 0.4517185 0.3931865 0.4348639 0.4535470 0.4313009 0.3948776 0.4068232 0.4114245 0.4414402 0.4028202 0.4028202 0.4553800 0.4189622 0.4033907 0.2951524 0.2951524 0.3026003 0.2986189 0.2917018 0.2713254 0.2751642 0.2689361 0.0000000 0.1525057 0.3489113 0.3994059 0.4201286 0.4056773 0.3982712 0.3914992 0.3847877 0.3836750 0.4177976 0.3999738 
taxon_40   0.1897726 0.3131533 0.3218062 0.3045990 0.2976268 0.2892469 0.3243703 0.2848480 0.2795065 0.3253984 0.3040988 0.2353484 0.3136595 0.3182311 0.3131533 0.3182311 0.3310783 0.2843608 0.3202720 0.3347153 0.3101230 0.2809595 0.2882671 0.3126474 0.3248842 0.2848480 0.3001095 0.3404665 0.3121418 0.2951524 0.1854918 0.1902021 0.1919223 0.1923529 0.1902021 0.1644467 0.1681915 0.1566018 0.1525057 0.0000000 0.2431443 0.2926861 0.3056003 0.2917018 0.2936716 0.2829012 0.2770910 0.2775735 0.3116366 0.2931787 
taxon_41   0.2641803 0.3864600 0.3999738 0.3775841 0.3875769 0.3699030 0.4166348 0.3726372 0.3547728 0.4011111 0.3770329 0.3096191 0.3870182 0.3988383 0.3971383 0.3886954 0.4073968 0.3726372 0.4102715 0.4068232 0.3886954 0.3574523 0.3553080 0.3853447 0.4039617 0.3639225 0.3759315 0.4085454 0.3943134 0.3742826 0.3671787 0.3666350 0.3809003 0.3753815 0.3650064 0.3467912 0.3441494 0.3279749 0.3489113 0.2431443 0.0000000 0.2971313 0.3011048 0.2926861 0.2872886 0.2809595 0.2694134 0.2766088 0.3182311 0.2936716 
taxon_42   0.3131533 0.4259880 0.4444487 0.4207125 0.4313009 0.4236388 0.4621396 0.4183797 0.4131572 0.4523275 0.4348639 0.3660917 0.4480748 0.4444487 0.4432438 0.4378460 0.4609060 0.4218816 0.4658525 0.4708317 0.4420409 0.4131572 0.4195452 0.4432438 0.4677158 0.4242254 0.4283447 0.4621396 0.4498944 0.4242254 0.4230526 0.4172160 0.4289350 0.4242254 0.4259880 0.3999738 0.3937497 0.3797933 0.3994059 0.2926861 0.2971313 0.0000000 0.2115512 0.2159838 0.2124356 0.2049510 0.2440668 0.2552263 0.2936716 0.2751642 
taxon_43   0.3279749 0.4313009 0.4547685 0.4330803 0.4486808 0.4354593 0.4720817 0.4354593 0.4242254 0.4702075 0.4438460 0.3731853 0.4652324 0.4609060 0.4677158 0.4505020 0.4714565 0.4390421 0.4796258 0.4815237 0.4480748 0.4183797 0.4348639 0.4468641 0.4815237 0.4384438 0.4330803 0.4627571 0.4578310 0.4277548 0.4366517 0.4313009 0.4396409 0.4360553 0.4372486 0.4108478 0.4073968 0.3965725 0.4201286 0.3056003 0.3011048 0.2115512 0.0000000 0.2222338 0.2173187 0.2111093 0.2468412 0.2566330 0.2809595 0.2675062 
taxon_44   0.3081095 0.4318936 0.4547685 0.4195452 0.4307087 0.4283447 0.4677158 0.4230526 0.4091203 0.4480748 0.4295258 0.3574523 0.4468641 0.4474692 0.4432438 0.4324867 0.4529370 0.4143146 0.4505020 0.4633752 0.4420409 0.4085454 0.4195452 0.4330803 0.4547685 0.4160541 0.4248125 0.4658525 0.4396409 0.4143146 0.4230526 0.4172160 0.4242254 0.4160541 0.4160541 0.3960071 0.3881359 0.3753815 0.4056773 0.2917018 0.2926861 0.2159838 0.2222338 0.0000000 0.2040753 0.1958072 0.2348924 0.2524208 0.2877777 0.2718042 
taxon_45   0.3177218 0.4378460 0.4529370 0.4301170 0.4318936 0.4277548 0.4621396 0.4212968 0.4062500 0.4529370 0.4342689 0.3666350 0.4553800 0.4627571 0.4553800 0.4432438 0.4590595 0.4271654 0.4702075 0.4720817 0.4523275 0.4154738 0.4254000 0.4474692 0.4733338 0.4289350 0.4330803 0.4695838 0.4535470 0.4271654 0.4224669 0.4125792 0.4207125 0.4102715 0.4125792 0.3960071 0.3870182 0.3737337 0.3982712 0.2936716 0.2872886 0.2124356 0.2173187 0.2040753 0.0000000 0.1627883 0.2339811 0.2454527 0.2775735 0.2627594 
taxon_46   0.3030995 0.4236388 0.4414402 0.4085454 0.4131572 0.4108478 0.4511100 0.4073968 0.4033907 0.4535470 0.4248125 0.3553080 0.4384438 0.4402402 0.4354593 0.4324867 0.4480748 0.4143146 0.4572175 0.4596745 0.4289350 0.3971383 0.4120016 0.4259880 0.4523275 0.4091203 0.4143146 0.4553800 0.4336743 0.4108478 0.4207125 0.4096957 0.4154738 0.4096957 0.4154738 0.3886954 0.3875769 0.3677228 0.3914992 0.2829012 0.2809595 0.2049510 0.2111093 0.1958072 0.1627883 0.0000000 0.2262794 0.2367183 0.2746833 0.2552263 
taxon_47   0.2986189 0.4189622 0.4384438 0.4160541 0.4137357 0.4108478 0.4420409 0.4091203 0.4028202 0.4396409 0.4154738 0.3483807 0.4366517 0.4372486 0.4348639 0.4283447 0.4366517 0.3988383 0.4444487 0.4456554 0.4230526 0.3977046 0.3965725 0.4218816 0.4517185 0.4085454 0.4137357 0.4468641 0.4342689 0.4137357 0.4039617 0.4011111 0.4079709 0.4028202 0.4033907 0.3842311 0.3775841 0.3612198 0.3847877 0.2770910 0.2694134 0.2440668 0.2468412 0.2348924 0.2339811 0.2262794 0.0000000 0.1914918 0.2249285 0.2049510 
taxon_48   0.2986189 0.4172160 0.4236388 0.4096957 0.4051050 0.4062500 0.4307087 0.3965725 0.3886954 0.4408400 0.4091203 0.3446770 0.4336743 0.4242254 0.4218816 0.4212968 0.4426421 0.3999738 0.4414402 0.4366517 0.4224669 0.3926236 0.4056773 0.4154738 0.4444487 0.4016803 0.4022500 0.4444487 0.4354593 0.4137357 0.4022500 0.4005422 0.4085454 0.4051050 0.3999738 0.3803466 0.3781358 0.3542381 0.3836750 0.2775735 0.2766088 0.2552263 0.2566330 0.2524208 0.2454527 0.2367183 0.1914918 0.0000000 0.1549607 0.1331498 
taxon_49   0.3394175 0.4633752 0.4752159 0.4486808 0.4498944 0.4486808 0.4764732 0.4378460 0.4336743 0.4771027 0.4584450 0.3870182 0.4808906 0.4739607 0.4727075 0.4664731 0.4859710 0.4360553 0.4815237 0.4758443 0.4652324 0.4283447 0.4462595 0.4714565 0.4872465 0.4474692 0.4498944 0.4764732 0.4733338 0.4559920 0.4348639 0.4324867 0.4396409 0.4384438 0.4348639 0.4102715 0.4085454 0.3920612 0.4177976 0.3116366 0.3182311 0.2936716 0.2809595 0.2877777 0.2775735 0.2746833 0.2249285 0.1549607 0.0000000 0.1065568 
taxon_50   0.3091156 0.4432438 0.4505020 0.4265765 0.4224669 0.4207125 0.4432438 0.4079709 0.4143146 0.4578310 0.4307087 0.3617596 0.4584450 0.4444487 0.4450518 0.4456554 0.4615226 0.4207125 0.4615226 0.4633752 0.4372486 0.4033907 0.4125792 0.4402402 0.4584450 0.4148940 0.4230526 0.4486808 0.4438460 0.4236388 0.4177976 0.4137357 0.4218816 0.4177976 0.4177976 0.3937497 0.3847877 0.3726372 0.3999738 0.2931787 0.2936716 0.2751642 0.2675062 0.2718042 0.2627594 0.2552263 0.2049510 0.1331498 0.1065568 0.0000000 
