30
taxon_1    0.0000000 1.9953166 1.4430280 1.0394769 0.5695172 2.3011617 2.5769552 2.3784358 2.3011617 2.2907448 2.3668971 2.5769552 2.9651420 3.2756239 2.4264518 2.2504667 2.4389517 2.4389517 2.4389517 2.6078872 2.2907448 2.6238455 3.2756239 2.7274582 2.0762775 2.2804707 2.2907448 2.7462092 3.8149649 2.9401397 
taxon_2    1.9953166 0.0000000 1.2144314 1.7580628 1.7479618 2.8054505 3.0455762 2.8054505 3.6716745 3.2023947 3.0177952 3.3151067 2.5328248 4.5638625 2.4020597 3.8149649 3.4978233 3.4478040 2.5769552 2.8262852 2.7274582 9.0000000 3.4009143 3.8983851 2.5922619 2.6913067 2.7462092 4.3753767 9.0000000 4.0995831 
taxon_3    1.4430280 1.2144314 0.0000000 0.8993300 1.0355858 2.8925046 2.6738640 3.2756239 2.3224397 2.3117252 2.8925046 2.6913067 3.8983851 2.5769552 2.7274582 2.8697756 3.1356844 3.9922575 3.9922575 3.3151067 2.8925046 3.3567840 2.7654410 2.7654410 2.7462092 6.0226461 2.9910067 2.7274582 2.9159440 2.4389517 
taxon_4    1.0394769 1.7580628 0.8993300 0.0000000 0.6878276 2.8925046 2.7851790 2.8477152 2.1244223 2.2407263 2.0310376 2.5619547 2.3011617 2.3443390 2.2122413 1.9679163 2.1847995 2.6913067 3.3567840 2.8477152 2.4777543 2.3224397 2.4777543 2.5328248 2.6568179 2.6401505 2.4389517 2.5186735 2.8054505 2.3784358 
taxon_5    0.5695172 1.7479618 1.0355858 0.6878276 0.0000000 2.1670473 2.0383906 2.1080282 2.0165444 2.1161805 1.8732530 2.4645960 2.1161805 2.0685455 2.0237560 1.9814913 2.3784358 2.4389517 2.3443390 2.2703354 1.9883721 3.0177952 2.7274582 2.7654410 1.9034991 2.4020597 2.3443390 2.2122413 3.1044299 2.5619547 
taxon_6    2.3011617 2.8054505 2.8925046 2.8925046 2.1670473 0.0000000 2.0023260 1.9883721 2.0762775 1.9883721 2.5769552 2.4645960 2.2603353 2.5328248 2.4264518 1.9814913 2.8925046 2.3333094 2.5047842 2.1758709 2.2907448 9.0000000 3.2381161 3.7399032 2.4777543 2.8054505 2.7091647 3.1682983 2.9401397 9.0000000 
taxon_7    2.5769552 3.0455762 2.6738640 2.7851790 2.0383906 2.0023260 0.0000000 1.6449971 1.4463762 1.4633452 1.7429618 2.1497056 2.0762775 1.9814913 1.7631648 1.4199998 2.8925046 2.6401505 2.3555333 3.3567840 2.6568179 9.0000000 9.0000000 9.0000000 2.2122413 2.5922619 2.2703354 6.0226461 2.9651420 3.6091383 
taxon_8    2.3784358 2.8054505 3.2756239 2.8477152 2.1080282 1.9883721 1.6449971 0.0000000 1.3882826 1.2369331 1.6449971 2.1244223 1.8217060 1.9159475 1.6363014 1.2733354 3.1044299 2.6238455 2.9910067 2.4911475 2.7091647 9.0000000 9.0000000 3.8149649 3.2756239 4.3753767 4.3753767 4.8162140 3.3151067 2.9401397 
taxon_9    2.3011617 3.6716745 2.3224397 2.1244223 2.0165444 2.0762775 1.4463762 1.3882826 0.0000000 0.6485953 1.1417183 1.5701429 1.5661956 1.3314826 1.3228947 0.7279373 2.7091647 2.8697756 2.6738640 3.4009143 2.8697756 2.2907448 2.0762775 2.9651420 3.3567840 4.5638625 3.2756239 2.6738640 2.7654410 2.9159440 
taxon_10   2.2907448 3.2023947 2.3117252 2.2407263 2.1161805 1.9883721 1.4633452 1.2369331 0.6485953 0.0000000 1.0297869 1.6234440 1.3608406 1.2445862 1.2070784 0.6336866 2.6238455 4.2248707 2.7851790 3.2756239 2.8697756 3.1044299 2.7654410 2.7462092 2.7851790 3.7399032 2.7851790 2.7462092 2.7851790 2.4020597 
taxon_11   2.3668971 3.0177952 2.8925046 2.0310376 1.8732530 2.5769552 1.7429618 1.6449971 1.1417183 1.0297869 0.0000000 1.0754359 1.0033024 0.7952467 0.8094651 1.0070291 2.6401505 2.7851790 3.0177952 3.7399032 2.5922619 3.7399032 2.5186735 3.0177952 2.8925046 2.7462092 2.9401397 3.0744259 2.7274582 2.3901548 
taxon_12   2.5769552 3.3151067 2.6913067 2.5619547 2.4645960 2.4645960 2.1497056 2.1244223 1.5701429 1.6234440 1.0754359 0.0000000 1.4702418 1.2497321 1.3286090 1.5203798 2.1758709 3.3567840 3.0455762 3.6716745 4.5638625 2.7851790 3.1682983 2.6913067 3.3567840 3.6716745 9.0000000 4.5638625 2.7274582 2.3901548 
taxon_13   2.9651420 2.5328248 3.8983851 2.3011617 2.1161805 2.2603353 2.0762775 1.8217060 1.5661956 1.3608406 1.0033024 1.4702418 0.0000000 1.2218572 1.0572409 1.3820970 9.0000000 2.2603353 2.5186735 2.2029820 2.2311108 3.8149649 9.0000000 2.7091647 2.6078872 2.8262852 2.5047842 4.2248707 3.1682983 3.1356844 
taxon_14   3.2756239 4.5638625 2.5769552 2.3443390 2.0685455 2.5328248 1.9814913 1.9159475 1.3314826 1.2445862 0.7952467 1.2497321 1.2218572 0.0000000 0.8707551 1.2627532 2.4911475 3.0455762 9.0000000 2.9910067 3.2381161 4.2248707 3.2023947 3.4478040 2.8054505 9.0000000 9.0000000 2.8697756 3.0455762 2.2907448 
taxon_15   2.4264518 2.4020597 2.7274582 2.2122413 2.0237560 2.4264518 1.7631648 1.6363014 1.3228947 1.2070784 0.8094651 1.3286090 1.0572409 0.8707551 0.0000000 1.1854423 2.9159440 2.2907448 2.1847995 2.8477152 2.9159440 9.0000000 3.3567840 4.8162140 2.4516647 2.6913067 2.7274582 9.0000000 3.8149649 3.1682983 
taxon_16   2.2504667 3.8149649 2.8697756 1.9679163 1.9814913 1.9814913 1.4199998 1.2733354 0.7279373 0.6336866 1.0070291 1.5203798 1.3820970 1.2627532 1.1854423 0.0000000 2.6401505 3.4478040 2.6913067 3.8983851 2.9401397 2.7654410 2.4645960 2.4645960 2.9651420 9.0000000 3.0177952 2.7274582 2.4264518 2.4264518 
taxon_17   2.4389517 3.4978233 3.1356844 2.1847995 2.3784358 2.8925046 2.8925046 3.1044299 2.7091647 2.6238455 2.6401505 2.1758709 9.0000000 2.4911475 2.9159440 2.6401505 0.0000000 1.7580628 1.1621123 2.0533165 1.9883721 2.5769552 2.0383906 2.1583263 3.1682983 2.8925046 2.8262852 2.5472478 3.3151067 2.3333094 
taxon_18   2.4389517 3.4478040 3.9922575 2.6913067 2.4389517 2.3333094 2.6401505 2.6238455 2.8697756 4.2248707 2.7851790 3.3567840 2.2603353 3.0455762 2.2907448 3.4478040 1.7580628 0.0000000 0.9025732 2.0237560 2.0999637 2.5922619 2.5186735 3.2381161 2.3668971 2.5619547 2.7091647 9.0000000 9.0000000 2.9401397 
taxon_19   2.4389517 2.5769552 3.9922575 3.3567840 2.3443390 2.5047842 2.3555333 2.9910067 2.6738640 2.7851790 3.0177952 3.0455762 2.5186735 9.0000000 2.1847995 2.6913067 1.1621123 0.9025732 0.0000000 1.5583626 1.6149932 2.0023260 1.8328586 3.0744259 1.8973515 2.5328248 2.2603353 2.7091647 3.1682983 2.7851790 
taxon_20   2.6078872 2.8262852 3.3151067 2.8477152 2.2703354 2.1758709 3.3567840 2.4911475 3.4009143 3.2756239 3.7399032 3.6716745 2.2029820 2.9910067 2.8477152 3.8983851 2.0533165 2.0237560 1.5583626 0.0000000 0.7568122 2.0608923 2.2907448 3.5514175 3.3567840 2.5619547 2.6568179 2.9651420 3.5514175 2.9651420 
taxon_21   2.2907448 2.7274582 2.8925046 2.4777543 1.9883721 2.2907448 2.6568179 2.7091647 2.8697756 2.8697756 2.5922619 4.5638625 2.2311108 3.2381161 2.9159440 2.9401397 1.9883721 2.0999637 1.6149932 0.7568122 0.0000000 2.3117252 2.0840901 2.5047842 2.7654410 2.9401397 2.8477152 2.9159440 3.4978233 3.3151067 
taxon_22   2.6238455 9.0000000 3.3567840 2.3224397 3.0177952 9.0000000 9.0000000 9.0000000 2.2907448 3.1044299 3.7399032 2.7851790 3.8149649 4.2248707 9.0000000 2.7654410 2.5769552 2.5922619 2.0023260 2.0608923 2.3117252 0.0000000 1.7786835 2.2804707 3.3151067 3.1356844 3.0177952 3.1356844 3.4978233 2.9159440 
taxon_23   3.2756239 3.4009143 2.7654410 2.4777543 2.7274582 3.2381161 9.0000000 9.0000000 2.0762775 2.7654410 2.5186735 3.1682983 9.0000000 3.2023947 3.3567840 2.4645960 2.0383906 2.5186735 1.8328586 2.2907448 2.0840901 1.7786835 0.0000000 3.1356844 3.4009143 9.0000000 9.0000000 2.8925046 2.1847995 2.8477152 
taxon_24   2.7274582 3.8983851 2.7654410 2.5328248 2.7654410 3.7399032 9.0000000 3.8149649 2.9651420 2.7462092 3.0177952 2.6913067 2.7091647 3.4478040 4.8162140 2.4645960 2.1583263 3.2381161 3.0744259 3.5514175 2.5047842 2.2804707 3.1356844 0.0000000 2.6238455 3.6716745 2.4516647 2.0023260 2.3443390 2.2407263 
taxon_25   2.0762775 2.5922619 2.7462092 2.6568179 1.9034991 2.4777543 2.2122413 3.2756239 3.3567840 2.7851790 2.8925046 3.3567840 2.6078872 2.8054505 2.4516647 2.9651420 3.1682983 2.3668971 1.8973515 3.3567840 2.7654410 3.3151067 3.4009143 2.6238455 0.0000000 1.4807071 1.1598187 2.2907448 3.2756239 2.3443390 
taxon_26   2.2804707 2.6913067 6.0226461 2.6401505 2.4020597 2.8054505 2.5922619 4.3753767 4.5638625 3.7399032 2.7462092 3.6716745 2.8262852 9.0000000 2.6913067 9.0000000 2.8925046 2.5619547 2.5328248 2.5619547 2.9401397 3.1356844 9.0000000 3.6716745 1.4807071 0.0000000 0.7868433 2.2703354 2.9401397 2.6401505 
taxon_27   2.2907448 2.7462092 2.9910067 2.4389517 2.3443390 2.7091647 2.2703354 4.3753767 3.2756239 2.7851790 2.9401397 9.0000000 2.5047842 9.0000000 2.7274582 3.0177952 2.8262852 2.7091647 2.2603353 2.6568179 2.8477152 3.0177952 9.0000000 2.4516647 1.1598187 0.7868433 0.0000000 2.4141567 3.0455762 2.2407263 
taxon_28   2.7462092 4.3753767 2.7274582 2.5186735 2.2122413 3.1682983 6.0226461 4.8162140 2.6738640 2.7462092 3.0744259 4.5638625 4.2248707 2.8697756 9.0000000 2.7274582 2.5472478 9.0000000 2.7091647 2.9651420 2.9159440 3.1356844 2.8925046 2.0023260 2.2907448 2.2703354 2.4141567 0.0000000 1.9096974 1.5901976 
taxon_29   3.8149649 9.0000000 2.9159440 2.8054505 3.1044299 2.9401397 2.9651420 3.3151067 2.7654410 2.7851790 2.7274582 2.7274582 3.1682983 3.0455762 3.8149649 2.4264518 3.3151067 9.0000000 3.1682983 3.5514175 3.4978233 3.4978233 2.1847995 2.3443390 3.2756239 2.9401397 3.0455762 1.9096974 0.0000000 1.6066366 
taxon_30   2.9401397 4.0995831 2.4389517 2.3784358 2.5619547 9.0000000 3.6091383 2.9401397 2.9159440 2.4020597 2.3901548 2.3901548 3.1356844 2.2907448 3.1682983 2.4264518 2.3333094 2.9401397 2.7851790 2.9651420 3.3151067 2.9159440 2.8477152 2.2407263 2.3443390 2.6401505 2.2407263 1.5901976 1.6066366 0.0000000 
