RF=0.744681
WRF=0.028253
